,"(9, 2)","(10, 2)","(11, 2)","(12, 2)","(13, 2)","(14, 2)","(7, 3)","(8, 3)","(9, 3)","(10, 3)","(11, 3)","(12, 3)","(13, 3)","(14, 3)","(6, 4)","(7, 4)","(8, 4)","(9, 4)","(10, 4)","(11, 4)","(12, 4)","(13, 4)","(14, 4)","(6, 5)","(7, 5)","(8, 5)","(9, 5)","(10, 5)","(11, 5)","(12, 5)","(13, 5)","(14, 5)","(6, 6)","(7, 6)","(8, 6)","(9, 6)","(10, 6)","(11, 6)","(12, 6)","(13, 6)","(14, 6)","(5, 7)","(6, 7)","(7, 7)","(8, 7)","(9, 7)","(10, 7)","(11, 7)","(12, 7)","(13, 7)","(14, 7)","(5, 8)","(6, 8)","(7, 8)","(8, 8)","(9, 8)","(10, 8)","(11, 8)","(12, 8)","(13, 8)","(14, 8)","(5, 9)","(6, 9)","(7, 9)","(8, 9)","(9, 9)","(10, 9)","(11, 9)","(12, 9)","(13, 9)","(14, 9)","(4, 10)","(5, 10)","(6, 10)","(7, 10)","(8, 10)","(9, 10)","(10, 10)","(11, 10)","(12, 10)","(13, 10)","(14, 10)","(4, 11)","(5, 11)","(6, 11)","(7, 11)","(8, 11)","(9, 11)","(10, 11)","(11, 11)","(12, 11)","(13, 11)","(14, 11)","(2, 12)","(3, 12)","(4, 12)","(5, 12)","(6, 12)","(7, 12)","(8, 12)","(9, 12)","(10, 12)","(11, 12)","(12, 12)","(13, 12)","(14, 12)","(2, 13)","(3, 13)","(4, 13)","(5, 13)","(6, 13)","(7, 13)","(8, 13)","(9, 13)","(10, 13)","(11, 13)","(12, 13)","(13, 13)","(14, 13)","(4, 14)","(5, 14)","(6, 14)","(7, 14)","(8, 14)","(9, 14)","(10, 14)","(11, 14)","(12, 14)","(13, 14)","(14, 14)","(15, 14)","(4, 15)","(5, 15)","(6, 15)","(7, 15)","(8, 15)","(9, 15)","(10, 15)","(11, 15)","(12, 15)","(13, 15)","(14, 15)","(4, 16)","(5, 16)","(6, 16)","(7, 16)","(8, 16)","(9, 16)","(10, 16)","(11, 16)","(12, 16)","(13, 16)","(14, 16)","(4, 17)","(5, 17)","(6, 17)","(7, 17)","(8, 17)","(9, 17)","(10, 17)","(11, 17)","(12, 17)","(13, 17)","(14, 17)","(4, 18)","(5, 18)","(6, 18)","(7, 18)","(8, 18)","(9, 18)","(10, 18)","(11, 18)","(12, 18)","(13, 18)","(1, 19)","(2, 19)","(3, 19)","(4, 19)","(5, 19)","(6, 19)","(7, 19)","(8, 19)","(9, 19)","(10, 19)","(11, 19)","(12, 19)","(13, 19)","(2, 20)","(3, 20)","(4, 20)","(5, 20)","(6, 20)","(7, 20)","(8, 20)","(9, 20)","(10, 20)","(11, 20)","(6, 21)","(7, 21)","(8, 21)","(9, 21)","(10, 21)","(11, 21)","(12, 21)","(7, 22)","(8, 22)","(9, 22)","(10, 22)","(11, 22)","(12, 22)","(10, 23)","(11, 23)","(12, 23)","(10, 24)","(11, 24)","(12, 24)","(13, 24)","(12, 25)","(13, 25)",prop_total
2036-01-01,0.1,0.08888888888888889,0.14444444444444443,0.14444444444444443,0.13333333333333333,0.12222222222222222,0.18888888888888888,0.12222222222222222,0.0,0.011111111111111112,0.022222222222222223,0.044444444444444446,0.022222222222222223,0.022222222222222223,0.36666666666666664,0.12222222222222222,0.08888888888888889,0.03333333333333333,0.011111111111111112,0.044444444444444446,0.03333333333333333,0.044444444444444446,0.044444444444444446,0.5555555555555556,0.24444444444444444,0.18888888888888888,0.12222222222222222,0.1111111111111111,0.12222222222222222,0.05555555555555555,0.08888888888888889,0.07777777777777778,0.6777777777777778,0.36666666666666664,0.17777777777777778,0.16666666666666666,0.2,0.2222222222222222,0.15555555555555556,0.13333333333333333,0.1,0.14444444444444443,0.25555555555555554,0.17777777777777778,0.2111111111111111,0.2111111111111111,0.15555555555555556,0.2222222222222222,0.2222222222222222,0.12222222222222222,0.13333333333333333,0.14444444444444443,0.18888888888888888,0.17777777777777778,0.18888888888888888,0.2222222222222222,0.2222222222222222,0.24444444444444444,0.15555555555555556,0.14444444444444443,0.08888888888888889,0.15555555555555556,0.13333333333333333,0.16666666666666666,0.17777777777777778,0.25555555555555554,0.24444444444444444,0.24444444444444444,0.12222222222222222,0.07777777777777778,0.07777777777777778,0.12222222222222222,0.16666666666666666,0.13333333333333333,0.16666666666666666,0.16666666666666666,0.2,0.2222222222222222,0.16666666666666666,0.1,0.05555555555555555,0.022222222222222223,0.07777777777777778,0.14444444444444443,0.08888888888888889,0.07777777777777778,0.08888888888888889,0.15555555555555556,0.14444444444444443,0.1111111111111111,0.05555555555555555,0.011111111111111112,0.022222222222222223,0.022222222222222223,0.06666666666666667,0.08888888888888889,0.06666666666666667,0.06666666666666667,0.022222222222222223,0.03333333333333333,0.03333333333333333,0.044444444444444446,0.03333333333333333,0.0,0.011111111111111112,0.022222222222222223,0.1,0.12222222222222222,0.06666666666666667,0.044444444444444446,0.03333333333333333,0.022222222222222223,0.011111111111111112,0.022222222222222223,0.022222222222222223,0.011111111111111112,0.0,0.0,0.0,0.05555555555555555,0.011111111111111112,0.0,0.011111111111111112,0.0,0.0,0.011111111111111112,0.0,0.0,0.0,0.0,0.0,0.08888888888888889,0.011111111111111112,0.0,0.0,0.011111111111111112,0.0,0.0,0.0,0.0,0.0,0.0,0.17777777777777778,0.011111111111111112,0.0,0.011111111111111112,0.011111111111111112,0.011111111111111112,0.0,0.022222222222222223,0.011111111111111112,0.011111111111111112,0.0,0.14444444444444443,0.18888888888888888,0.044444444444444446,0.011111111111111112,0.0,0.011111111111111112,0.0,0.022222222222222223,0.03333333333333333,0.0,0.0,0.15555555555555556,0.022222222222222223,0.03333333333333333,0.022222222222222223,0.011111111111111112,0.022222222222222223,0.044444444444444446,0.011111111111111112,0.0,0.0,0.06666666666666667,0.1111111111111111,0.16666666666666666,0.1,0.022222222222222223,0.022222222222222223,0.011111111111111112,0.011111111111111112,0.0,0.022222222222222223,0.011111111111111112,0.011111111111111112,0.022222222222222223,0.07777777777777778,0.1,0.1111111111111111,0.14444444444444443,0.03333333333333333,0.0,0.022222222222222223,0.0,0.0,0.0,0.17777777777777778,0.03333333333333333,0.011111111111111112,0.0,0.0,0.0,0.0,0.14444444444444443,0.044444444444444446,0.022222222222222223,0.044444444444444446,0.011111111111111112,0.0,0.0,0.0,0.0,0.044444444444444446,0.0,0.0,0.0,0.0,0.0,0.07122280017375106
2036-04-01,0.054945054945054944,0.03296703296703297,0.04395604395604396,0.03296703296703297,0.02197802197802198,0.04395604395604396,0.24175824175824176,0.4175824175824176,0.16483516483516483,0.03296703296703297,0.0,0.01098901098901099,0.03296703296703297,0.02197802197802198,0.3626373626373626,0.7032967032967034,0.5164835164835165,0.18681318681318682,0.0989010989010989,0.07692307692307693,0.054945054945054944,0.03296703296703297,0.0,0.967032967032967,0.8571428571428571,0.5164835164835165,0.26373626373626374,0.14285714285714285,0.12087912087912088,0.07692307692307693,0.02197802197802198,0.03296703296703297,0.9340659340659341,0.9010989010989011,0.7362637362637363,0.4725274725274725,0.18681318681318682,0.15384615384615385,0.06593406593406594,0.03296703296703297,0.02197802197802198,0.4065934065934066,0.8901098901098901,0.8571428571428571,0.8021978021978022,0.6703296703296703,0.4725274725274725,0.27472527472527475,0.14285714285714285,0.04395604395604396,0.03296703296703297,0.27472527472527475,0.5384615384615384,0.7032967032967034,0.6923076923076923,0.6483516483516484,0.6593406593406593,0.2967032967032967,0.14285714285714285,0.04395604395604396,0.02197802197802198,0.26373626373626374,0.3626373626373626,0.5494505494505495,0.5054945054945055,0.46153846153846156,0.6043956043956044,0.26373626373626374,0.15384615384615385,0.06593406593406594,0.02197802197802198,0.10989010989010989,0.14285714285714285,0.1978021978021978,0.3626373626373626,0.3626373626373626,0.5494505494505495,0.5274725274725275,0.24175824175824176,0.10989010989010989,0.04395604395604396,0.02197802197802198,0.13186813186813187,0.21978021978021978,0.2087912087912088,0.45054945054945056,0.23076923076923078,0.26373626373626374,0.26373626373626374,0.1978021978021978,0.0989010989010989,0.03296703296703297,0.01098901098901099,0.15384615384615385,0.21978021978021978,0.21978021978021978,0.2087912087912088,0.15384615384615385,0.2857142857142857,0.18681318681318682,0.17582417582417584,0.15384615384615385,0.12087912087912088,0.054945054945054944,0.02197802197802198,0.01098901098901099,0.15384615384615385,0.18681318681318682,0.31868131868131866,0.3076923076923077,0.2857142857142857,0.26373626373626374,0.24175824175824176,0.2087912087912088,0.17582417582417584,0.12087912087912088,0.07692307692307693,0.02197802197802198,0.01098901098901099,0.3076923076923077,0.27472527472527475,0.3956043956043956,0.3076923076923077,0.34065934065934067,0.34065934065934067,0.25274725274725274,0.2087912087912088,0.14285714285714285,0.04395604395604396,0.02197802197802198,0.0,0.24175824175824176,0.21978021978021978,0.27472527472527475,0.31868131868131866,0.26373626373626374,0.2967032967032967,0.3076923076923077,0.27472527472527475,0.21978021978021978,0.06593406593406594,0.02197802197802198,0.31868131868131866,0.31868131868131866,0.25274725274725274,0.3626373626373626,0.43956043956043955,0.5494505494505495,0.46153846153846156,0.34065934065934067,0.18681318681318682,0.07692307692307693,0.02197802197802198,0.38461538461538464,0.3956043956043956,0.43956043956043955,0.38461538461538464,0.5714285714285714,0.5934065934065934,0.5054945054945055,0.4065934065934066,0.2967032967032967,0.12087912087912088,0.054945054945054944,0.3626373626373626,0.31868131868131866,0.5384615384615384,0.5494505494505495,0.43956043956043955,0.5384615384615384,0.46153846153846156,0.2967032967032967,0.16483516483516483,0.054945054945054944,0.13186813186813187,0.31868131868131866,0.4725274725274725,0.38461538461538464,0.31868131868131866,0.45054945054945056,0.4945054945054945,0.43956043956043955,0.5604395604395604,0.4945054945054945,0.3076923076923077,0.2857142857142857,0.054945054945054944,0.1978021978021978,0.18681318681318682,0.2857142857142857,0.46153846153846156,0.4945054945054945,0.4725274725274725,0.4945054945054945,0.4725274725274725,0.42857142857142855,0.3076923076923077,0.5384615384615384,0.4065934065934066,0.3626373626373626,0.45054945054945056,0.3516483516483517,0.21978021978021978,0.14285714285714285,0.4175824175824176,0.4065934065934066,0.43956043956043955,0.2967032967032967,0.21978021978021978,0.12087912087912088,0.27472527472527475,0.18681318681318682,0.10989010989010989,0.3076923076923077,0.15384615384615385,0.06593406593406594,0.02197802197802198,0.03296703296703297,0.01098901098901099,0.39142600506194747
2036-07-01,0.010869565217391304,0.0,0.021739130434782608,0.021739130434782608,0.0,0.0,0.09782608695652174,0.6413043478260869,0.21739130434782608,0.03260869565217391,0.06521739130434782,0.13043478260869565,0.10869565217391304,0.010869565217391304,0.43478260869565216,0.9239130434782609,0.7065217391304348,0.21739130434782608,0.05434782608695652,0.06521739130434782,0.06521739130434782,0.07608695652173914,0.0,1.0,0.967391304347826,0.22826086956521738,0.06521739130434782,0.07608695652173914,0.043478260869565216,0.06521739130434782,0.13043478260869565,0.0,0.9565217391304348,0.8695652173913043,0.31521739130434784,0.06521739130434782,0.010869565217391304,0.043478260869565216,0.15217391304347827,0.17391304347826086,0.0,0.6956521739130435,0.8260869565217391,0.44565217391304346,0.3804347826086957,0.3695652173913043,0.2717391304347826,0.043478260869565216,0.0,0.0,0.0,0.532608695652174,0.5652173913043478,0.3695652173913043,0.43478260869565216,0.42391304347826086,0.45652173913043476,0.11956521739130435,0.021739130434782608,0.0,0.0,0.32608695652173914,0.41304347826086957,0.42391304347826086,0.5978260869565217,0.34782608695652173,0.532608695652174,0.2608695652173913,0.14130434782608695,0.043478260869565216,0.0,0.03260869565217391,0.021739130434782608,0.07608695652173914,0.358695652173913,0.4891304347826087,0.6521739130434783,0.6195652173913043,0.3804347826086957,0.16304347826086957,0.06521739130434782,0.021739130434782608,0.06521739130434782,0.06521739130434782,0.021739130434782608,0.5652173913043478,0.45652173913043476,0.44565217391304346,0.43478260869565216,0.2608695652173913,0.16304347826086957,0.05434782608695652,0.05434782608695652,0.0,0.021739130434782608,0.06521739130434782,0.10869565217391304,0.021739130434782608,0.22826086956521738,0.2391304347826087,0.3695652173913043,0.3695652173913043,0.2608695652173913,0.14130434782608695,0.09782608695652174,0.06521739130434782,0.0,0.021739130434782608,0.09782608695652174,0.14130434782608695,0.14130434782608695,0.2826086956521739,0.391304347826087,0.45652173913043476,0.42391304347826086,0.33695652173913043,0.18478260869565216,0.10869565217391304,0.08695652173913043,0.16304347826086957,0.2717391304347826,0.391304347826087,0.29347826086956524,0.4782608695652174,0.7065217391304348,0.5978260869565217,0.40217391304347827,0.2826086956521739,0.16304347826086957,0.09782608695652174,0.07608695652173914,0.05434782608695652,0.29347826086956524,0.2826086956521739,0.32608695652173914,0.22826086956521738,0.532608695652174,0.5760869565217391,0.45652173913043476,0.34782608695652173,0.16304347826086957,0.08695652173913043,0.18478260869565216,0.33695652173913043,0.13043478260869565,0.34782608695652173,0.391304347826087,0.8478260869565217,0.7717391304347826,0.6304347826086957,0.2826086956521739,0.13043478260869565,0.010869565217391304,0.07608695652173914,0.31521739130434784,0.42391304347826086,0.391304347826087,0.8804347826086957,0.9021739130434783,0.7934782608695652,0.782608695652174,0.42391304347826086,0.14130434782608695,0.06521739130434782,0.06521739130434782,0.11956521739130435,0.7608695652173914,0.717391304347826,0.5217391304347826,0.8695652173913043,0.717391304347826,0.5652173913043478,0.2717391304347826,0.13043478260869565,0.021739130434782608,0.021739130434782608,0.11956521739130435,0.17391304347826086,0.08695652173913043,0.4891304347826087,0.391304347826087,0.33695652173913043,0.8043478260869565,0.782608695652174,0.7065217391304348,0.5108695652173914,0.2391304347826087,0.03260869565217391,0.09782608695652174,0.07608695652173914,0.09782608695652174,0.33695652173913043,0.32608695652173914,0.41304347826086957,0.5434782608695652,0.7391304347826086,0.6413043478260869,0.22826086956521738,0.14130434782608695,0.20652173913043478,0.5,0.5108695652173914,0.41304347826086957,0.30434782608695654,0.08695652173913043,0.13043478260869565,0.21739130434782608,0.5108695652173914,0.42391304347826086,0.22826086956521738,0.22826086956521738,0.31521739130434784,0.18478260869565216,0.09782608695652174,0.09782608695652174,0.03260869565217391,0.010869565217391304,0.0,0.0,0.46891437501510286
2036-10-01,0.010869565217391304,0.0,0.0,0.0,0.0,0.0,0.17391304347826086,0.14130434782608695,0.06521739130434782,0.010869565217391304,0.0,0.0,0.0,0.0,0.532608695652174,0.25,0.07608695652173914,0.021739130434782608,0.010869565217391304,0.010869565217391304,0.0,0.0,0.0,0.8260869565217391,0.31521739130434784,0.010869565217391304,0.0,0.0,0.0,0.0,0.0,0.0,0.7391304347826086,0.3804347826086957,0.05434782608695652,0.0,0.0,0.010869565217391304,0.0,0.0,0.0,0.043478260869565216,0.17391304347826086,0.05434782608695652,0.021739130434782608,0.010869565217391304,0.0,0.0,0.0,0.0,0.0,0.03260869565217391,0.05434782608695652,0.021739130434782608,0.010869565217391304,0.0,0.0,0.0,0.0,0.0,0.0,0.010869565217391304,0.0,0.010869565217391304,0.0,0.0,0.0,0.0,0.0,0.0,0.0,0.11956521739130435,0.021739130434782608,0.0,0.021739130434782608,0.0,0.010869565217391304,0.0,0.0,0.0,0.0,0.0,0.21739130434782608,0.10869565217391304,0.043478260869565216,0.05434782608695652,0.010869565217391304,0.0,0.0,0.0,0.0,0.0,0.0,0.11956521739130435,0.25,0.30434782608695654,0.14130434782608695,0.05434782608695652,0.08695652173913043,0.03260869565217391,0.021739130434782608,0.0,0.0,0.0,0.0,0.0,0.17391304347826086,0.2826086956521739,0.31521739130434784,0.2717391304347826,0.1956521739130435,0.15217391304347827,0.09782608695652174,0.07608695652173914,0.021739130434782608,0.010869565217391304,0.0,0.0,0.0,0.31521739130434784,0.25,0.20652173913043478,0.16304347826086957,0.14130434782608695,0.10869565217391304,0.06521739130434782,0.03260869565217391,0.010869565217391304,0.0,0.0,0.0,0.18478260869565216,0.25,0.15217391304347827,0.13043478260869565,0.08695652173913043,0.10869565217391304,0.043478260869565216,0.043478260869565216,0.010869565217391304,0.0,0.0,0.16304347826086957,0.14130434782608695,0.11956521739130435,0.08695652173913043,0.08695652173913043,0.15217391304347827,0.10869565217391304,0.06521739130434782,0.010869565217391304,0.0,0.0,0.10869565217391304,0.13043478260869565,0.09782608695652174,0.06521739130434782,0.20652173913043478,0.20652173913043478,0.17391304347826086,0.13043478260869565,0.043478260869565216,0.010869565217391304,0.0,0.043478260869565216,0.10869565217391304,0.14130434782608695,0.15217391304347827,0.4891304347826087,0.32608695652173914,0.21739130434782608,0.10869565217391304,0.03260869565217391,0.010869565217391304,0.0,0.0,0.010869565217391304,0.010869565217391304,0.03260869565217391,0.11956521739130435,0.10869565217391304,0.21739130434782608,0.10869565217391304,0.09782608695652174,0.09782608695652174,0.021739130434782608,0.010869565217391304,0.0,0.0,0.0,0.08695652173913043,0.07608695652173914,0.043478260869565216,0.03260869565217391,0.08695652173913043,0.05434782608695652,0.03260869565217391,0.08695652173913043,0.0,0.021739130434782608,0.25,0.08695652173913043,0.043478260869565216,0.021739130434782608,0.0,0.010869565217391304,0.03260869565217391,0.13043478260869565,0.06521739130434782,0.010869565217391304,0.021739130434782608,0.06521739130434782,0.010869565217391304,0.03260869565217391,0.021739130434782608,0.010869565217391304,0.010869565217391304,0.010869565217391304,0.0,0.14504469015110466
2037-01-01,0.17777777777777778,0.17777777777777778,0.18888888888888888,0.2222222222222222,0.18888888888888888,0.1111111111111111,0.24444444444444444,0.23333333333333334,0.1,0.06666666666666667,0.044444444444444446,0.03333333333333333,0.044444444444444446,0.05555555555555555,0.3333333333333333,0.17777777777777778,0.18888888888888888,0.17777777777777778,0.16666666666666666,0.18888888888888888,0.07777777777777778,0.03333333333333333,0.1111111111111111,0.45555555555555555,0.2777777777777778,0.2111111111111111,0.2222222222222222,0.23333333333333334,0.28888888888888886,0.17777777777777778,0.12222222222222222,0.1,0.5666666666666667,0.43333333333333335,0.25555555555555554,0.3,0.36666666666666664,0.37777777777777777,0.3,0.15555555555555556,0.07777777777777778,0.2111111111111111,0.32222222222222224,0.26666666666666666,0.3111111111111111,0.36666666666666664,0.36666666666666664,0.37777777777777777,0.34444444444444444,0.2222222222222222,0.08888888888888889,0.16666666666666666,0.25555555555555554,0.26666666666666666,0.32222222222222224,0.3,0.35555555555555557,0.36666666666666664,0.32222222222222224,0.24444444444444444,0.13333333333333333,0.2111111111111111,0.2111111111111111,0.26666666666666666,0.34444444444444444,0.36666666666666664,0.4111111111111111,0.4444444444444444,0.26666666666666666,0.2,0.14444444444444443,0.06666666666666667,0.2,0.2,0.24444444444444444,0.28888888888888886,0.36666666666666664,0.36666666666666664,0.26666666666666666,0.18888888888888888,0.13333333333333333,0.16666666666666666,0.044444444444444446,0.15555555555555556,0.16666666666666666,0.14444444444444443,0.15555555555555556,0.2,0.2,0.13333333333333333,0.1,0.12222222222222222,0.17777777777777778,0.022222222222222223,0.044444444444444446,0.03333333333333333,0.06666666666666667,0.07777777777777778,0.044444444444444446,0.03333333333333333,0.07777777777777778,0.044444444444444446,0.05555555555555555,0.044444444444444446,0.06666666666666667,0.15555555555555556,0.06666666666666667,0.1,0.07777777777777778,0.06666666666666667,0.07777777777777778,0.03333333333333333,0.022222222222222223,0.022222222222222223,0.0,0.044444444444444446,0.03333333333333333,0.06666666666666667,0.13333333333333333,0.08888888888888889,0.022222222222222223,0.011111111111111112,0.011111111111111112,0.0,0.0,0.011111111111111112,0.022222222222222223,0.022222222222222223,0.03333333333333333,0.08888888888888889,0.011111111111111112,0.1,0.022222222222222223,0.011111111111111112,0.011111111111111112,0.0,0.0,0.011111111111111112,0.022222222222222223,0.022222222222222223,0.022222222222222223,0.011111111111111112,0.1,0.03333333333333333,0.0,0.0,0.0,0.0,0.03333333333333333,0.044444444444444446,0.022222222222222223,0.05555555555555555,0.022222222222222223,0.05555555555555555,0.13333333333333333,0.011111111111111112,0.011111111111111112,0.0,0.011111111111111112,0.06666666666666667,0.022222222222222223,0.03333333333333333,0.044444444444444446,0.03333333333333333,0.05555555555555555,0.044444444444444446,0.044444444444444446,0.022222222222222223,0.022222222222222223,0.011111111111111112,0.03333333333333333,0.03333333333333333,0.022222222222222223,0.044444444444444446,0.06666666666666667,0.12222222222222222,0.05555555555555555,0.03333333333333333,0.044444444444444446,0.044444444444444446,0.011111111111111112,0.03333333333333333,0.022222222222222223,0.022222222222222223,0.03333333333333333,0.03333333333333333,0.044444444444444446,0.12222222222222222,0.1,0.12222222222222222,0.1111111111111111,0.05555555555555555,0.03333333333333333,0.03333333333333333,0.044444444444444446,0.011111111111111112,0.022222222222222223,0.08888888888888889,0.011111111111111112,0.022222222222222223,0.011111111111111112,0.03333333333333333,0.044444444444444446,0.06666666666666667,0.18888888888888888,0.15555555555555556,0.03333333333333333,0.14444444444444443,0.022222222222222223,0.044444444444444446,0.011111111111111112,0.05555555555555555,0.03333333333333333,0.1,0.05555555555555555,0.03333333333333333,0.044444444444444446,0.044444444444444446,0.03333333333333333,0.09592713855251638
2037-04-01,0.02197802197802198,0.02197802197802198,0.04395604395604396,0.08791208791208792,0.06593406593406594,0.04395604395604396,0.26373626373626374,0.4945054945054945,0.13186813186813187,0.054945054945054944,0.054945054945054944,0.06593406593406594,0.08791208791208792,0.0989010989010989,0.42857142857142855,0.6483516483516484,0.5824175824175825,0.3076923076923077,0.16483516483516483,0.12087912087912088,0.0989010989010989,0.08791208791208792,0.06593406593406594,0.978021978021978,0.7802197802197802,0.46153846153846156,0.25274725274725274,0.23076923076923078,0.1978021978021978,0.14285714285714285,0.08791208791208792,0.0989010989010989,0.9120879120879121,0.8241758241758241,0.7362637362637363,0.3516483516483517,0.17582417582417584,0.24175824175824176,0.17582417582417584,0.13186813186813187,0.07692307692307693,0.6373626373626373,0.8791208791208791,0.7692307692307693,0.7582417582417582,0.6703296703296703,0.4175824175824176,0.31868131868131866,0.24175824175824176,0.15384615384615385,0.12087912087912088,0.43956043956043955,0.7912087912087912,0.7252747252747253,0.7472527472527473,0.6373626373626373,0.6043956043956044,0.4175824175824176,0.23076923076923078,0.13186813186813187,0.13186813186813187,0.2967032967032967,0.6263736263736264,0.6483516483516484,0.6373626373626373,0.5054945054945055,0.5714285714285714,0.38461538461538464,0.23076923076923078,0.13186813186813187,0.0989010989010989,0.04395604395604396,0.12087912087912088,0.2967032967032967,0.4065934065934066,0.37362637362637363,0.5824175824175825,0.5054945054945055,0.4065934065934066,0.24175824175824176,0.13186813186813187,0.0989010989010989,0.054945054945054944,0.15384615384615385,0.21978021978021978,0.46153846153846156,0.43956043956043955,0.42857142857142855,0.45054945054945056,0.3076923076923077,0.1978021978021978,0.13186813186813187,0.10989010989010989,0.12087912087912088,0.08791208791208792,0.13186813186813187,0.13186813186813187,0.13186813186813187,0.2087912087912088,0.1978021978021978,0.2857142857142857,0.2857142857142857,0.31868131868131866,0.17582417582417584,0.15384615384615385,0.10989010989010989,0.0989010989010989,0.10989010989010989,0.16483516483516483,0.25274725274725274,0.2087912087912088,0.21978021978021978,0.24175824175824176,0.24175824175824176,0.21978021978021978,0.2857142857142857,0.27472527472527475,0.16483516483516483,0.10989010989010989,0.2087912087912088,0.1978021978021978,0.25274725274725274,0.21978021978021978,0.34065934065934067,0.34065934065934067,0.31868131868131866,0.3076923076923077,0.24175824175824176,0.17582417582417584,0.0989010989010989,0.04395604395604396,0.12087912087912088,0.12087912087912088,0.15384615384615385,0.16483516483516483,0.17582417582417584,0.2967032967032967,0.2857142857142857,0.2857142857142857,0.26373626373626374,0.1978021978021978,0.08791208791208792,0.1978021978021978,0.15384615384615385,0.0989010989010989,0.1978021978021978,0.26373626373626374,0.5384615384615384,0.4835164835164835,0.4175824175824176,0.3076923076923077,0.17582417582417584,0.04395604395604396,0.14285714285714285,0.12087912087912088,0.13186813186813187,0.2087912087912088,0.4945054945054945,0.5164835164835165,0.5164835164835165,0.5494505494505495,0.3956043956043956,0.2087912087912088,0.08791208791208792,0.054945054945054944,0.08791208791208792,0.37362637362637363,0.43956043956043955,0.3626373626373626,0.4945054945054945,0.3956043956043956,0.4065934065934066,0.2857142857142857,0.2087912087912088,0.0,0.054945054945054944,0.10989010989010989,0.16483516483516483,0.0989010989010989,0.26373626373626374,0.23076923076923078,0.23076923076923078,0.42857142857142855,0.4175824175824176,0.4175824175824176,0.4725274725274725,0.25274725274725274,0.03296703296703297,0.04395604395604396,0.08791208791208792,0.15384615384615385,0.17582417582417584,0.18681318681318682,0.24175824175824176,0.3076923076923077,0.43956043956043955,0.4065934065934066,0.2087912087912088,0.10989010989010989,0.14285714285714285,0.3956043956043956,0.38461538461538464,0.34065934065934067,0.25274725274725274,0.08791208791208792,0.21978021978021978,0.26373626373626374,0.4065934065934066,0.4175824175824176,0.23076923076923078,0.3626373626373626,0.3956043956043956,0.2087912087912088,0.31868131868131866,0.2857142857142857,0.12087912087912088,0.12087912087912088,0.08791208791208792,0.04395604395604396,0.3684899516524048
2037-07-01,0.010869565217391304,0.0,0.021739130434782608,0.021739130434782608,0.0,0.0,0.08695652173913043,0.6739130434782609,0.2391304347826087,0.06521739130434782,0.043478260869565216,0.05434782608695652,0.09782608695652174,0.021739130434782608,0.41304347826086957,0.9891304347826086,0.7282608695652174,0.18478260869565216,0.06521739130434782,0.06521739130434782,0.10869565217391304,0.043478260869565216,0.0,1.0,0.9891304347826086,0.22826086956521738,0.03260869565217391,0.08695652173913043,0.11956521739130435,0.17391304347826086,0.10869565217391304,0.0,0.9891304347826086,0.9239130434782609,0.5978260869565217,0.09782608695652174,0.021739130434782608,0.07608695652173914,0.20652173913043478,0.20652173913043478,0.021739130434782608,0.7065217391304348,0.7934782608695652,0.6413043478260869,0.532608695652174,0.44565217391304346,0.2608695652173913,0.03260869565217391,0.07608695652173914,0.08695652173913043,0.010869565217391304,0.5108695652173914,0.6195652173913043,0.5,0.4782608695652174,0.34782608695652173,0.44565217391304346,0.08695652173913043,0.0,0.05434782608695652,0.03260869565217391,0.08695652173913043,0.2826086956521739,0.391304347826087,0.5217391304347826,0.20652173913043478,0.391304347826087,0.15217391304347827,0.05434782608695652,0.06521739130434782,0.043478260869565216,0.0,0.0,0.03260869565217391,0.20652173913043478,0.15217391304347827,0.45652173913043476,0.5217391304347826,0.31521739130434784,0.13043478260869565,0.06521739130434782,0.05434782608695652,0.021739130434782608,0.021739130434782608,0.03260869565217391,0.4782608695652174,0.358695652173913,0.29347826086956524,0.33695652173913043,0.20652173913043478,0.17391304347826086,0.09782608695652174,0.043478260869565216,0.0,0.043478260869565216,0.06521739130434782,0.06521739130434782,0.05434782608695652,0.22826086956521738,0.2391304347826087,0.20652173913043478,0.31521739130434784,0.2717391304347826,0.1956521739130435,0.13043478260869565,0.06521739130434782,0.03260869565217391,0.043478260869565216,0.08695652173913043,0.2391304347826087,0.21739130434782608,0.2717391304347826,0.3695652173913043,0.4673913043478261,0.44565217391304346,0.391304347826087,0.30434782608695654,0.2391304347826087,0.08695652173913043,0.1956521739130435,0.2391304347826087,0.3695652173913043,0.34782608695652173,0.6086956521739131,0.717391304347826,0.6195652173913043,0.4891304347826087,0.40217391304347827,0.2717391304347826,0.09782608695652174,0.043478260869565216,0.03260869565217391,0.25,0.2717391304347826,0.40217391304347827,0.3695652173913043,0.5869565217391305,0.6304347826086957,0.5760869565217391,0.4782608695652174,0.29347826086956524,0.08695652173913043,0.10869565217391304,0.25,0.18478260869565216,0.44565217391304346,0.5434782608695652,0.8260869565217391,0.7282608695652174,0.6304347826086957,0.4891304347826087,0.22826086956521738,0.09782608695652174,0.03260869565217391,0.29347826086956524,0.42391304347826086,0.45652173913043476,0.8260869565217391,0.8478260869565217,0.8369565217391305,0.7608695652173914,0.5760869565217391,0.2717391304347826,0.13043478260869565,0.0,0.07608695652173914,0.6521739130434783,0.7282608695652174,0.7065217391304348,0.8804347826086957,0.7608695652173914,0.6956521739130435,0.44565217391304346,0.2608695652173913,0.010869565217391304,0.010869565217391304,0.08695652173913043,0.10869565217391304,0.06521739130434782,0.43478260869565216,0.5108695652173914,0.5,0.8043478260869565,0.7391304347826086,0.717391304347826,0.6086956521739131,0.33695652173913043,0.03260869565217391,0.021739130434782608,0.05434782608695652,0.07608695652173914,0.29347826086956524,0.43478260869565216,0.5652173913043478,0.6739130434782609,0.782608695652174,0.6630434782608695,0.2608695652173913,0.22826086956521738,0.358695652173913,0.6739130434782609,0.6739130434782609,0.5978260869565217,0.44565217391304346,0.11956521739130435,0.33695652173913043,0.4673913043478261,0.7065217391304348,0.5652173913043478,0.41304347826086957,0.5978260869565217,0.5434782608695652,0.358695652173913,0.391304347826087,0.42391304347826086,0.2717391304347826,0.07608695652173914,0.15217391304347827,0.043478260869565216,0.5310807806661167
2037-10-01,0.043478260869565216,0.03260869565217391,0.0,0.0,0.0,0.0,0.16304347826086957,0.14130434782608695,0.08695652173913043,0.05434782608695652,0.010869565217391304,0.0,0.0,0.0,0.41304347826086957,0.21739130434782608,0.06521739130434782,0.021739130434782608,0.021739130434782608,0.03260869565217391,0.0,0.0,0.0,0.6956521739130435,0.29347826086956524,0.08695652173913043,0.010869565217391304,0.010869565217391304,0.010869565217391304,0.0,0.0,0.0,0.7391304347826086,0.43478260869565216,0.06521739130434782,0.021739130434782608,0.010869565217391304,0.0,0.0,0.0,0.0,0.05434782608695652,0.15217391304347827,0.010869565217391304,0.0,0.0,0.0,0.0,0.0,0.0,0.0,0.03260869565217391,0.05434782608695652,0.0,0.0,0.0,0.0,0.0,0.0,0.0,0.0,0.010869565217391304,0.043478260869565216,0.021739130434782608,0.03260869565217391,0.0,0.0,0.021739130434782608,0.0,0.0,0.0,0.021739130434782608,0.0,0.010869565217391304,0.0,0.0,0.010869565217391304,0.0,0.0,0.0,0.0,0.0,0.05434782608695652,0.010869565217391304,0.010869565217391304,0.06521739130434782,0.010869565217391304,0.0,0.0,0.0,0.0,0.0,0.0,0.03260869565217391,0.10869565217391304,0.1956521739130435,0.010869565217391304,0.0,0.021739130434782608,0.03260869565217391,0.010869565217391304,0.0,0.0,0.0,0.0,0.0,0.06521739130434782,0.21739130434782608,0.2391304347826087,0.2391304347826087,0.03260869565217391,0.07608695652173914,0.043478260869565216,0.03260869565217391,0.0,0.0,0.0,0.0,0.0,0.17391304347826086,0.16304347826086957,0.13043478260869565,0.10869565217391304,0.07608695652173914,0.043478260869565216,0.043478260869565216,0.021739130434782608,0.0,0.0,0.0,0.0,0.010869565217391304,0.13043478260869565,0.10869565217391304,0.09782608695652174,0.010869565217391304,0.03260869565217391,0.043478260869565216,0.043478260869565216,0.021739130434782608,0.0,0.0,0.0,0.05434782608695652,0.010869565217391304,0.043478260869565216,0.021739130434782608,0.06521739130434782,0.07608695652173914,0.043478260869565216,0.043478260869565216,0.0,0.0,0.0,0.06521739130434782,0.18478260869565216,0.08695652173913043,0.20652173913043478,0.09782608695652174,0.09782608695652174,0.043478260869565216,0.043478260869565216,0.021739130434782608,0.0,0.0,0.021739130434782608,0.21739130434782608,0.25,0.5652173913043478,0.2717391304347826,0.11956521739130435,0.07608695652173914,0.021739130434782608,0.010869565217391304,0.0,0.0,0.0,0.0,0.0,0.043478260869565216,0.07608695652173914,0.14130434782608695,0.043478260869565216,0.07608695652173914,0.09782608695652174,0.021739130434782608,0.0,0.03260869565217391,0.0,0.0,0.021739130434782608,0.03260869565217391,0.0,0.021739130434782608,0.03260869565217391,0.021739130434782608,0.06521739130434782,0.010869565217391304,0.0,0.010869565217391304,0.21739130434782608,0.05434782608695652,0.043478260869565216,0.010869565217391304,0.0,0.0,0.010869565217391304,0.16304347826086957,0.043478260869565216,0.010869565217391304,0.03260869565217391,0.05434782608695652,0.010869565217391304,0.021739130434782608,0.0,0.0,0.0,0.0,0.0,0.11681078845305229
2038-01-01,0.1111111111111111,0.08888888888888889,0.05555555555555555,0.06666666666666667,0.06666666666666667,0.03333333333333333,0.23333333333333334,0.17777777777777778,0.044444444444444446,0.03333333333333333,0.03333333333333333,0.022222222222222223,0.03333333333333333,0.03333333333333333,0.4444444444444444,0.14444444444444443,0.1,0.1,0.07777777777777778,0.05555555555555555,0.03333333333333333,0.03333333333333333,0.03333333333333333,0.6888888888888889,0.28888888888888886,0.13333333333333333,0.1111111111111111,0.05555555555555555,0.1,0.05555555555555555,0.03333333333333333,0.022222222222222223,0.7,0.5111111111111111,0.2111111111111111,0.13333333333333333,0.12222222222222222,0.13333333333333333,0.07777777777777778,0.03333333333333333,0.022222222222222223,0.06666666666666667,0.2222222222222222,0.18888888888888888,0.2,0.2111111111111111,0.15555555555555556,0.2111111111111111,0.12222222222222222,0.03333333333333333,0.022222222222222223,0.03333333333333333,0.1111111111111111,0.17777777777777778,0.2,0.2,0.24444444444444444,0.2,0.08888888888888889,0.044444444444444446,0.022222222222222223,0.044444444444444446,0.08888888888888889,0.1,0.1,0.17777777777777778,0.26666666666666666,0.18888888888888888,0.08888888888888889,0.03333333333333333,0.022222222222222223,0.0,0.011111111111111112,0.05555555555555555,0.08888888888888889,0.08888888888888889,0.16666666666666666,0.16666666666666666,0.1,0.044444444444444446,0.022222222222222223,0.011111111111111112,0.0,0.0,0.022222222222222223,0.03333333333333333,0.022222222222222223,0.044444444444444446,0.044444444444444446,0.06666666666666667,0.022222222222222223,0.022222222222222223,0.011111111111111112,0.07777777777777778,0.022222222222222223,0.03333333333333333,0.011111111111111112,0.011111111111111112,0.011111111111111112,0.0,0.0,0.022222222222222223,0.022222222222222223,0.022222222222222223,0.022222222222222223,0.022222222222222223,0.011111111111111112,0.1,0.05555555555555555,0.011111111111111112,0.0,0.0,0.022222222222222223,0.011111111111111112,0.0,0.022222222222222223,0.011111111111111112,0.0,0.022222222222222223,0.022222222222222223,0.03333333333333333,0.0,0.0,0.03333333333333333,0.03333333333333333,0.05555555555555555,0.07777777777777778,0.05555555555555555,0.0,0.022222222222222223,0.0,0.07777777777777778,0.044444444444444446,0.0,0.0,0.011111111111111112,0.011111111111111112,0.07777777777777778,0.1111111111111111,0.06666666666666667,0.011111111111111112,0.011111111111111112,0.05555555555555555,0.044444444444444446,0.0,0.011111111111111112,0.011111111111111112,0.06666666666666667,0.12222222222222222,0.1,0.022222222222222223,0.0,0.0,0.044444444444444446,0.13333333333333333,0.0,0.0,0.011111111111111112,0.07777777777777778,0.2,0.13333333333333333,0.022222222222222223,0.0,0.0,0.044444444444444446,0.03333333333333333,0.011111111111111112,0.011111111111111112,0.011111111111111112,0.044444444444444446,0.15555555555555556,0.12222222222222222,0.011111111111111112,0.011111111111111112,0.0,0.07777777777777778,0.07777777777777778,0.06666666666666667,0.022222222222222223,0.022222222222222223,0.011111111111111112,0.011111111111111112,0.03333333333333333,0.06666666666666667,0.1111111111111111,0.011111111111111112,0.0,0.05555555555555555,0.06666666666666667,0.08888888888888889,0.1,0.03333333333333333,0.03333333333333333,0.05555555555555555,0.022222222222222223,0.0,0.07777777777777778,0.1,0.03333333333333333,0.022222222222222223,0.03333333333333333,0.03333333333333333,0.022222222222222223,0.011111111111111112,0.07777777777777778,0.05555555555555555,0.0,0.1111111111111111,0.0,0.0,0.0,0.0,0.0,0.022222222222222223,0.0,0.0,0.0,0.0,0.0,0.09634896470970737
2038-04-01,0.03296703296703297,0.03296703296703297,0.054945054945054944,0.054945054945054944,0.04395604395604396,0.02197802197802198,0.15384615384615385,0.25274725274725274,0.08791208791208792,0.06593406593406594,0.054945054945054944,0.03296703296703297,0.054945054945054944,0.03296703296703297,0.27472527472527475,0.5824175824175825,0.34065934065934067,0.14285714285714285,0.07692307692307693,0.08791208791208792,0.06593406593406594,0.04395604395604396,0.03296703296703297,0.9340659340659341,0.7582417582417582,0.26373626373626374,0.18681318681318682,0.2087912087912088,0.13186813186813187,0.08791208791208792,0.04395604395604396,0.054945054945054944,0.967032967032967,0.8571428571428571,0.5604395604395604,0.23076923076923078,0.1978021978021978,0.2087912087912088,0.0989010989010989,0.04395604395604396,0.054945054945054944,0.8461538461538461,0.9340659340659341,0.7802197802197802,0.7142857142857143,0.5934065934065934,0.31868131868131866,0.17582417582417584,0.17582417582417584,0.054945054945054944,0.04395604395604396,0.5494505494505495,0.8791208791208791,0.7692307692307693,0.8021978021978022,0.7032967032967034,0.5824175824175825,0.21978021978021978,0.10989010989010989,0.07692307692307693,0.03296703296703297,0.4065934065934066,0.6483516483516484,0.6593406593406593,0.7472527472527473,0.6153846153846154,0.5274725274725275,0.15384615384615385,0.07692307692307693,0.03296703296703297,0.03296703296703297,0.03296703296703297,0.24175824175824176,0.4835164835164835,0.5054945054945055,0.5934065934065934,0.6153846153846154,0.4065934065934066,0.16483516483516483,0.054945054945054944,0.01098901098901099,0.01098901098901099,0.0,0.0989010989010989,0.21978021978021978,0.5164835164835165,0.3076923076923077,0.2967032967032967,0.25274725274725274,0.04395604395604396,0.03296703296703297,0.01098901098901099,0.01098901098901099,0.16483516483516483,0.04395604395604396,0.054945054945054944,0.054945054945054944,0.06593406593406594,0.18681318681318682,0.10989010989010989,0.08791208791208792,0.07692307692307693,0.02197802197802198,0.02197802197802198,0.04395604395604396,0.02197802197802198,0.13186813186813187,0.13186813186813187,0.17582417582417584,0.15384615384615385,0.08791208791208792,0.1978021978021978,0.23076923076923078,0.2087912087912088,0.0989010989010989,0.07692307692307693,0.08791208791208792,0.06593406593406594,0.04395604395604396,0.2087912087912088,0.1978021978021978,0.2087912087912088,0.15384615384615385,0.2857142857142857,0.25274725274725274,0.1978021978021978,0.16483516483516483,0.15384615384615385,0.0989010989010989,0.03296703296703297,0.02197802197802198,0.13186813186813187,0.12087912087912088,0.13186813186813187,0.15384615384615385,0.12087912087912088,0.2087912087912088,0.24175824175824176,0.2087912087912088,0.15384615384615385,0.12087912087912088,0.04395604395604396,0.16483516483516483,0.23076923076923078,0.10989010989010989,0.25274725274725274,0.25274725274725274,0.42857142857142855,0.32967032967032966,0.25274725274725274,0.15384615384615385,0.08791208791208792,0.06593406593406594,0.13186813186813187,0.25274725274725274,0.24175824175824176,0.27472527472527475,0.42857142857142855,0.4835164835164835,0.4065934065934066,0.38461538461538464,0.13186813186813187,0.054945054945054944,0.054945054945054944,0.10989010989010989,0.1978021978021978,0.42857142857142855,0.5164835164835165,0.43956043956043955,0.4945054945054945,0.37362637362637363,0.3076923076923077,0.13186813186813187,0.06593406593406594,0.0,0.06593406593406594,0.21978021978021978,0.3076923076923077,0.24175824175824176,0.4175824175824176,0.46153846153846156,0.38461538461538464,0.5164835164835165,0.45054945054945056,0.34065934065934067,0.26373626373626374,0.07692307692307693,0.04395604395604396,0.06593406593406594,0.14285714285714285,0.37362637362637363,0.46153846153846156,0.4835164835164835,0.5054945054945055,0.42857142857142855,0.43956043956043955,0.31868131868131866,0.4835164835164835,0.3956043956043956,0.3626373626373626,0.46153846153846156,0.3956043956043956,0.1978021978021978,0.13186813186813187,0.3516483516483517,0.45054945054945056,0.45054945054945056,0.3516483516483517,0.21978021978021978,0.15384615384615385,0.31868131868131866,0.23076923076923078,0.08791208791208792,0.2967032967032967,0.16483516483516483,0.03296703296703297,0.0,0.02197802197802198,0.0,0.3472931406700548
2038-07-01,0.0,0.0,0.0,0.0,0.021739130434782608,0.0,0.10869565217391304,0.5978260869565217,0.21739130434782608,0.043478260869565216,0.03260869565217391,0.05434782608695652,0.05434782608695652,0.010869565217391304,0.5978260869565217,0.9347826086956522,0.6304347826086957,0.1956521739130435,0.06521739130434782,0.06521739130434782,0.09782608695652174,0.043478260869565216,0.0,1.0,0.8913043478260869,0.18478260869565216,0.010869565217391304,0.021739130434782608,0.010869565217391304,0.010869565217391304,0.021739130434782608,0.010869565217391304,0.9021739130434783,0.6521739130434783,0.25,0.03260869565217391,0.0,0.0,0.09782608695652174,0.20652173913043478,0.010869565217391304,0.6195652173913043,0.7717391304347826,0.391304347826087,0.31521739130434784,0.1956521739130435,0.18478260869565216,0.010869565217391304,0.0,0.0,0.0,0.29347826086956524,0.4891304347826087,0.32608695652173914,0.3804347826086957,0.20652173913043478,0.33695652173913043,0.0,0.0,0.0,0.0,0.25,0.2717391304347826,0.25,0.33695652173913043,0.10869565217391304,0.33695652173913043,0.021739130434782608,0.021739130434782608,0.010869565217391304,0.010869565217391304,0.07608695652173914,0.07608695652173914,0.14130434782608695,0.2608695652173913,0.17391304347826086,0.3695652173913043,0.3804347826086957,0.15217391304347827,0.043478260869565216,0.010869565217391304,0.010869565217391304,0.14130434782608695,0.20652173913043478,0.17391304347826086,0.75,0.5652173913043478,0.2826086956521739,0.15217391304347827,0.05434782608695652,0.06521739130434782,0.03260869565217391,0.03260869565217391,0.0,0.05434782608695652,0.18478260869565216,0.22826086956521738,0.2391304347826087,0.5543478260869565,0.5652173913043478,0.4673913043478261,0.2608695652173913,0.10869565217391304,0.08695652173913043,0.10869565217391304,0.043478260869565216,0.0,0.11956521739130435,0.2391304347826087,0.391304347826087,0.3804347826086957,0.5760869565217391,0.6304347826086957,0.6195652173913043,0.5869565217391305,0.4782608695652174,0.34782608695652173,0.2391304347826087,0.10869565217391304,0.34782608695652173,0.41304347826086957,0.5869565217391305,0.6086956521739131,0.717391304347826,0.7934782608695652,0.7391304347826086,0.5869565217391305,0.4782608695652174,0.31521739130434784,0.10869565217391304,0.021739130434782608,0.16304347826086957,0.358695652173913,0.5543478260869565,0.6195652173913043,0.5,0.6195652173913043,0.7065217391304348,0.6304347826086957,0.5652173913043478,0.3804347826086957,0.13043478260869565,0.18478260869565216,0.34782608695652173,0.44565217391304346,0.5978260869565217,0.6413043478260869,0.8260869565217391,0.7934782608695652,0.6956521739130435,0.5108695652173914,0.33695652173913043,0.11956521739130435,0.09782608695652174,0.33695652173913043,0.5434782608695652,0.532608695652174,0.8695652173913043,0.8695652173913043,0.782608695652174,0.7608695652173914,0.5978260869565217,0.33695652173913043,0.16304347826086957,0.05434782608695652,0.15217391304347827,0.6195652173913043,0.7065217391304348,0.6413043478260869,0.8369565217391305,0.7282608695652174,0.6956521739130435,0.4891304347826087,0.31521739130434784,0.0,0.021739130434782608,0.09782608695652174,0.13043478260869565,0.10869565217391304,0.4782608695652174,0.42391304347826086,0.4673913043478261,0.7934782608695652,0.7065217391304348,0.6847826086956522,0.6304347826086957,0.33695652173913043,0.0,0.010869565217391304,0.07608695652173914,0.16304347826086957,0.32608695652173914,0.358695652173913,0.42391304347826086,0.532608695652174,0.7065217391304348,0.6195652173913043,0.2717391304347826,0.11956521739130435,0.25,0.5108695652173914,0.5978260869565217,0.5,0.42391304347826086,0.10869565217391304,0.18478260869565216,0.3695652173913043,0.6413043478260869,0.5108695652173914,0.42391304347826086,0.43478260869565216,0.41304347826086957,0.31521739130434784,0.21739130434782608,0.2608695652173913,0.17391304347826086,0.06521739130434782,0.07608695652173914,0.010869565217391304,0.5140533538255009
2038-10-01,0.010869565217391304,0.0,0.0,0.0,0.0,0.0,0.16304347826086957,0.09782608695652174,0.07608695652173914,0.010869565217391304,0.0,0.0,0.0,0.0,0.5217391304347826,0.2717391304347826,0.15217391304347827,0.05434782608695652,0.043478260869565216,0.0,0.0,0.0,0.0,0.7608695652173914,0.3695652173913043,0.13043478260869565,0.043478260869565216,0.03260869565217391,0.010869565217391304,0.0,0.0,0.0,0.6956521739130435,0.44565217391304346,0.08695652173913043,0.010869565217391304,0.021739130434782608,0.021739130434782608,0.0,0.0,0.0,0.06521739130434782,0.31521739130434784,0.06521739130434782,0.05434782608695652,0.03260869565217391,0.010869565217391304,0.010869565217391304,0.021739130434782608,0.0,0.0,0.043478260869565216,0.09782608695652174,0.05434782608695652,0.03260869565217391,0.0,0.0,0.021739130434782608,0.021739130434782608,0.0,0.0,0.043478260869565216,0.043478260869565216,0.021739130434782608,0.021739130434782608,0.0,0.0,0.021739130434782608,0.021739130434782608,0.0,0.0,0.08695652173913043,0.05434782608695652,0.021739130434782608,0.021739130434782608,0.0,0.010869565217391304,0.03260869565217391,0.021739130434782608,0.0,0.0,0.0,0.17391304347826086,0.11956521739130435,0.07608695652173914,0.11956521739130435,0.010869565217391304,0.0,0.0,0.0,0.0,0.0,0.0,0.25,0.22826086956521738,0.22826086956521738,0.17391304347826086,0.06521739130434782,0.11956521739130435,0.08695652173913043,0.0,0.0,0.0,0.0,0.0,0.0,0.22826086956521738,0.2717391304347826,0.29347826086956524,0.31521739130434784,0.1956521739130435,0.17391304347826086,0.16304347826086957,0.13043478260869565,0.03260869565217391,0.021739130434782608,0.021739130434782608,0.0,0.0,0.31521739130434784,0.30434782608695654,0.2608695652173913,0.22826086956521738,0.18478260869565216,0.16304347826086957,0.15217391304347827,0.09782608695652174,0.03260869565217391,0.0,0.0,0.0,0.20652173913043478,0.2826086956521739,0.2391304347826087,0.14130434782608695,0.10869565217391304,0.13043478260869565,0.14130434782608695,0.13043478260869565,0.08695652173913043,0.03260869565217391,0.0,0.15217391304347827,0.20652173913043478,0.15217391304347827,0.08695652173913043,0.07608695652173914,0.15217391304347827,0.14130434782608695,0.13043478260869565,0.08695652173913043,0.03260869565217391,0.0,0.07608695652173914,0.10869565217391304,0.16304347826086957,0.05434782608695652,0.15217391304347827,0.13043478260869565,0.16304347826086957,0.14130434782608695,0.08695652173913043,0.08695652173913043,0.021739130434782608,0.021739130434782608,0.05434782608695652,0.09782608695652174,0.14130434782608695,0.4673913043478261,0.2717391304347826,0.16304347826086957,0.13043478260869565,0.08695652173913043,0.07608695652173914,0.0,0.0,0.010869565217391304,0.010869565217391304,0.043478260869565216,0.07608695652173914,0.10869565217391304,0.16304347826086957,0.07608695652173914,0.09782608695652174,0.08695652173913043,0.06521739130434782,0.06521739130434782,0.0,0.0,0.021739130434782608,0.10869565217391304,0.05434782608695652,0.03260869565217391,0.043478260869565216,0.06521739130434782,0.07608695652173914,0.06521739130434782,0.06521739130434782,0.010869565217391304,0.021739130434782608,0.18478260869565216,0.05434782608695652,0.05434782608695652,0.05434782608695652,0.0,0.021739130434782608,0.010869565217391304,0.09782608695652174,0.010869565217391304,0.010869565217391304,0.021739130434782608,0.05434782608695652,0.010869565217391304,0.0,0.0,0.0,0.0,0.0,0.0,0.14211791581301225
2039-01-01,0.18888888888888888,0.2111111111111111,0.17777777777777778,0.17777777777777778,0.14444444444444443,0.1111111111111111,0.4222222222222222,0.3,0.18888888888888888,0.14444444444444443,0.12222222222222222,0.1111111111111111,0.07777777777777778,0.07777777777777778,0.7111111111111111,0.37777777777777777,0.24444444444444444,0.2222222222222222,0.16666666666666666,0.14444444444444443,0.08888888888888889,0.07777777777777778,0.044444444444444446,0.8222222222222222,0.5111111111111111,0.3,0.23333333333333334,0.2111111111111111,0.15555555555555556,0.1111111111111111,0.06666666666666667,0.03333333333333333,0.7666666666666667,0.6444444444444445,0.3111111111111111,0.25555555555555554,0.2,0.2111111111111111,0.16666666666666666,0.12222222222222222,0.07777777777777778,0.18888888888888888,0.24444444444444444,0.23333333333333334,0.28888888888888886,0.2777777777777778,0.2222222222222222,0.3,0.2,0.13333333333333333,0.08888888888888889,0.14444444444444443,0.2111111111111111,0.25555555555555554,0.2777777777777778,0.3,0.3,0.25555555555555554,0.2,0.12222222222222222,0.08888888888888889,0.13333333333333333,0.16666666666666666,0.26666666666666666,0.25555555555555554,0.35555555555555557,0.37777777777777777,0.36666666666666664,0.18888888888888888,0.1111111111111111,0.06666666666666667,0.07777777777777778,0.13333333333333333,0.15555555555555556,0.23333333333333334,0.26666666666666666,0.2777777777777778,0.3333333333333333,0.24444444444444444,0.15555555555555556,0.06666666666666667,0.05555555555555555,0.06666666666666667,0.1,0.14444444444444443,0.13333333333333333,0.12222222222222222,0.18888888888888888,0.18888888888888888,0.14444444444444443,0.1,0.05555555555555555,0.06666666666666667,0.044444444444444446,0.08888888888888889,0.07777777777777778,0.06666666666666667,0.1,0.03333333333333333,0.06666666666666667,0.05555555555555555,0.05555555555555555,0.07777777777777778,0.044444444444444446,0.044444444444444446,0.07777777777777778,0.07777777777777778,0.13333333333333333,0.07777777777777778,0.06666666666666667,0.05555555555555555,0.03333333333333333,0.03333333333333333,0.044444444444444446,0.044444444444444446,0.044444444444444446,0.044444444444444446,0.05555555555555555,0.07777777777777778,0.044444444444444446,0.044444444444444446,0.03333333333333333,0.03333333333333333,0.044444444444444446,0.03333333333333333,0.03333333333333333,0.06666666666666667,0.05555555555555555,0.05555555555555555,0.08888888888888889,0.044444444444444446,0.1111111111111111,0.022222222222222223,0.022222222222222223,0.03333333333333333,0.03333333333333333,0.03333333333333333,0.06666666666666667,0.05555555555555555,0.06666666666666667,0.05555555555555555,0.07777777777777778,0.15555555555555556,0.03333333333333333,0.011111111111111112,0.05555555555555555,0.06666666666666667,0.03333333333333333,0.05555555555555555,0.07777777777777778,0.07777777777777778,0.07777777777777778,0.044444444444444446,0.2222222222222222,0.12222222222222222,0.06666666666666667,0.1,0.022222222222222223,0.05555555555555555,0.044444444444444446,0.1,0.1,0.07777777777777778,0.05555555555555555,0.18888888888888888,0.07777777777777778,0.08888888888888889,0.1,0.044444444444444446,0.03333333333333333,0.06666666666666667,0.06666666666666667,0.05555555555555555,0.07777777777777778,0.1,0.2111111111111111,0.2111111111111111,0.15555555555555556,0.1,0.1,0.1,0.08888888888888889,0.03333333333333333,0.05555555555555555,0.05555555555555555,0.07777777777777778,0.044444444444444446,0.2222222222222222,0.2222222222222222,0.24444444444444444,0.2111111111111111,0.13333333333333333,0.08888888888888889,0.06666666666666667,0.05555555555555555,0.03333333333333333,0.03333333333333333,0.26666666666666666,0.1111111111111111,0.06666666666666667,0.044444444444444446,0.05555555555555555,0.044444444444444446,0.022222222222222223,0.2222222222222222,0.15555555555555556,0.044444444444444446,0.13333333333333333,0.08888888888888889,0.03333333333333333,0.022222222222222223,0.08888888888888889,0.022222222222222223,0.03333333333333333,0.03333333333333333,0.03333333333333333,0.0,0.03333333333333333,0.0,0.14389389518111292
2039-04-01,0.03296703296703297,0.03296703296703297,0.03296703296703297,0.02197802197802198,0.02197802197802198,0.01098901098901099,0.0989010989010989,0.23076923076923078,0.06593406593406594,0.02197802197802198,0.02197802197802198,0.02197802197802198,0.02197802197802198,0.0,0.25274725274725274,0.5164835164835165,0.3956043956043956,0.08791208791208792,0.04395604395604396,0.04395604395604396,0.02197802197802198,0.01098901098901099,0.0,0.945054945054945,0.6593406593406593,0.2857142857142857,0.16483516483516483,0.03296703296703297,0.04395604395604396,0.02197802197802198,0.02197802197802198,0.0,0.9010989010989011,0.7252747252747253,0.3956043956043956,0.2087912087912088,0.08791208791208792,0.054945054945054944,0.02197802197802198,0.02197802197802198,0.02197802197802198,0.6373626373626373,0.8571428571428571,0.6153846153846154,0.5274725274725275,0.3626373626373626,0.24175824175824176,0.08791208791208792,0.03296703296703297,0.03296703296703297,0.03296703296703297,0.3956043956043956,0.6923076923076923,0.6593406593406593,0.5824175824175825,0.46153846153846156,0.3956043956043956,0.10989010989010989,0.03296703296703297,0.03296703296703297,0.01098901098901099,0.27472527472527475,0.43956043956043955,0.4835164835164835,0.5274725274725275,0.3626373626373626,0.32967032967032966,0.06593406593406594,0.03296703296703297,0.03296703296703297,0.01098901098901099,0.01098901098901099,0.15384615384615385,0.25274725274725274,0.3076923076923077,0.2087912087912088,0.3516483516483517,0.27472527472527475,0.06593406593406594,0.02197802197802198,0.02197802197802198,0.01098901098901099,0.02197802197802198,0.054945054945054944,0.14285714285714285,0.3956043956043956,0.15384615384615385,0.08791208791208792,0.04395604395604396,0.04395604395604396,0.04395604395604396,0.01098901098901099,0.01098901098901099,0.06593406593406594,0.01098901098901099,0.06593406593406594,0.04395604395604396,0.03296703296703297,0.06593406593406594,0.08791208791208792,0.07692307692307693,0.04395604395604396,0.04395604395604396,0.02197802197802198,0.01098901098901099,0.01098901098901099,0.04395604395604396,0.054945054945054944,0.10989010989010989,0.16483516483516483,0.10989010989010989,0.08791208791208792,0.13186813186813187,0.15384615384615385,0.07692307692307693,0.02197802197802198,0.02197802197802198,0.01098901098901099,0.01098901098901099,0.14285714285714285,0.16483516483516483,0.25274725274725274,0.15384615384615385,0.2087912087912088,0.23076923076923078,0.10989010989010989,0.07692307692307693,0.054945054945054944,0.01098901098901099,0.01098901098901099,0.01098901098901099,0.12087912087912088,0.1978021978021978,0.17582417582417584,0.1978021978021978,0.16483516483516483,0.18681318681318682,0.12087912087912088,0.10989010989010989,0.07692307692307693,0.0,0.0,0.21978021978021978,0.2967032967032967,0.15384615384615385,0.25274725274725274,0.25274725274725274,0.34065934065934067,0.23076923076923078,0.14285714285714285,0.06593406593406594,0.02197802197802198,0.02197802197802198,0.14285714285714285,0.24175824175824176,0.2857142857142857,0.25274725274725274,0.38461538461538464,0.3516483516483517,0.3076923076923077,0.2857142857142857,0.12087912087912088,0.03296703296703297,0.02197802197802198,0.0989010989010989,0.15384615384615385,0.3956043956043956,0.4175824175824176,0.31868131868131866,0.3516483516483517,0.25274725274725274,0.18681318681318682,0.06593406593406594,0.03296703296703297,0.0,0.01098901098901099,0.17582417582417584,0.2087912087912088,0.12087912087912088,0.34065934065934067,0.2967032967032967,0.2967032967032967,0.3956043956043956,0.2857142857142857,0.27472527472527475,0.14285714285714285,0.04395604395604396,0.01098901098901099,0.03296703296703297,0.07692307692307693,0.2857142857142857,0.2967032967032967,0.23076923076923078,0.2967032967032967,0.31868131868131866,0.3956043956043956,0.31868131868131866,0.32967032967032966,0.10989010989010989,0.23076923076923078,0.38461538461538464,0.34065934065934067,0.21978021978021978,0.13186813186813187,0.13186813186813187,0.27472527472527475,0.2857142857142857,0.3956043956043956,0.24175824175824176,0.14285714285714285,0.25274725274725274,0.25274725274725274,0.13186813186813187,0.23076923076923078,0.21978021978021978,0.12087912087912088,0.06593406593406594,0.054945054945054944,0.04395604395604396,0.29141181767378344
2039-07-01,0.0,0.0,0.0,0.0,0.03260869565217391,0.0,0.1956521739130435,0.532608695652174,0.11956521739130435,0.05434782608695652,0.043478260869565216,0.043478260869565216,0.06521739130434782,0.043478260869565216,0.391304347826087,0.9456521739130435,0.6195652173913043,0.16304347826086957,0.05434782608695652,0.043478260869565216,0.043478260869565216,0.03260869565217391,0.0,1.0,0.9239130434782609,0.21739130434782608,0.010869565217391304,0.021739130434782608,0.05434782608695652,0.07608695652173914,0.06521739130434782,0.0,0.9891304347826086,0.8043478260869565,0.42391304347826086,0.06521739130434782,0.0,0.03260869565217391,0.10869565217391304,0.20652173913043478,0.0,0.5760869565217391,0.782608695652174,0.358695652173913,0.2826086956521739,0.1956521739130435,0.17391304347826086,0.08695652173913043,0.03260869565217391,0.010869565217391304,0.0,0.2608695652173913,0.5652173913043478,0.33695652173913043,0.3695652173913043,0.16304347826086957,0.2826086956521739,0.09782608695652174,0.021739130434782608,0.0,0.0,0.18478260869565216,0.22826086956521738,0.2826086956521739,0.391304347826087,0.14130434782608695,0.25,0.09782608695652174,0.010869565217391304,0.010869565217391304,0.0,0.05434782608695652,0.0,0.09782608695652174,0.21739130434782608,0.17391304347826086,0.5,0.358695652173913,0.11956521739130435,0.043478260869565216,0.021739130434782608,0.010869565217391304,0.09782608695652174,0.13043478260869565,0.08695652173913043,0.6630434782608695,0.391304347826087,0.22826086956521738,0.14130434782608695,0.043478260869565216,0.05434782608695652,0.043478260869565216,0.021739130434782608,0.03260869565217391,0.07608695652173914,0.14130434782608695,0.21739130434782608,0.16304347826086957,0.391304347826087,0.3804347826086957,0.33695652173913043,0.16304347826086957,0.13043478260869565,0.11956521739130435,0.05434782608695652,0.021739130434782608,0.06521739130434782,0.09782608695652174,0.17391304347826086,0.3695652173913043,0.34782608695652173,0.41304347826086957,0.5,0.5108695652173914,0.3695652173913043,0.2717391304347826,0.1956521739130435,0.11956521739130435,0.043478260869565216,0.21739130434782608,0.33695652173913043,0.44565217391304346,0.4891304347826087,0.5869565217391305,0.7065217391304348,0.5543478260869565,0.358695652173913,0.29347826086956524,0.13043478260869565,0.043478260869565216,0.010869565217391304,0.13043478260869565,0.31521739130434784,0.43478260869565216,0.4891304347826087,0.40217391304347827,0.5217391304347826,0.5543478260869565,0.42391304347826086,0.391304347826087,0.15217391304347827,0.043478260869565216,0.18478260869565216,0.2717391304347826,0.29347826086956524,0.5108695652173914,0.5543478260869565,0.8152173913043478,0.6847826086956522,0.5760869565217391,0.3695652173913043,0.14130434782608695,0.06521739130434782,0.09782608695652174,0.2826086956521739,0.5,0.5,0.6956521739130435,0.8369565217391305,0.7391304347826086,0.7065217391304348,0.5,0.18478260869565216,0.13043478260869565,0.07608695652173914,0.1956521739130435,0.6739130434782609,0.6086956521739131,0.4782608695652174,0.7934782608695652,0.6413043478260869,0.5543478260869565,0.34782608695652173,0.16304347826086957,0.043478260869565216,0.06521739130434782,0.14130434782608695,0.15217391304347827,0.13043478260869565,0.4891304347826087,0.40217391304347827,0.358695652173913,0.717391304347826,0.6739130434782609,0.6630434782608695,0.5652173913043478,0.21739130434782608,0.03260869565217391,0.06521739130434782,0.09782608695652174,0.16304347826086957,0.42391304347826086,0.3695652173913043,0.44565217391304346,0.5652173913043478,0.6956521739130435,0.6739130434782609,0.31521739130434784,0.14130434782608695,0.30434782608695654,0.5217391304347826,0.5869565217391305,0.5108695652173914,0.41304347826086957,0.11956521739130435,0.22826086956521738,0.358695652173913,0.6304347826086957,0.5217391304347826,0.33695652173913043,0.41304347826086957,0.44565217391304346,0.25,0.25,0.33695652173913043,0.15217391304347827,0.08695652173913043,0.11956521739130435,0.043478260869565216,0.4864698914080818
2039-10-01,0.08695652173913043,0.03260869565217391,0.0,0.0,0.0,0.0,0.15217391304347827,0.16304347826086957,0.09782608695652174,0.06521739130434782,0.021739130434782608,0.010869565217391304,0.0,0.0,0.4891304347826087,0.20652173913043478,0.08695652173913043,0.07608695652173914,0.043478260869565216,0.043478260869565216,0.021739130434782608,0.010869565217391304,0.0,0.717391304347826,0.2391304347826087,0.05434782608695652,0.043478260869565216,0.021739130434782608,0.03260869565217391,0.021739130434782608,0.010869565217391304,0.010869565217391304,0.6086956521739131,0.25,0.043478260869565216,0.021739130434782608,0.021739130434782608,0.010869565217391304,0.010869565217391304,0.0,0.0,0.0,0.16304347826086957,0.010869565217391304,0.010869565217391304,0.010869565217391304,0.010869565217391304,0.0,0.0,0.0,0.021739130434782608,0.0,0.03260869565217391,0.03260869565217391,0.03260869565217391,0.010869565217391304,0.010869565217391304,0.0,0.0,0.0,0.021739130434782608,0.0,0.010869565217391304,0.03260869565217391,0.03260869565217391,0.0,0.0,0.010869565217391304,0.0,0.0,0.010869565217391304,0.021739130434782608,0.0,0.0,0.010869565217391304,0.0,0.03260869565217391,0.0,0.0,0.0,0.0,0.0,0.09782608695652174,0.05434782608695652,0.010869565217391304,0.07608695652173914,0.010869565217391304,0.0,0.0,0.0,0.0,0.0,0.0,0.08695652173913043,0.15217391304347827,0.2608695652173913,0.10869565217391304,0.010869565217391304,0.11956521739130435,0.043478260869565216,0.03260869565217391,0.0,0.0,0.0,0.0,0.0,0.16304347826086957,0.25,0.2826086956521739,0.25,0.15217391304347827,0.13043478260869565,0.08695652173913043,0.07608695652173914,0.03260869565217391,0.010869565217391304,0.0,0.0,0.0,0.2608695652173913,0.22826086956521738,0.20652173913043478,0.16304347826086957,0.13043478260869565,0.13043478260869565,0.08695652173913043,0.010869565217391304,0.0,0.0,0.0,0.0,0.20652173913043478,0.22826086956521738,0.20652173913043478,0.17391304347826086,0.11956521739130435,0.09782608695652174,0.08695652173913043,0.010869565217391304,0.0,0.0,0.0,0.21739130434782608,0.21739130434782608,0.1956521739130435,0.16304347826086957,0.13043478260869565,0.09782608695652174,0.07608695652173914,0.021739130434782608,0.010869565217391304,0.0,0.0,0.1956521739130435,0.20652173913043478,0.1956521739130435,0.18478260869565216,0.17391304347826086,0.09782608695652174,0.06521739130434782,0.05434782608695652,0.043478260869565216,0.0,0.0,0.14130434782608695,0.16304347826086957,0.2608695652173913,0.30434782608695654,0.5869565217391305,0.2608695652173913,0.14130434782608695,0.07608695652173914,0.03260869565217391,0.010869565217391304,0.0,0.03260869565217391,0.09782608695652174,0.10869565217391304,0.11956521739130435,0.18478260869565216,0.2717391304347826,0.3804347826086957,0.11956521739130435,0.07608695652173914,0.08695652173913043,0.021739130434782608,0.010869565217391304,0.0,0.010869565217391304,0.06521739130434782,0.1956521739130435,0.13043478260869565,0.07608695652173914,0.13043478260869565,0.043478260869565216,0.0,0.043478260869565216,0.14130434782608695,0.03260869565217391,0.06521739130434782,0.22826086956521738,0.06521739130434782,0.043478260869565216,0.03260869565217391,0.043478260869565216,0.043478260869565216,0.03260869565217391,0.13043478260869565,0.08695652173913043,0.043478260869565216,0.03260869565217391,0.08695652173913043,0.043478260869565216,0.010869565217391304,0.03260869565217391,0.010869565217391304,0.0,0.0,0.0,0.14432838641935863
2040-01-01,0.15555555555555556,0.1,0.1,0.1111111111111111,0.1,0.1111111111111111,0.26666666666666666,0.13333333333333333,0.1111111111111111,0.03333333333333333,0.05555555555555555,0.044444444444444446,0.05555555555555555,0.03333333333333333,0.5333333333333333,0.2111111111111111,0.15555555555555556,0.1111111111111111,0.14444444444444443,0.07777777777777778,0.08888888888888889,0.08888888888888889,0.06666666666666667,0.7888888888888889,0.3888888888888889,0.2,0.16666666666666666,0.14444444444444443,0.1111111111111111,0.1,0.1,0.07777777777777778,0.8,0.6444444444444445,0.23333333333333334,0.2222222222222222,0.14444444444444443,0.14444444444444443,0.1111111111111111,0.12222222222222222,0.07777777777777778,0.14444444444444443,0.25555555555555554,0.23333333333333334,0.24444444444444444,0.25555555555555554,0.16666666666666666,0.2,0.15555555555555556,0.13333333333333333,0.15555555555555556,0.1,0.16666666666666666,0.18888888888888888,0.2111111111111111,0.24444444444444444,0.25555555555555554,0.2222222222222222,0.18888888888888888,0.13333333333333333,0.14444444444444443,0.06666666666666667,0.14444444444444443,0.2,0.2222222222222222,0.3,0.3111111111111111,0.28888888888888886,0.15555555555555556,0.12222222222222222,0.08888888888888889,0.03333333333333333,0.06666666666666667,0.1111111111111111,0.15555555555555556,0.18888888888888888,0.2,0.25555555555555554,0.24444444444444444,0.14444444444444443,0.07777777777777778,0.07777777777777778,0.022222222222222223,0.03333333333333333,0.06666666666666667,0.06666666666666667,0.07777777777777778,0.14444444444444443,0.2111111111111111,0.16666666666666666,0.1111111111111111,0.06666666666666667,0.044444444444444446,0.011111111111111112,0.022222222222222223,0.05555555555555555,0.022222222222222223,0.011111111111111112,0.011111111111111112,0.022222222222222223,0.05555555555555555,0.13333333333333333,0.1,0.06666666666666667,0.05555555555555555,0.044444444444444446,0.06666666666666667,0.06666666666666667,0.044444444444444446,0.03333333333333333,0.011111111111111112,0.011111111111111112,0.022222222222222223,0.05555555555555555,0.05555555555555555,0.1111111111111111,0.12222222222222222,0.1111111111111111,0.06666666666666667,0.06666666666666667,0.044444444444444446,0.044444444444444446,0.05555555555555555,0.03333333333333333,0.044444444444444446,0.08888888888888889,0.13333333333333333,0.1111111111111111,0.07777777777777778,0.07777777777777778,0.03333333333333333,0.08888888888888889,0.05555555555555555,0.05555555555555555,0.05555555555555555,0.011111111111111112,0.022222222222222223,0.03333333333333333,0.06666666666666667,0.044444444444444446,0.044444444444444446,0.03333333333333333,0.14444444444444443,0.07777777777777778,0.06666666666666667,0.03333333333333333,0.03333333333333333,0.011111111111111112,0.03333333333333333,0.05555555555555555,0.03333333333333333,0.044444444444444446,0.03333333333333333,0.13333333333333333,0.26666666666666666,0.06666666666666667,0.044444444444444446,0.022222222222222223,0.03333333333333333,0.06666666666666667,0.06666666666666667,0.05555555555555555,0.044444444444444446,0.044444444444444446,0.13333333333333333,0.08888888888888889,0.05555555555555555,0.05555555555555555,0.03333333333333333,0.011111111111111112,0.03333333333333333,0.07777777777777778,0.022222222222222223,0.03333333333333333,0.14444444444444443,0.16666666666666666,0.13333333333333333,0.1,0.06666666666666667,0.044444444444444446,0.03333333333333333,0.03333333333333333,0.03333333333333333,0.03333333333333333,0.05555555555555555,0.05555555555555555,0.03333333333333333,0.16666666666666666,0.15555555555555556,0.16666666666666666,0.1111111111111111,0.07777777777777778,0.03333333333333333,0.03333333333333333,0.03333333333333333,0.011111111111111112,0.06666666666666667,0.12222222222222222,0.05555555555555555,0.011111111111111112,0.08888888888888889,0.03333333333333333,0.07777777777777778,0.06666666666666667,0.13333333333333333,0.12222222222222222,0.07777777777777778,0.1,0.05555555555555555,0.06666666666666667,0.14444444444444443,0.07777777777777778,0.05555555555555555,0.16666666666666666,0.13333333333333333,0.1111111111111111,0.044444444444444446,0.06666666666666667,0.044444444444444446,0.12058065656002494
2040-04-01,0.06593406593406594,0.06593406593406594,0.0989010989010989,0.14285714285714285,0.13186813186813187,0.08791208791208792,0.18681318681318682,0.4175824175824176,0.1978021978021978,0.07692307692307693,0.03296703296703297,0.06593406593406594,0.06593406593406594,0.054945054945054944,0.2967032967032967,0.5384615384615384,0.5164835164835165,0.32967032967032966,0.23076923076923078,0.12087912087912088,0.0989010989010989,0.054945054945054944,0.03296703296703297,1.0,0.8351648351648352,0.38461538461538464,0.2967032967032967,0.26373626373626374,0.24175824175824176,0.07692307692307693,0.07692307692307693,0.02197802197802198,0.9560439560439561,0.8681318681318682,0.5494505494505495,0.3956043956043956,0.26373626373626374,0.21978021978021978,0.0989010989010989,0.08791208791208792,0.03296703296703297,0.7362637362637363,0.9340659340659341,0.8351648351648352,0.6703296703296703,0.5714285714285714,0.4175824175824176,0.21978021978021978,0.10989010989010989,0.0989010989010989,0.054945054945054944,0.5164835164835165,0.8791208791208791,0.8901098901098901,0.8021978021978022,0.6043956043956044,0.5164835164835165,0.23076923076923078,0.12087912087912088,0.08791208791208792,0.06593406593406594,0.32967032967032966,0.6043956043956044,0.7362637362637363,0.7252747252747253,0.5164835164835165,0.4835164835164835,0.25274725274725274,0.10989010989010989,0.10989010989010989,0.10989010989010989,0.08791208791208792,0.3076923076923077,0.5164835164835165,0.5824175824175825,0.4835164835164835,0.4835164835164835,0.38461538461538464,0.2087912087912088,0.08791208791208792,0.0989010989010989,0.0989010989010989,0.04395604395604396,0.16483516483516483,0.37362637362637363,0.45054945054945056,0.24175824175824176,0.2087912087912088,0.1978021978021978,0.08791208791208792,0.04395604395604396,0.03296703296703297,0.04395604395604396,0.16483516483516483,0.06593406593406594,0.07692307692307693,0.0989010989010989,0.18681318681318682,0.15384615384615385,0.07692307692307693,0.02197802197802198,0.08791208791208792,0.08791208791208792,0.04395604395604396,0.02197802197802198,0.02197802197802198,0.17582417582417584,0.16483516483516483,0.21978021978021978,0.1978021978021978,0.17582417582417584,0.10989010989010989,0.06593406593406594,0.02197802197802198,0.03296703296703297,0.04395604395604396,0.01098901098901099,0.03296703296703297,0.02197802197802198,0.24175824175824176,0.25274725274725274,0.32967032967032966,0.13186813186813187,0.054945054945054944,0.04395604395604396,0.03296703296703297,0.054945054945054944,0.054945054945054944,0.02197802197802198,0.0,0.0,0.10989010989010989,0.16483516483516483,0.17582417582417584,0.14285714285714285,0.04395604395604396,0.08791208791208792,0.04395604395604396,0.08791208791208792,0.0989010989010989,0.04395604395604396,0.0,0.15384615384615385,0.23076923076923078,0.12087912087912088,0.17582417582417584,0.17582417582417584,0.2967032967032967,0.21978021978021978,0.17582417582417584,0.16483516483516483,0.03296703296703297,0.0,0.18681318681318682,0.21978021978021978,0.27472527472527475,0.2087912087912088,0.45054945054945056,0.42857142857142855,0.24175824175824176,0.27472527472527475,0.23076923076923078,0.054945054945054944,0.01098901098901099,0.16483516483516483,0.12087912087912088,0.3516483516483517,0.4175824175824176,0.32967032967032966,0.3516483516483517,0.23076923076923078,0.17582417582417584,0.14285714285714285,0.06593406593406594,0.07692307692307693,0.08791208791208792,0.17582417582417584,0.23076923076923078,0.13186813186813187,0.26373626373626374,0.24175824175824176,0.23076923076923078,0.34065934065934067,0.27472527472527475,0.25274725274725274,0.16483516483516483,0.04395604395604396,0.07692307692307693,0.0989010989010989,0.13186813186813187,0.14285714285714285,0.23076923076923078,0.21978021978021978,0.26373626373626374,0.2087912087912088,0.26373626373626374,0.23076923076923078,0.27472527472527475,0.0989010989010989,0.23076923076923078,0.2967032967032967,0.1978021978021978,0.0989010989010989,0.08791208791208792,0.17582417582417584,0.2857142857142857,0.2967032967032967,0.2967032967032967,0.16483516483516483,0.06593406593406594,0.27472527472527475,0.14285714285714285,0.08791208791208792,0.2967032967032967,0.23076923076923078,0.07692307692307693,0.04395604395604396,0.06593406593406594,0.054945054945054944,0.2940006612175755
2040-07-01,0.010869565217391304,0.010869565217391304,0.03260869565217391,0.043478260869565216,0.043478260869565216,0.010869565217391304,0.07608695652173914,0.43478260869565216,0.11956521739130435,0.021739130434782608,0.05434782608695652,0.10869565217391304,0.09782608695652174,0.021739130434782608,0.40217391304347827,0.8695652173913043,0.5217391304347826,0.14130434782608695,0.07608695652173914,0.10869565217391304,0.16304347826086957,0.07608695652173914,0.0,0.9782608695652174,0.8804347826086957,0.1956521739130435,0.09782608695652174,0.07608695652173914,0.06521739130434782,0.11956521739130435,0.09782608695652174,0.0,0.9565217391304348,0.8043478260869565,0.44565217391304346,0.08695652173913043,0.021739130434782608,0.05434782608695652,0.1956521739130435,0.20652173913043478,0.03260869565217391,0.6304347826086957,0.8695652173913043,0.6304347826086957,0.5,0.3804347826086957,0.32608695652173914,0.06521739130434782,0.03260869565217391,0.0,0.0,0.391304347826087,0.6195652173913043,0.5,0.42391304347826086,0.2608695652173913,0.45652173913043476,0.10869565217391304,0.010869565217391304,0.0,0.0,0.2717391304347826,0.30434782608695654,0.2717391304347826,0.41304347826086957,0.15217391304347827,0.43478260869565216,0.11956521739130435,0.010869565217391304,0.0,0.0,0.07608695652173914,0.13043478260869565,0.18478260869565216,0.21739130434782608,0.21739130434782608,0.391304347826087,0.41304347826086957,0.20652173913043478,0.0,0.0,0.0,0.11956521739130435,0.15217391304347827,0.14130434782608695,0.5978260869565217,0.30434782608695654,0.11956521739130435,0.08695652173913043,0.03260869565217391,0.010869565217391304,0.0,0.0,0.021739130434782608,0.043478260869565216,0.13043478260869565,0.22826086956521738,0.17391304347826086,0.30434782608695654,0.2608695652173913,0.14130434782608695,0.0,0.021739130434782608,0.021739130434782608,0.010869565217391304,0.0,0.021739130434782608,0.06521739130434782,0.2391304347826087,0.33695652173913043,0.2826086956521739,0.358695652173913,0.43478260869565216,0.5108695652173914,0.25,0.20652173913043478,0.10869565217391304,0.07608695652173914,0.05434782608695652,0.30434782608695654,0.40217391304347827,0.42391304347826086,0.41304347826086957,0.45652173913043476,0.7065217391304348,0.5434782608695652,0.41304347826086957,0.22826086956521738,0.08695652173913043,0.03260869565217391,0.0,0.13043478260869565,0.3804347826086957,0.3804347826086957,0.391304347826087,0.40217391304347827,0.5978260869565217,0.5978260869565217,0.4673913043478261,0.3804347826086957,0.11956521739130435,0.043478260869565216,0.17391304347826086,0.40217391304347827,0.34782608695652173,0.41304347826086957,0.5543478260869565,0.8586956521739131,0.7065217391304348,0.5869565217391305,0.32608695652173914,0.16304347826086957,0.043478260869565216,0.06521739130434782,0.45652173913043476,0.5,0.40217391304347827,0.7934782608695652,0.8478260869565217,0.782608695652174,0.6413043478260869,0.44565217391304346,0.20652173913043478,0.08695652173913043,0.043478260869565216,0.18478260869565216,0.6304347826086957,0.6304347826086957,0.5652173913043478,0.8478260869565217,0.6847826086956522,0.5652173913043478,0.32608695652173914,0.1956521739130435,0.0,0.010869565217391304,0.07608695652173914,0.10869565217391304,0.10869565217391304,0.4891304347826087,0.40217391304347827,0.5,0.8043478260869565,0.6956521739130435,0.6630434782608695,0.4891304347826087,0.20652173913043478,0.021739130434782608,0.03260869565217391,0.06521739130434782,0.14130434782608695,0.3695652173913043,0.41304347826086957,0.5217391304347826,0.5978260869565217,0.75,0.6630434782608695,0.358695652173913,0.22826086956521738,0.391304347826087,0.6086956521739131,0.5978260869565217,0.5,0.3804347826086957,0.14130434782608695,0.34782608695652173,0.41304347826086957,0.6413043478260869,0.4673913043478261,0.31521739130434784,0.4673913043478261,0.4673913043478261,0.22826086956521738,0.34782608695652173,0.3804347826086957,0.14130434782608695,0.08695652173913043,0.08695652173913043,0.06521739130434782,0.4929774073220879
2040-10-01,0.0,0.0,0.0,0.0,0.010869565217391304,0.0,0.10869565217391304,0.15217391304347827,0.010869565217391304,0.0,0.0,0.0,0.0,0.0,0.358695652173913,0.18478260869565216,0.07608695652173914,0.0,0.0,0.0,0.0,0.0,0.0,0.5869565217391305,0.2608695652173913,0.043478260869565216,0.0,0.0,0.0,0.0,0.0,0.0,0.5108695652173914,0.21739130434782608,0.03260869565217391,0.0,0.0,0.0,0.0,0.0,0.0,0.03260869565217391,0.16304347826086957,0.010869565217391304,0.010869565217391304,0.0,0.0,0.0,0.0,0.0,0.0,0.021739130434782608,0.021739130434782608,0.0,0.0,0.0,0.0,0.0,0.0,0.0,0.0,0.021739130434782608,0.0,0.0,0.0,0.0,0.0,0.0,0.0,0.0,0.0,0.05434782608695652,0.03260869565217391,0.010869565217391304,0.0,0.0,0.0,0.0,0.0,0.0,0.0,0.0,0.16304347826086957,0.10869565217391304,0.03260869565217391,0.043478260869565216,0.021739130434782608,0.0,0.0,0.0,0.0,0.0,0.0,0.08695652173913043,0.1956521739130435,0.2826086956521739,0.21739130434782608,0.06521739130434782,0.11956521739130435,0.03260869565217391,0.010869565217391304,0.0,0.0,0.0,0.0,0.0,0.15217391304347827,0.30434782608695654,0.34782608695652173,0.358695652173913,0.2608695652173913,0.2608695652173913,0.20652173913043478,0.07608695652173914,0.03260869565217391,0.010869565217391304,0.0,0.0,0.0,0.31521739130434784,0.2608695652173913,0.34782608695652173,0.2391304347826087,0.18478260869565216,0.11956521739130435,0.06521739130434782,0.021739130434782608,0.010869565217391304,0.0,0.0,0.0,0.13043478260869565,0.25,0.2717391304347826,0.14130434782608695,0.07608695652173914,0.09782608695652174,0.043478260869565216,0.03260869565217391,0.021739130434782608,0.010869565217391304,0.0,0.14130434782608695,0.13043478260869565,0.11956521739130435,0.11956521739130435,0.14130434782608695,0.15217391304347827,0.07608695652173914,0.03260869565217391,0.010869565217391304,0.010869565217391304,0.0,0.06521739130434782,0.10869565217391304,0.25,0.14130434782608695,0.32608695652173914,0.16304347826086957,0.10869565217391304,0.06521739130434782,0.010869565217391304,0.010869565217391304,0.0,0.03260869565217391,0.03260869565217391,0.21739130434782608,0.1956521739130435,0.4891304347826087,0.2391304347826087,0.14130434782608695,0.13043478260869565,0.021739130434782608,0.010869565217391304,0.010869565217391304,0.0,0.043478260869565216,0.0,0.010869565217391304,0.03260869565217391,0.07608695652173914,0.13043478260869565,0.043478260869565216,0.08695652173913043,0.11956521739130435,0.05434782608695652,0.021739130434782608,0.010869565217391304,0.0,0.010869565217391304,0.021739130434782608,0.0,0.0,0.0,0.021739130434782608,0.03260869565217391,0.11956521739130435,0.010869565217391304,0.0,0.010869565217391304,0.15217391304347827,0.05434782608695652,0.07608695652173914,0.05434782608695652,0.0,0.0,0.010869565217391304,0.08695652173913043,0.06521739130434782,0.03260869565217391,0.010869565217391304,0.08695652173913043,0.03260869565217391,0.0,0.0,0.0,0.0,0.0,0.0,0.12369804041844666
2041-01-01,0.25555555555555554,0.18888888888888888,0.2111111111111111,0.16666666666666666,0.1111111111111111,0.08888888888888889,0.35555555555555557,0.24444444444444444,0.13333333333333333,0.13333333333333333,0.13333333333333333,0.05555555555555555,0.03333333333333333,0.05555555555555555,0.7555555555555555,0.34444444444444444,0.24444444444444444,0.17777777777777778,0.18888888888888888,0.18888888888888888,0.1111111111111111,0.07777777777777778,0.07777777777777778,0.9111111111111111,0.4888888888888889,0.25555555555555554,0.23333333333333334,0.2777777777777778,0.25555555555555554,0.14444444444444443,0.08888888888888889,0.05555555555555555,0.9555555555555556,0.7555555555555555,0.3111111111111111,0.3111111111111111,0.34444444444444444,0.3111111111111111,0.18888888888888888,0.08888888888888889,0.07777777777777778,0.25555555555555554,0.36666666666666664,0.34444444444444444,0.3333333333333333,0.3333333333333333,0.3111111111111111,0.3333333333333333,0.2777777777777778,0.14444444444444443,0.1111111111111111,0.16666666666666666,0.2222222222222222,0.3,0.32222222222222224,0.3111111111111111,0.3333333333333333,0.32222222222222224,0.24444444444444444,0.15555555555555556,0.13333333333333333,0.1111111111111111,0.16666666666666666,0.2222222222222222,0.18888888888888888,0.25555555555555554,0.3111111111111111,0.28888888888888886,0.2,0.1111111111111111,0.12222222222222222,0.044444444444444446,0.1111111111111111,0.13333333333333333,0.12222222222222222,0.14444444444444443,0.24444444444444444,0.25555555555555554,0.24444444444444444,0.14444444444444443,0.08888888888888889,0.13333333333333333,0.03333333333333333,0.1111111111111111,0.12222222222222222,0.05555555555555555,0.08888888888888889,0.13333333333333333,0.16666666666666666,0.13333333333333333,0.07777777777777778,0.08888888888888889,0.1111111111111111,0.0,0.022222222222222223,0.044444444444444446,0.044444444444444446,0.05555555555555555,0.011111111111111112,0.03333333333333333,0.044444444444444446,0.03333333333333333,0.06666666666666667,0.06666666666666667,0.07777777777777778,0.12222222222222222,0.022222222222222223,0.06666666666666667,0.03333333333333333,0.03333333333333333,0.022222222222222223,0.0,0.011111111111111112,0.03333333333333333,0.03333333333333333,0.07777777777777778,0.05555555555555555,0.05555555555555555,0.1111111111111111,0.022222222222222223,0.03333333333333333,0.011111111111111112,0.011111111111111112,0.0,0.022222222222222223,0.044444444444444446,0.022222222222222223,0.011111111111111112,0.022222222222222223,0.07777777777777778,0.022222222222222223,0.07777777777777778,0.03333333333333333,0.022222222222222223,0.011111111111111112,0.011111111111111112,0.022222222222222223,0.044444444444444446,0.03333333333333333,0.03333333333333333,0.022222222222222223,0.03333333333333333,0.08888888888888889,0.022222222222222223,0.0,0.0,0.011111111111111112,0.022222222222222223,0.03333333333333333,0.044444444444444446,0.022222222222222223,0.022222222222222223,0.011111111111111112,0.08888888888888889,0.17777777777777778,0.0,0.0,0.0,0.011111111111111112,0.022222222222222223,0.03333333333333333,0.0,0.011111111111111112,0.03333333333333333,0.07777777777777778,0.022222222222222223,0.011111111111111112,0.022222222222222223,0.0,0.011111111111111112,0.0,0.011111111111111112,0.022222222222222223,0.022222222222222223,0.07777777777777778,0.14444444444444443,0.15555555555555556,0.07777777777777778,0.03333333333333333,0.011111111111111112,0.0,0.011111111111111112,0.0,0.0,0.011111111111111112,0.03333333333333333,0.044444444444444446,0.07777777777777778,0.1111111111111111,0.1111111111111111,0.1111111111111111,0.044444444444444446,0.011111111111111112,0.03333333333333333,0.022222222222222223,0.0,0.022222222222222223,0.1111111111111111,0.03333333333333333,0.022222222222222223,0.0,0.011111111111111112,0.022222222222222223,0.022222222222222223,0.16666666666666666,0.12222222222222222,0.06666666666666667,0.1,0.022222222222222223,0.0,0.03333333333333333,0.022222222222222223,0.0,0.07777777777777778,0.0,0.0,0.011111111111111112,0.0,0.0,0.11139531935534606
2041-04-01,0.054945054945054944,0.07692307692307693,0.0989010989010989,0.10989010989010989,0.10989010989010989,0.12087912087912088,0.17582417582417584,0.2967032967032967,0.08791208791208792,0.04395604395604396,0.07692307692307693,0.07692307692307693,0.12087912087912088,0.07692307692307693,0.2857142857142857,0.46153846153846156,0.3516483516483517,0.14285714285714285,0.0989010989010989,0.07692307692307693,0.12087912087912088,0.14285714285714285,0.06593406593406594,0.978021978021978,0.6923076923076923,0.3076923076923077,0.17582417582417584,0.17582417582417584,0.18681318681318682,0.12087912087912088,0.17582417582417584,0.0989010989010989,0.8351648351648352,0.7692307692307693,0.5714285714285714,0.26373626373626374,0.1978021978021978,0.21978021978021978,0.16483516483516483,0.17582417582417584,0.10989010989010989,0.6703296703296703,0.8571428571428571,0.7252747252747253,0.6263736263736264,0.5384615384615384,0.38461538461538464,0.2087912087912088,0.2087912087912088,0.2087912087912088,0.10989010989010989,0.34065934065934067,0.6813186813186813,0.6043956043956044,0.6153846153846154,0.4835164835164835,0.5274725274725275,0.2857142857142857,0.1978021978021978,0.16483516483516483,0.10989010989010989,0.25274725274725274,0.46153846153846156,0.5274725274725275,0.4945054945054945,0.37362637362637363,0.4725274725274725,0.3516483516483517,0.12087912087912088,0.13186813186813187,0.10989010989010989,0.04395604395604396,0.13186813186813187,0.2967032967032967,0.34065934065934067,0.38461538461538464,0.46153846153846156,0.4725274725274725,0.38461538461538464,0.15384615384615385,0.14285714285714285,0.10989010989010989,0.06593406593406594,0.0989010989010989,0.25274725274725274,0.5384615384615384,0.46153846153846156,0.43956043956043955,0.3956043956043956,0.2967032967032967,0.18681318681318682,0.10989010989010989,0.08791208791208792,0.07692307692307693,0.07692307692307693,0.12087912087912088,0.12087912087912088,0.10989010989010989,0.31868131868131866,0.32967032967032966,0.3076923076923077,0.3516483516483517,0.31868131868131866,0.23076923076923078,0.10989010989010989,0.07692307692307693,0.07692307692307693,0.08791208791208792,0.17582417582417584,0.27472527472527475,0.1978021978021978,0.23076923076923078,0.3076923076923077,0.3516483516483517,0.3516483516483517,0.34065934065934067,0.27472527472527475,0.15384615384615385,0.0989010989010989,0.23076923076923078,0.27472527472527475,0.31868131868131866,0.23076923076923078,0.2967032967032967,0.46153846153846156,0.4065934065934066,0.3516483516483517,0.2857142857142857,0.13186813186813187,0.08791208791208792,0.04395604395604396,0.15384615384615385,0.25274725274725274,0.24175824175824176,0.2857142857142857,0.21978021978021978,0.34065934065934067,0.46153846153846156,0.38461538461538464,0.2967032967032967,0.08791208791208792,0.06593406593406594,0.3076923076923077,0.3076923076923077,0.2087912087912088,0.27472527472527475,0.3076923076923077,0.5494505494505495,0.5384615384615384,0.5054945054945055,0.2967032967032967,0.13186813186813187,0.04395604395604396,0.1978021978021978,0.3076923076923077,0.2967032967032967,0.31868131868131866,0.45054945054945056,0.5934065934065934,0.5714285714285714,0.5494505494505495,0.34065934065934067,0.17582417582417584,0.054945054945054944,0.16483516483516483,0.23076923076923078,0.4175824175824176,0.5054945054945055,0.4945054945054945,0.5934065934065934,0.5384615384615384,0.4835164835164835,0.3076923076923077,0.15384615384615385,0.03296703296703297,0.07692307692307693,0.3076923076923077,0.3076923076923077,0.24175824175824176,0.46153846153846156,0.5384615384615384,0.5164835164835165,0.5934065934065934,0.5604395604395604,0.4835164835164835,0.38461538461538464,0.15384615384615385,0.03296703296703297,0.0989010989010989,0.18681318681318682,0.34065934065934067,0.5274725274725275,0.5384615384615384,0.5384615384615384,0.5274725274725275,0.5714285714285714,0.4835164835164835,0.5274725274725275,0.4175824175824176,0.43956043956043955,0.5274725274725275,0.43956043956043955,0.2967032967032967,0.2087912087912088,0.25274725274725274,0.45054945054945056,0.4725274725274725,0.42857142857142855,0.3076923076923077,0.16483516483516483,0.4065934065934066,0.2967032967032967,0.23076923076923078,0.3516483516483517,0.3076923076923077,0.15384615384615385,0.08791208791208792,0.14285714285714285,0.07692307692307693,0.4162412705103547
2041-07-01,0.0,0.0,0.0,0.021739130434782608,0.021739130434782608,0.021739130434782608,0.13043478260869565,0.5,0.13043478260869565,0.043478260869565216,0.021739130434782608,0.08695652173913043,0.07608695652173914,0.0,0.358695652173913,0.8913043478260869,0.6739130434782609,0.14130434782608695,0.03260869565217391,0.0,0.021739130434782608,0.021739130434782608,0.0,1.0,0.9130434782608695,0.16304347826086957,0.043478260869565216,0.03260869565217391,0.03260869565217391,0.043478260869565216,0.08695652173913043,0.0,0.9782608695652174,0.8260869565217391,0.44565217391304346,0.03260869565217391,0.043478260869565216,0.05434782608695652,0.17391304347826086,0.16304347826086957,0.0,0.5978260869565217,0.7717391304347826,0.5,0.5217391304347826,0.43478260869565216,0.2717391304347826,0.06521739130434782,0.05434782608695652,0.03260869565217391,0.0,0.40217391304347827,0.5434782608695652,0.4673913043478261,0.4782608695652174,0.3695652173913043,0.43478260869565216,0.09782608695652174,0.021739130434782608,0.03260869565217391,0.0,0.22826086956521738,0.3695652173913043,0.40217391304347827,0.5,0.29347826086956524,0.391304347826087,0.14130434782608695,0.17391304347826086,0.08695652173913043,0.0,0.043478260869565216,0.06521739130434782,0.14130434782608695,0.25,0.2608695652173913,0.45652173913043476,0.4673913043478261,0.34782608695652173,0.22826086956521738,0.14130434782608695,0.010869565217391304,0.06521739130434782,0.07608695652173914,0.09782608695652174,0.5217391304347826,0.391304347826087,0.2826086956521739,0.40217391304347827,0.2826086956521739,0.1956521739130435,0.13043478260869565,0.05434782608695652,0.021739130434782608,0.021739130434782608,0.11956521739130435,0.15217391304347827,0.05434782608695652,0.2391304347826087,0.40217391304347827,0.3804347826086957,0.3804347826086957,0.2826086956521739,0.2391304347826087,0.16304347826086957,0.08695652173913043,0.03260869565217391,0.043478260869565216,0.1956521739130435,0.33695652173913043,0.25,0.4673913043478261,0.5,0.5217391304347826,0.44565217391304346,0.3695652173913043,0.2826086956521739,0.16304347826086957,0.10869565217391304,0.29347826086956524,0.391304347826087,0.532608695652174,0.5434782608695652,0.6195652173913043,0.7608695652173914,0.5978260869565217,0.41304347826086957,0.3804347826086957,0.1956521739130435,0.07608695652173914,0.010869565217391304,0.07608695652173914,0.391304347826087,0.4673913043478261,0.5652173913043478,0.532608695652174,0.6195652173913043,0.5760869565217391,0.532608695652174,0.42391304347826086,0.21739130434782608,0.06521739130434782,0.14130434782608695,0.41304347826086957,0.391304347826087,0.6086956521739131,0.6630434782608695,0.7934782608695652,0.6521739130434783,0.5652173913043478,0.4673913043478261,0.1956521739130435,0.043478260869565216,0.06521739130434782,0.32608695652173914,0.5652173913043478,0.5760869565217391,0.8369565217391305,0.8152173913043478,0.7608695652173914,0.6956521739130435,0.5217391304347826,0.20652173913043478,0.06521739130434782,0.021739130434782608,0.18478260869565216,0.7391304347826086,0.8152173913043478,0.6956521739130435,0.8695652173913043,0.7282608695652174,0.6086956521739131,0.45652173913043476,0.15217391304347827,0.05434782608695652,0.021739130434782608,0.15217391304347827,0.15217391304347827,0.15217391304347827,0.5978260869565217,0.5978260869565217,0.5869565217391305,0.7934782608695652,0.75,0.6956521739130435,0.532608695652174,0.17391304347826086,0.043478260869565216,0.043478260869565216,0.05434782608695652,0.17391304347826086,0.45652173913043476,0.5217391304347826,0.6195652173913043,0.6630434782608695,0.717391304347826,0.6086956521739131,0.31521739130434784,0.25,0.40217391304347827,0.6630434782608695,0.5978260869565217,0.45652173913043476,0.3695652173913043,0.18478260869565216,0.32608695652173914,0.4673913043478261,0.6304347826086957,0.4891304347826087,0.3804347826086957,0.532608695652174,0.45652173913043476,0.31521739130434784,0.33695652173913043,0.33695652173913043,0.2391304347826087,0.08695652173913043,0.05434782608695652,0.03260869565217391,0.523992718115203
2041-10-01,0.021739130434782608,0.021739130434782608,0.010869565217391304,0.010869565217391304,0.0,0.0,0.16304347826086957,0.09782608695652174,0.043478260869565216,0.021739130434782608,0.021739130434782608,0.010869565217391304,0.010869565217391304,0.010869565217391304,0.4891304347826087,0.21739130434782608,0.021739130434782608,0.021739130434782608,0.021739130434782608,0.021739130434782608,0.021739130434782608,0.010869565217391304,0.010869565217391304,0.717391304347826,0.2608695652173913,0.010869565217391304,0.0,0.010869565217391304,0.021739130434782608,0.021739130434782608,0.010869565217391304,0.010869565217391304,0.782608695652174,0.44565217391304346,0.03260869565217391,0.0,0.0,0.021739130434782608,0.010869565217391304,0.010869565217391304,0.010869565217391304,0.010869565217391304,0.16304347826086957,0.043478260869565216,0.03260869565217391,0.0,0.0,0.010869565217391304,0.010869565217391304,0.010869565217391304,0.0,0.0,0.09782608695652174,0.021739130434782608,0.010869565217391304,0.0,0.0,0.0,0.0,0.0,0.010869565217391304,0.0,0.03260869565217391,0.03260869565217391,0.010869565217391304,0.0,0.0,0.021739130434782608,0.0,0.0,0.010869565217391304,0.021739130434782608,0.0,0.03260869565217391,0.021739130434782608,0.0,0.0,0.0,0.010869565217391304,0.0,0.0,0.010869565217391304,0.05434782608695652,0.03260869565217391,0.021739130434782608,0.05434782608695652,0.021739130434782608,0.010869565217391304,0.0,0.0,0.0,0.0,0.0,0.03260869565217391,0.10869565217391304,0.13043478260869565,0.07608695652173914,0.05434782608695652,0.05434782608695652,0.03260869565217391,0.010869565217391304,0.0,0.0,0.0,0.0,0.0,0.11956521739130435,0.17391304347826086,0.21739130434782608,0.16304347826086957,0.09782608695652174,0.07608695652173914,0.043478260869565216,0.043478260869565216,0.010869565217391304,0.0,0.0,0.0,0.0,0.17391304347826086,0.14130434782608695,0.14130434782608695,0.08695652173913043,0.05434782608695652,0.05434782608695652,0.043478260869565216,0.010869565217391304,0.010869565217391304,0.010869565217391304,0.0,0.0,0.08695652173913043,0.13043478260869565,0.09782608695652174,0.03260869565217391,0.021739130434782608,0.021739130434782608,0.021739130434782608,0.010869565217391304,0.021739130434782608,0.0,0.0,0.08695652173913043,0.08695652173913043,0.06521739130434782,0.05434782608695652,0.06521739130434782,0.05434782608695652,0.043478260869565216,0.043478260869565216,0.0,0.0,0.0,0.05434782608695652,0.07608695652173914,0.09782608695652174,0.08695652173913043,0.18478260869565216,0.13043478260869565,0.15217391304347827,0.07608695652173914,0.0,0.0,0.0,0.03260869565217391,0.06521739130434782,0.13043478260869565,0.2717391304347826,0.42391304347826086,0.18478260869565216,0.14130434782608695,0.06521739130434782,0.010869565217391304,0.0,0.0,0.0,0.03260869565217391,0.03260869565217391,0.03260869565217391,0.043478260869565216,0.17391304347826086,0.1956521739130435,0.07608695652173914,0.08695652173913043,0.05434782608695652,0.010869565217391304,0.0,0.0,0.010869565217391304,0.0,0.05434782608695652,0.043478260869565216,0.043478260869565216,0.05434782608695652,0.03260869565217391,0.05434782608695652,0.05434782608695652,0.09782608695652174,0.021739130434782608,0.021739130434782608,0.17391304347826086,0.06521739130434782,0.021739130434782608,0.0,0.03260869565217391,0.03260869565217391,0.021739130434782608,0.16304347826086957,0.03260869565217391,0.0,0.021739130434782608,0.05434782608695652,0.0,0.010869565217391304,0.010869565217391304,0.0,0.0,0.0,0.0,0.1164510991200873
2042-01-01,0.08888888888888889,0.03333333333333333,0.0,0.0,0.03333333333333333,0.022222222222222223,0.16666666666666666,0.14444444444444443,0.08888888888888889,0.03333333333333333,0.011111111111111112,0.0,0.0,0.011111111111111112,0.4111111111111111,0.2,0.13333333333333333,0.03333333333333333,0.022222222222222223,0.0,0.0,0.0,0.022222222222222223,0.7444444444444445,0.34444444444444444,0.1111111111111111,0.044444444444444446,0.011111111111111112,0.0,0.0,0.03333333333333333,0.03333333333333333,0.7444444444444445,0.6,0.16666666666666666,0.05555555555555555,0.022222222222222223,0.0,0.0,0.03333333333333333,0.03333333333333333,0.05555555555555555,0.2111111111111111,0.18888888888888888,0.2,0.1111111111111111,0.03333333333333333,0.03333333333333333,0.0,0.03333333333333333,0.044444444444444446,0.044444444444444446,0.13333333333333333,0.15555555555555556,0.18888888888888888,0.17777777777777778,0.1111111111111111,0.022222222222222223,0.022222222222222223,0.03333333333333333,0.044444444444444446,0.022222222222222223,0.044444444444444446,0.08888888888888889,0.13333333333333333,0.17777777777777778,0.1111111111111111,0.044444444444444446,0.03333333333333333,0.03333333333333333,0.044444444444444446,0.0,0.011111111111111112,0.022222222222222223,0.07777777777777778,0.1111111111111111,0.16666666666666666,0.08888888888888889,0.03333333333333333,0.03333333333333333,0.03333333333333333,0.022222222222222223,0.0,0.0,0.011111111111111112,0.022222222222222223,0.044444444444444446,0.06666666666666667,0.022222222222222223,0.011111111111111112,0.03333333333333333,0.044444444444444446,0.0,0.022222222222222223,0.011111111111111112,0.0,0.0,0.0,0.0,0.0,0.0,0.0,0.0,0.03333333333333333,0.044444444444444446,0.0,0.0,0.011111111111111112,0.011111111111111112,0.0,0.0,0.0,0.0,0.0,0.0,0.011111111111111112,0.022222222222222223,0.022222222222222223,0.0,0.022222222222222223,0.0,0.0,0.0,0.022222222222222223,0.03333333333333333,0.011111111111111112,0.011111111111111112,0.011111111111111112,0.0,0.0,0.0,0.011111111111111112,0.0,0.0,0.0,0.011111111111111112,0.03333333333333333,0.022222222222222223,0.044444444444444446,0.03333333333333333,0.0,0.0,0.044444444444444446,0.011111111111111112,0.0,0.0,0.011111111111111112,0.022222222222222223,0.044444444444444446,0.06666666666666667,0.011111111111111112,0.0,0.0,0.0,0.15555555555555556,0.011111111111111112,0.022222222222222223,0.011111111111111112,0.03333333333333333,0.07777777777777778,0.07777777777777778,0.022222222222222223,0.0,0.0,0.0,0.0,0.022222222222222223,0.03333333333333333,0.022222222222222223,0.011111111111111112,0.03333333333333333,0.03333333333333333,0.011111111111111112,0.0,0.0,0.011111111111111112,0.08888888888888889,0.03333333333333333,0.0,0.022222222222222223,0.022222222222222223,0.022222222222222223,0.022222222222222223,0.0,0.044444444444444446,0.011111111111111112,0.0,0.03333333333333333,0.011111111111111112,0.011111111111111112,0.011111111111111112,0.022222222222222223,0.022222222222222223,0.03333333333333333,0.022222222222222223,0.0,0.011111111111111112,0.03333333333333333,0.0,0.022222222222222223,0.044444444444444446,0.011111111111111112,0.0,0.0,0.044444444444444446,0.044444444444444446,0.022222222222222223,0.044444444444444446,0.0,0.0,0.0,0.0,0.0,0.011111111111111112,0.0,0.0,0.0,0.0,0.0,0.07683296807356203
2042-04-01,0.04395604395604396,0.02197802197802198,0.04395604395604396,0.06593406593406594,0.03296703296703297,0.02197802197802198,0.07692307692307693,0.38461538461538464,0.07692307692307693,0.02197802197802198,0.02197802197802198,0.054945054945054944,0.04395604395604396,0.01098901098901099,0.24175824175824176,0.6373626373626373,0.45054945054945056,0.18681318681318682,0.0989010989010989,0.04395604395604396,0.06593406593406594,0.02197802197802198,0.0,0.9560439560439561,0.7142857142857143,0.37362637362637363,0.23076923076923078,0.17582417582417584,0.17582417582417584,0.07692307692307693,0.03296703296703297,0.0,0.967032967032967,0.8241758241758241,0.5824175824175825,0.3956043956043956,0.21978021978021978,0.16483516483516483,0.0989010989010989,0.02197802197802198,0.054945054945054944,0.6153846153846154,0.9120879120879121,0.7802197802197802,0.6703296703296703,0.6813186813186813,0.43956043956043955,0.23076923076923078,0.18681318681318682,0.08791208791208792,0.04395604395604396,0.5164835164835165,0.7362637362637363,0.7032967032967034,0.5934065934065934,0.5384615384615384,0.5714285714285714,0.25274725274725274,0.16483516483516483,0.10989010989010989,0.03296703296703297,0.31868131868131866,0.5384615384615384,0.5494505494505495,0.46153846153846156,0.3076923076923077,0.4945054945054945,0.2857142857142857,0.14285714285714285,0.04395604395604396,0.04395604395604396,0.06593406593406594,0.17582417582417584,0.31868131868131866,0.3626373626373626,0.32967032967032966,0.3956043956043956,0.3626373626373626,0.27472527472527475,0.0989010989010989,0.07692307692307693,0.054945054945054944,0.054945054945054944,0.10989010989010989,0.27472527472527475,0.46153846153846156,0.26373626373626374,0.26373626373626374,0.21978021978021978,0.14285714285714285,0.07692307692307693,0.054945054945054944,0.04395604395604396,0.06593406593406594,0.04395604395604396,0.06593406593406594,0.0989010989010989,0.17582417582417584,0.25274725274725274,0.13186813186813187,0.14285714285714285,0.08791208791208792,0.04395604395604396,0.04395604395604396,0.02197802197802198,0.02197802197802198,0.04395604395604396,0.06593406593406594,0.21978021978021978,0.24175824175824176,0.23076923076923078,0.21978021978021978,0.2087912087912088,0.27472527472527475,0.16483516483516483,0.10989010989010989,0.054945054945054944,0.03296703296703297,0.01098901098901099,0.25274725274725274,0.24175824175824176,0.3516483516483517,0.1978021978021978,0.27472527472527475,0.32967032967032966,0.24175824175824176,0.2087912087912088,0.10989010989010989,0.03296703296703297,0.01098901098901099,0.0,0.24175824175824176,0.27472527472527475,0.24175824175824176,0.25274725274725274,0.1978021978021978,0.3076923076923077,0.25274725274725274,0.23076923076923078,0.17582417582417584,0.06593406593406594,0.0,0.34065934065934067,0.32967032967032966,0.15384615384615385,0.31868131868131866,0.3956043956043956,0.5494505494505495,0.4835164835164835,0.3516483516483517,0.24175824175824176,0.06593406593406594,0.0,0.25274725274725274,0.27472527472527475,0.34065934065934067,0.37362637362637363,0.5604395604395604,0.5934065934065934,0.5274725274725275,0.5054945054945055,0.32967032967032966,0.16483516483516483,0.07692307692307693,0.1978021978021978,0.23076923076923078,0.5494505494505495,0.5054945054945055,0.42857142857142855,0.5824175824175825,0.46153846153846156,0.4175824175824176,0.25274725274725274,0.14285714285714285,0.07692307692307693,0.0989010989010989,0.12087912087912088,0.15384615384615385,0.2087912087912088,0.3626373626373626,0.2857142857142857,0.3956043956043956,0.5604395604395604,0.43956043956043955,0.37362637362637363,0.31868131868131866,0.1978021978021978,0.07692307692307693,0.06593406593406594,0.12087912087912088,0.25274725274725274,0.3516483516483517,0.23076923076923078,0.4065934065934066,0.38461538461538464,0.4835164835164835,0.3626373626373626,0.4175824175824176,0.18681318681318682,0.2087912087912088,0.4725274725274725,0.3626373626373626,0.3516483516483517,0.2087912087912088,0.1978021978021978,0.2857142857142857,0.2857142857142857,0.4065934065934066,0.2967032967032967,0.1978021978021978,0.3076923076923077,0.25274725274725274,0.14285714285714285,0.26373626373626374,0.21978021978021978,0.12087912087912088,0.06593406593406594,0.08791208791208792,0.04395604395604396,0.3720391306012674
2042-07-01,0.0,0.0,0.05434782608695652,0.06521739130434782,0.08695652173913043,0.06521739130434782,0.13043478260869565,0.5543478260869565,0.2717391304347826,0.06521739130434782,0.06521739130434782,0.11956521739130435,0.13043478260869565,0.06521739130434782,0.6413043478260869,1.0,0.6956521739130435,0.2826086956521739,0.09782608695652174,0.08695652173913043,0.09782608695652174,0.05434782608695652,0.021739130434782608,1.0,0.9782608695652174,0.2608695652173913,0.13043478260869565,0.10869565217391304,0.07608695652173914,0.07608695652173914,0.11956521739130435,0.021739130434782608,0.9565217391304348,0.8913043478260869,0.5217391304347826,0.17391304347826086,0.08695652173913043,0.08695652173913043,0.11956521739130435,0.17391304347826086,0.03260869565217391,0.6956521739130435,0.9456521739130435,0.6304347826086957,0.6304347826086957,0.5760869565217391,0.40217391304347827,0.13043478260869565,0.06521739130434782,0.05434782608695652,0.021739130434782608,0.44565217391304346,0.6521739130434783,0.5978260869565217,0.6630434782608695,0.5543478260869565,0.6739130434782609,0.18478260869565216,0.08695652173913043,0.08695652173913043,0.06521739130434782,0.2608695652173913,0.3804347826086957,0.4891304347826087,0.5978260869565217,0.3695652173913043,0.7391304347826086,0.2717391304347826,0.31521739130434784,0.20652173913043478,0.14130434782608695,0.10869565217391304,0.17391304347826086,0.18478260869565216,0.40217391304347827,0.391304347826087,0.6739130434782609,0.6739130434782609,0.5434782608695652,0.391304347826087,0.2717391304347826,0.21739130434782608,0.20652173913043478,0.25,0.18478260869565216,0.717391304347826,0.6086956521739131,0.5652173913043478,0.5543478260869565,0.5,0.34782608695652173,0.22826086956521738,0.1956521739130435,0.010869565217391304,0.043478260869565216,0.20652173913043478,0.29347826086956524,0.20652173913043478,0.4673913043478261,0.5,0.532608695652174,0.45652173913043476,0.4782608695652174,0.43478260869565216,0.30434782608695654,0.22826086956521738,0.03260869565217391,0.07608695652173914,0.29347826086956524,0.4673913043478261,0.42391304347826086,0.5760869565217391,0.6086956521739131,0.6521739130434783,0.6195652173913043,0.5760869565217391,0.5,0.358695652173913,0.2608695652173913,0.34782608695652173,0.45652173913043476,0.6630434782608695,0.5978260869565217,0.6413043478260869,0.7391304347826086,0.6630434782608695,0.5760869565217391,0.5217391304347826,0.31521739130434784,0.21739130434782608,0.10869565217391304,0.15217391304347827,0.40217391304347827,0.5108695652173914,0.5434782608695652,0.4891304347826087,0.5869565217391305,0.6086956521739131,0.5978260869565217,0.532608695652174,0.34782608695652173,0.17391304347826086,0.30434782608695654,0.532608695652174,0.42391304347826086,0.5869565217391305,0.6086956521739131,0.8369565217391305,0.6956521739130435,0.6521739130434783,0.4891304347826087,0.2826086956521739,0.16304347826086957,0.14130434782608695,0.5,0.6195652173913043,0.6304347826086957,0.8152173913043478,0.8478260869565217,0.7717391304347826,0.7391304347826086,0.5869565217391305,0.30434782608695654,0.18478260869565216,0.08695652173913043,0.2717391304347826,0.7717391304347826,0.7717391304347826,0.6847826086956522,0.782608695652174,0.6956521739130435,0.6956521739130435,0.4673913043478261,0.2608695652173913,0.010869565217391304,0.010869565217391304,0.15217391304347827,0.11956521739130435,0.14130434782608695,0.6630434782608695,0.5543478260869565,0.5217391304347826,0.7934782608695652,0.7282608695652174,0.7717391304347826,0.6304347826086957,0.25,0.06521739130434782,0.043478260869565216,0.03260869565217391,0.16304347826086957,0.5217391304347826,0.5,0.5434782608695652,0.5652173913043478,0.782608695652174,0.75,0.358695652173913,0.17391304347826086,0.3695652173913043,0.6195652173913043,0.7065217391304348,0.5869565217391305,0.4782608695652174,0.09782608695652174,0.30434782608695654,0.3804347826086957,0.6413043478260869,0.6304347826086957,0.34782608695652173,0.4673913043478261,0.5543478260869565,0.33695652173913043,0.31521739130434784,0.29347826086956524,0.18478260869565216,0.06521739130434782,0.09782608695652174,0.010869565217391304,0.5615959876401982
2042-10-01,0.06521739130434782,0.0,0.0,0.0,0.0,0.0,0.1956521739130435,0.14130434782608695,0.07608695652173914,0.03260869565217391,0.010869565217391304,0.0,0.0,0.0,0.5978260869565217,0.31521739130434784,0.10869565217391304,0.05434782608695652,0.043478260869565216,0.010869565217391304,0.0,0.0,0.0,0.75,0.31521739130434784,0.03260869565217391,0.021739130434782608,0.043478260869565216,0.010869565217391304,0.0,0.0,0.0,0.7391304347826086,0.4891304347826087,0.03260869565217391,0.021739130434782608,0.03260869565217391,0.010869565217391304,0.0,0.0,0.0,0.05434782608695652,0.17391304347826086,0.06521739130434782,0.03260869565217391,0.03260869565217391,0.03260869565217391,0.010869565217391304,0.0,0.0,0.0,0.043478260869565216,0.03260869565217391,0.021739130434782608,0.010869565217391304,0.010869565217391304,0.03260869565217391,0.010869565217391304,0.0,0.0,0.0,0.010869565217391304,0.010869565217391304,0.0,0.010869565217391304,0.010869565217391304,0.03260869565217391,0.021739130434782608,0.0,0.0,0.0,0.0,0.0,0.0,0.0,0.03260869565217391,0.03260869565217391,0.021739130434782608,0.021739130434782608,0.0,0.0,0.0,0.03260869565217391,0.010869565217391304,0.043478260869565216,0.07608695652173914,0.03260869565217391,0.03260869565217391,0.021739130434782608,0.010869565217391304,0.0,0.0,0.0,0.021739130434782608,0.06521739130434782,0.08695652173913043,0.043478260869565216,0.03260869565217391,0.07608695652173914,0.05434782608695652,0.021739130434782608,0.010869565217391304,0.0,0.0,0.0,0.0,0.09782608695652174,0.16304347826086957,0.15217391304347827,0.16304347826086957,0.09782608695652174,0.08695652173913043,0.07608695652173914,0.07608695652173914,0.010869565217391304,0.010869565217391304,0.010869565217391304,0.0,0.0,0.09782608695652174,0.14130434782608695,0.15217391304347827,0.11956521739130435,0.11956521739130435,0.11956521739130435,0.07608695652173914,0.021739130434782608,0.021739130434782608,0.010869565217391304,0.0,0.0,0.05434782608695652,0.11956521739130435,0.11956521739130435,0.09782608695652174,0.07608695652173914,0.07608695652173914,0.07608695652173914,0.043478260869565216,0.03260869565217391,0.021739130434782608,0.010869565217391304,0.06521739130434782,0.07608695652173914,0.07608695652173914,0.06521739130434782,0.08695652173913043,0.10869565217391304,0.13043478260869565,0.043478260869565216,0.03260869565217391,0.021739130434782608,0.0,0.043478260869565216,0.05434782608695652,0.08695652173913043,0.11956521739130435,0.2826086956521739,0.14130434782608695,0.15217391304347827,0.07608695652173914,0.05434782608695652,0.043478260869565216,0.0,0.0,0.03260869565217391,0.18478260869565216,0.30434782608695654,0.5217391304347826,0.25,0.14130434782608695,0.09782608695652174,0.043478260869565216,0.03260869565217391,0.0,0.03260869565217391,0.010869565217391304,0.010869565217391304,0.0,0.05434782608695652,0.10869565217391304,0.13043478260869565,0.09782608695652174,0.06521739130434782,0.07608695652173914,0.07608695652173914,0.03260869565217391,0.021739130434782608,0.021739130434782608,0.021739130434782608,0.010869565217391304,0.021739130434782608,0.0,0.043478260869565216,0.05434782608695652,0.05434782608695652,0.06521739130434782,0.010869565217391304,0.0,0.010869565217391304,0.18478260869565216,0.07608695652173914,0.07608695652173914,0.05434782608695652,0.010869565217391304,0.03260869565217391,0.043478260869565216,0.22826086956521738,0.08695652173913043,0.03260869565217391,0.06521739130434782,0.11956521739130435,0.043478260869565216,0.05434782608695652,0.043478260869565216,0.03260869565217391,0.021739130434782608,0.021739130434782608,0.010869565217391304,0.13580970887724964
2043-01-01,0.08888888888888889,0.044444444444444446,0.05555555555555555,0.1,0.08888888888888889,0.07777777777777778,0.16666666666666666,0.15555555555555556,0.03333333333333333,0.03333333333333333,0.044444444444444446,0.03333333333333333,0.044444444444444446,0.044444444444444446,0.4666666666666667,0.2111111111111111,0.2,0.16666666666666666,0.2,0.1111111111111111,0.06666666666666667,0.03333333333333333,0.044444444444444446,0.7,0.3,0.23333333333333334,0.18888888888888888,0.2222222222222222,0.15555555555555556,0.1,0.07777777777777778,0.03333333333333333,0.6666666666666666,0.4444444444444444,0.18888888888888888,0.2222222222222222,0.2222222222222222,0.2,0.08888888888888889,0.044444444444444446,0.03333333333333333,0.15555555555555556,0.24444444444444444,0.2222222222222222,0.18888888888888888,0.18888888888888888,0.17777777777777778,0.2222222222222222,0.1111111111111111,0.05555555555555555,0.044444444444444446,0.08888888888888889,0.14444444444444443,0.18888888888888888,0.17777777777777778,0.23333333333333334,0.25555555555555554,0.24444444444444444,0.13333333333333333,0.06666666666666667,0.022222222222222223,0.07777777777777778,0.1111111111111111,0.13333333333333333,0.17777777777777778,0.24444444444444444,0.32222222222222224,0.25555555555555554,0.13333333333333333,0.05555555555555555,0.011111111111111112,0.0,0.05555555555555555,0.08888888888888889,0.07777777777777778,0.08888888888888889,0.17777777777777778,0.24444444444444444,0.15555555555555556,0.08888888888888889,0.05555555555555555,0.022222222222222223,0.0,0.022222222222222223,0.03333333333333333,0.022222222222222223,0.011111111111111112,0.1111111111111111,0.14444444444444443,0.044444444444444446,0.022222222222222223,0.022222222222222223,0.0,0.011111111111111112,0.0,0.011111111111111112,0.0,0.022222222222222223,0.022222222222222223,0.011111111111111112,0.011111111111111112,0.022222222222222223,0.011111111111111112,0.011111111111111112,0.011111111111111112,0.0,0.0,0.044444444444444446,0.022222222222222223,0.03333333333333333,0.0,0.022222222222222223,0.011111111111111112,0.0,0.011111111111111112,0.011111111111111112,0.011111111111111112,0.011111111111111112,0.0,0.0,0.011111111111111112,0.0,0.011111111111111112,0.0,0.0,0.0,0.011111111111111112,0.011111111111111112,0.011111111111111112,0.011111111111111112,0.0,0.011111111111111112,0.0,0.011111111111111112,0.0,0.0,0.0,0.0,0.0,0.022222222222222223,0.011111111111111112,0.0,0.03333333333333333,0.022222222222222223,0.0,0.011111111111111112,0.011111111111111112,0.022222222222222223,0.03333333333333333,0.022222222222222223,0.0,0.0,0.0,0.03333333333333333,0.16666666666666666,0.044444444444444446,0.0,0.011111111111111112,0.03333333333333333,0.05555555555555555,0.03333333333333333,0.0,0.0,0.0,0.022222222222222223,0.011111111111111112,0.022222222222222223,0.0,0.011111111111111112,0.022222222222222223,0.044444444444444446,0.022222222222222223,0.0,0.0,0.05555555555555555,0.13333333333333333,0.08888888888888889,0.03333333333333333,0.022222222222222223,0.011111111111111112,0.011111111111111112,0.0,0.011111111111111112,0.0,0.022222222222222223,0.0,0.0,0.07777777777777778,0.03333333333333333,0.011111111111111112,0.044444444444444446,0.022222222222222223,0.022222222222222223,0.0,0.0,0.0,0.0,0.03333333333333333,0.0,0.011111111111111112,0.011111111111111112,0.011111111111111112,0.0,0.0,0.022222222222222223,0.044444444444444446,0.022222222222222223,0.07777777777777778,0.0,0.0,0.011111111111111112,0.011111111111111112,0.011111111111111112,0.044444444444444446,0.011111111111111112,0.011111111111111112,0.0,0.022222222222222223,0.022222222222222223,0.07912536996113134
2043-04-01,0.01098901098901099,0.02197802197802198,0.02197802197802198,0.02197802197802198,0.0,0.0,0.10989010989010989,0.31868131868131866,0.054945054945054944,0.03296703296703297,0.02197802197802198,0.02197802197802198,0.02197802197802198,0.01098901098901099,0.1978021978021978,0.6043956043956044,0.42857142857142855,0.13186813186813187,0.054945054945054944,0.054945054945054944,0.054945054945054944,0.02197802197802198,0.01098901098901099,0.945054945054945,0.6483516483516484,0.2967032967032967,0.17582417582417584,0.054945054945054944,0.07692307692307693,0.03296703296703297,0.02197802197802198,0.02197802197802198,0.8461538461538461,0.6593406593406593,0.3956043956043956,0.26373626373626374,0.12087912087912088,0.13186813186813187,0.03296703296703297,0.02197802197802198,0.0,0.5384615384615384,0.8461538461538461,0.6373626373626373,0.3956043956043956,0.34065934065934067,0.3076923076923077,0.16483516483516483,0.07692307692307693,0.06593406593406594,0.02197802197802198,0.3076923076923077,0.6263736263736264,0.5604395604395604,0.43956043956043955,0.27472527472527475,0.27472527472527475,0.15384615384615385,0.06593406593406594,0.06593406593406594,0.02197802197802198,0.2087912087912088,0.5274725274725275,0.45054945054945056,0.3516483516483517,0.21978021978021978,0.3076923076923077,0.13186813186813187,0.04395604395604396,0.04395604395604396,0.0,0.04395604395604396,0.17582417582417584,0.3076923076923077,0.32967032967032966,0.2857142857142857,0.2967032967032967,0.24175824175824176,0.15384615384615385,0.07692307692307693,0.02197802197802198,0.0,0.04395604395604396,0.04395604395604396,0.1978021978021978,0.3076923076923077,0.16483516483516483,0.12087912087912088,0.054945054945054944,0.054945054945054944,0.02197802197802198,0.02197802197802198,0.0,0.06593406593406594,0.054945054945054944,0.07692307692307693,0.07692307692307693,0.07692307692307693,0.10989010989010989,0.08791208791208792,0.06593406593406594,0.04395604395604396,0.054945054945054944,0.04395604395604396,0.03296703296703297,0.01098901098901099,0.10989010989010989,0.13186813186813187,0.17582417582417584,0.1978021978021978,0.12087912087912088,0.07692307692307693,0.054945054945054944,0.0989010989010989,0.06593406593406594,0.06593406593406594,0.06593406593406594,0.03296703296703297,0.02197802197802198,0.21978021978021978,0.1978021978021978,0.23076923076923078,0.17582417582417584,0.14285714285714285,0.1978021978021978,0.14285714285714285,0.14285714285714285,0.07692307692307693,0.054945054945054944,0.02197802197802198,0.01098901098901099,0.07692307692307693,0.15384615384615385,0.18681318681318682,0.1978021978021978,0.17582417582417584,0.1978021978021978,0.16483516483516483,0.14285714285714285,0.13186813186813187,0.03296703296703297,0.02197802197802198,0.23076923076923078,0.21978021978021978,0.13186813186813187,0.2087912087912088,0.1978021978021978,0.34065934065934067,0.23076923076923078,0.2087912087912088,0.0989010989010989,0.03296703296703297,0.0,0.16483516483516483,0.2087912087912088,0.25274725274725274,0.2087912087912088,0.3956043956043956,0.3956043956043956,0.2857142857142857,0.31868131868131866,0.15384615384615385,0.04395604395604396,0.03296703296703297,0.10989010989010989,0.17582417582417584,0.34065934065934067,0.4065934065934066,0.34065934065934067,0.46153846153846156,0.2857142857142857,0.27472527472527475,0.07692307692307693,0.04395604395604396,0.03296703296703297,0.10989010989010989,0.21978021978021978,0.1978021978021978,0.1978021978021978,0.3516483516483517,0.38461538461538464,0.3516483516483517,0.4835164835164835,0.3516483516483517,0.31868131868131866,0.24175824175824176,0.04395604395604396,0.07692307692307693,0.10989010989010989,0.0989010989010989,0.24175824175824176,0.34065934065934067,0.43956043956043955,0.4065934065934066,0.4175824175824176,0.38461538461538464,0.31868131868131866,0.4065934065934066,0.24175824175824176,0.3076923076923077,0.4065934065934066,0.31868131868131866,0.1978021978021978,0.07692307692307693,0.27472527472527475,0.3516483516483517,0.37362637362637363,0.37362637362637363,0.2087912087912088,0.0989010989010989,0.31868131868131866,0.2087912087912088,0.08791208791208792,0.31868131868131866,0.1978021978021978,0.06593406593406594,0.01098901098901099,0.04395604395604396,0.0,0.3107234455364246
2043-07-01,0.0,0.0,0.0,0.0,0.0,0.010869565217391304,0.07608695652173914,0.5869565217391305,0.17391304347826086,0.010869565217391304,0.0,0.05434782608695652,0.11956521739130435,0.07608695652173914,0.3695652173913043,0.9239130434782609,0.7065217391304348,0.20652173913043478,0.03260869565217391,0.03260869565217391,0.043478260869565216,0.07608695652173914,0.0,1.0,0.967391304347826,0.22826086956521738,0.03260869565217391,0.021739130434782608,0.03260869565217391,0.06521739130434782,0.11956521739130435,0.0,1.0,0.8260869565217391,0.3695652173913043,0.08695652173913043,0.0,0.043478260869565216,0.25,0.2391304347826087,0.021739130434782608,0.6739130434782609,0.8043478260869565,0.43478260869565216,0.40217391304347827,0.42391304347826086,0.32608695652173914,0.05434782608695652,0.010869565217391304,0.043478260869565216,0.0,0.45652173913043476,0.5760869565217391,0.5,0.5108695652173914,0.40217391304347827,0.5217391304347826,0.10869565217391304,0.010869565217391304,0.010869565217391304,0.021739130434782608,0.1956521739130435,0.2608695652173913,0.3695652173913043,0.5108695652173914,0.34782608695652173,0.5217391304347826,0.2717391304347826,0.14130434782608695,0.10869565217391304,0.07608695652173914,0.010869565217391304,0.07608695652173914,0.16304347826086957,0.22826086956521738,0.1956521739130435,0.5,0.5434782608695652,0.5,0.22826086956521738,0.09782608695652174,0.08695652173913043,0.021739130434782608,0.06521739130434782,0.07608695652173914,0.4891304347826087,0.43478260869565216,0.43478260869565216,0.4782608695652174,0.358695652173913,0.1956521739130435,0.10869565217391304,0.10869565217391304,0.0,0.0,0.021739130434782608,0.10869565217391304,0.07608695652173914,0.25,0.22826086956521738,0.2826086956521739,0.3804347826086957,0.3695652173913043,0.21739130434782608,0.16304347826086957,0.10869565217391304,0.0,0.0,0.11956521739130435,0.21739130434782608,0.22826086956521738,0.33695652173913043,0.40217391304347827,0.4673913043478261,0.45652173913043476,0.4891304347826087,0.33695652173913043,0.2391304347826087,0.16304347826086957,0.29347826086956524,0.358695652173913,0.43478260869565216,0.5108695652173914,0.5760869565217391,0.6956521739130435,0.6847826086956522,0.5652173913043478,0.45652173913043476,0.22826086956521738,0.08695652173913043,0.021739130434782608,0.15217391304347827,0.3804347826086957,0.391304347826087,0.5434782608695652,0.4782608695652174,0.5869565217391305,0.6195652173913043,0.5869565217391305,0.5217391304347826,0.25,0.07608695652173914,0.20652173913043478,0.3695652173913043,0.40217391304347827,0.6195652173913043,0.5652173913043478,0.8586956521739131,0.8043478260869565,0.7391304347826086,0.4782608695652174,0.21739130434782608,0.03260869565217391,0.14130434782608695,0.45652173913043476,0.5869565217391305,0.6304347826086957,0.8260869565217391,0.8913043478260869,0.8586956521739131,0.8369565217391305,0.5760869565217391,0.22826086956521738,0.06521739130434782,0.09782608695652174,0.2608695652173913,0.7608695652173914,0.8695652173913043,0.8152173913043478,0.8913043478260869,0.8369565217391305,0.7717391304347826,0.5108695652173914,0.21739130434782608,0.03260869565217391,0.05434782608695652,0.14130434782608695,0.14130434782608695,0.22826086956521738,0.7065217391304348,0.7282608695652174,0.5978260869565217,0.8695652173913043,0.8695652173913043,0.8152173913043478,0.6847826086956522,0.2826086956521739,0.043478260869565216,0.05434782608695652,0.07608695652173914,0.18478260869565216,0.6630434782608695,0.5217391304347826,0.6739130434782609,0.7282608695652174,0.8586956521739131,0.7717391304347826,0.41304347826086957,0.17391304347826086,0.33695652173913043,0.6956521739130435,0.75,0.6304347826086957,0.42391304347826086,0.11956521739130435,0.2391304347826087,0.391304347826087,0.7391304347826086,0.6195652173913043,0.42391304347826086,0.5543478260869565,0.5543478260869565,0.32608695652173914,0.2826086956521739,0.3804347826086957,0.21739130434782608,0.07608695652173914,0.10869565217391304,0.043478260869565216,0.5716944082945594
2043-10-01,0.03260869565217391,0.05434782608695652,0.03260869565217391,0.0,0.0,0.0,0.22826086956521738,0.16304347826086957,0.05434782608695652,0.0,0.0,0.0,0.0,0.0,0.6739130434782609,0.2826086956521739,0.05434782608695652,0.03260869565217391,0.010869565217391304,0.0,0.0,0.0,0.0,0.8478260869565217,0.34782608695652173,0.03260869565217391,0.03260869565217391,0.03260869565217391,0.010869565217391304,0.0,0.0,0.0,0.7717391304347826,0.4891304347826087,0.043478260869565216,0.010869565217391304,0.010869565217391304,0.021739130434782608,0.021739130434782608,0.0,0.0,0.0,0.14130434782608695,0.03260869565217391,0.021739130434782608,0.010869565217391304,0.010869565217391304,0.021739130434782608,0.021739130434782608,0.010869565217391304,0.0,0.0,0.0,0.0,0.0,0.0,0.010869565217391304,0.0,0.010869565217391304,0.010869565217391304,0.0,0.0,0.0,0.0,0.0,0.0,0.0,0.03260869565217391,0.010869565217391304,0.010869565217391304,0.010869565217391304,0.03260869565217391,0.0,0.0,0.0,0.021739130434782608,0.021739130434782608,0.021739130434782608,0.010869565217391304,0.010869565217391304,0.010869565217391304,0.0,0.043478260869565216,0.03260869565217391,0.0,0.021739130434782608,0.021739130434782608,0.021739130434782608,0.0,0.0,0.0,0.0,0.0,0.14130434782608695,0.1956521739130435,0.18478260869565216,0.08695652173913043,0.021739130434782608,0.05434782608695652,0.0,0.0,0.0,0.0,0.0,0.0,0.0,0.18478260869565216,0.2391304347826087,0.2391304347826087,0.22826086956521738,0.05434782608695652,0.043478260869565216,0.03260869565217391,0.021739130434782608,0.0,0.0,0.010869565217391304,0.0,0.0,0.20652173913043478,0.17391304347826086,0.15217391304347827,0.10869565217391304,0.08695652173913043,0.05434782608695652,0.043478260869565216,0.03260869565217391,0.021739130434782608,0.0,0.0,0.0,0.10869565217391304,0.1956521739130435,0.14130434782608695,0.07608695652173914,0.03260869565217391,0.043478260869565216,0.03260869565217391,0.03260869565217391,0.03260869565217391,0.0,0.0,0.13043478260869565,0.10869565217391304,0.07608695652173914,0.08695652173913043,0.09782608695652174,0.09782608695652174,0.05434782608695652,0.07608695652173914,0.021739130434782608,0.0,0.0,0.08695652173913043,0.13043478260869565,0.16304347826086957,0.07608695652173914,0.1956521739130435,0.11956521739130435,0.10869565217391304,0.06521739130434782,0.021739130434782608,0.010869565217391304,0.0,0.043478260869565216,0.06521739130434782,0.21739130434782608,0.20652173913043478,0.43478260869565216,0.20652173913043478,0.10869565217391304,0.06521739130434782,0.010869565217391304,0.0,0.0,0.010869565217391304,0.021739130434782608,0.021739130434782608,0.03260869565217391,0.09782608695652174,0.17391304347826086,0.2391304347826087,0.10869565217391304,0.06521739130434782,0.09782608695652174,0.010869565217391304,0.010869565217391304,0.0,0.010869565217391304,0.021739130434782608,0.08695652173913043,0.03260869565217391,0.0,0.043478260869565216,0.05434782608695652,0.06521739130434782,0.043478260869565216,0.043478260869565216,0.0,0.010869565217391304,0.22826086956521738,0.05434782608695652,0.05434782608695652,0.010869565217391304,0.0,0.010869565217391304,0.021739130434782608,0.15217391304347827,0.07608695652173914,0.010869565217391304,0.043478260869565216,0.05434782608695652,0.021739130434782608,0.0,0.021739130434782608,0.010869565217391304,0.0,0.0,0.0,0.13175496882778626
2044-01-01,0.16666666666666666,0.12222222222222222,0.08888888888888889,0.1111111111111111,0.06666666666666667,0.05555555555555555,0.2222222222222222,0.1111111111111111,0.06666666666666667,0.06666666666666667,0.044444444444444446,0.022222222222222223,0.0,0.022222222222222223,0.5111111111111111,0.18888888888888888,0.07777777777777778,0.044444444444444446,0.05555555555555555,0.06666666666666667,0.05555555555555555,0.0,0.022222222222222223,0.7111111111111111,0.26666666666666666,0.07777777777777778,0.08888888888888889,0.08888888888888889,0.08888888888888889,0.044444444444444446,0.03333333333333333,0.03333333333333333,0.8,0.5111111111111111,0.18888888888888888,0.13333333333333333,0.14444444444444443,0.14444444444444443,0.12222222222222222,0.07777777777777778,0.044444444444444446,0.16666666666666666,0.3111111111111111,0.2,0.23333333333333334,0.2,0.14444444444444443,0.13333333333333333,0.2111111111111111,0.1111111111111111,0.044444444444444446,0.1,0.18888888888888888,0.2111111111111111,0.2222222222222222,0.2,0.17777777777777778,0.23333333333333334,0.2777777777777778,0.14444444444444443,0.03333333333333333,0.06666666666666667,0.12222222222222222,0.17777777777777778,0.2222222222222222,0.2222222222222222,0.24444444444444444,0.37777777777777777,0.14444444444444443,0.044444444444444446,0.022222222222222223,0.0,0.044444444444444446,0.08888888888888889,0.1,0.14444444444444443,0.2222222222222222,0.24444444444444444,0.18888888888888888,0.03333333333333333,0.03333333333333333,0.022222222222222223,0.0,0.011111111111111112,0.03333333333333333,0.022222222222222223,0.05555555555555555,0.1,0.05555555555555555,0.07777777777777778,0.022222222222222223,0.011111111111111112,0.022222222222222223,0.05555555555555555,0.03333333333333333,0.011111111111111112,0.0,0.022222222222222223,0.011111111111111112,0.011111111111111112,0.011111111111111112,0.022222222222222223,0.011111111111111112,0.0,0.03333333333333333,0.044444444444444446,0.03333333333333333,0.05555555555555555,0.05555555555555555,0.05555555555555555,0.0,0.0,0.011111111111111112,0.0,0.011111111111111112,0.0,0.011111111111111112,0.03333333333333333,0.044444444444444446,0.03333333333333333,0.022222222222222223,0.011111111111111112,0.0,0.0,0.0,0.0,0.0,0.044444444444444446,0.03333333333333333,0.044444444444444446,0.044444444444444446,0.03333333333333333,0.011111111111111112,0.0,0.0,0.0,0.0,0.0,0.022222222222222223,0.022222222222222223,0.03333333333333333,0.044444444444444446,0.12222222222222222,0.022222222222222223,0.0,0.011111111111111112,0.0,0.022222222222222223,0.011111111111111112,0.011111111111111112,0.022222222222222223,0.03333333333333333,0.03333333333333333,0.13333333333333333,0.17777777777777778,0.011111111111111112,0.011111111111111112,0.0,0.022222222222222223,0.03333333333333333,0.011111111111111112,0.011111111111111112,0.03333333333333333,0.03333333333333333,0.08888888888888889,0.011111111111111112,0.022222222222222223,0.03333333333333333,0.022222222222222223,0.022222222222222223,0.044444444444444446,0.011111111111111112,0.011111111111111112,0.022222222222222223,0.07777777777777778,0.2111111111111111,0.2,0.1,0.011111111111111112,0.022222222222222223,0.05555555555555555,0.022222222222222223,0.0,0.022222222222222223,0.011111111111111112,0.022222222222222223,0.022222222222222223,0.17777777777777778,0.2,0.18888888888888888,0.1111111111111111,0.03333333333333333,0.022222222222222223,0.03333333333333333,0.011111111111111112,0.011111111111111112,0.0,0.08888888888888889,0.03333333333333333,0.011111111111111112,0.022222222222222223,0.03333333333333333,0.022222222222222223,0.0,0.12222222222222222,0.12222222222222222,0.044444444444444446,0.06666666666666667,0.022222222222222223,0.0,0.022222222222222223,0.03333333333333333,0.022222222222222223,0.07777777777777778,0.044444444444444446,0.022222222222222223,0.022222222222222223,0.022222222222222223,0.0,0.08780431614859457
2044-04-01,0.01098901098901099,0.0,0.0,0.0,0.0,0.0,0.14285714285714285,0.37362637362637363,0.03296703296703297,0.0,0.0,0.01098901098901099,0.02197802197802198,0.02197802197802198,0.27472527472527475,0.5274725274725275,0.3076923076923077,0.12087912087912088,0.03296703296703297,0.0,0.0,0.02197802197802198,0.02197802197802198,0.9120879120879121,0.5934065934065934,0.26373626373626374,0.14285714285714285,0.08791208791208792,0.04395604395604396,0.01098901098901099,0.0,0.0,0.8461538461538461,0.6153846153846154,0.4175824175824176,0.25274725274725274,0.0989010989010989,0.04395604395604396,0.03296703296703297,0.0,0.0,0.5604395604395604,0.8131868131868132,0.6263736263736264,0.6043956043956044,0.4175824175824176,0.21978021978021978,0.054945054945054944,0.04395604395604396,0.02197802197802198,0.0,0.38461538461538464,0.6703296703296703,0.6153846153846154,0.5934065934065934,0.45054945054945056,0.2857142857142857,0.15384615384615385,0.07692307692307693,0.03296703296703297,0.0,0.1978021978021978,0.46153846153846156,0.4945054945054945,0.5714285714285714,0.31868131868131866,0.27472527472527475,0.15384615384615385,0.07692307692307693,0.03296703296703297,0.0,0.02197802197802198,0.12087912087912088,0.23076923076923078,0.3076923076923077,0.34065934065934067,0.37362637362637363,0.31868131868131866,0.1978021978021978,0.0989010989010989,0.03296703296703297,0.0,0.03296703296703297,0.0989010989010989,0.18681318681318682,0.4945054945054945,0.26373626373626374,0.34065934065934067,0.24175824175824176,0.12087912087912088,0.04395604395604396,0.01098901098901099,0.01098901098901099,0.06593406593406594,0.054945054945054944,0.0989010989010989,0.16483516483516483,0.16483516483516483,0.34065934065934067,0.25274725274725274,0.1978021978021978,0.21978021978021978,0.12087912087912088,0.08791208791208792,0.03296703296703297,0.01098901098901099,0.14285714285714285,0.16483516483516483,0.3076923076923077,0.31868131868131866,0.2967032967032967,0.32967032967032966,0.27472527472527475,0.24175824175824176,0.2857142857142857,0.21978021978021978,0.17582417582417584,0.08791208791208792,0.02197802197802198,0.4065934065934066,0.3956043956043956,0.4065934065934066,0.26373626373626374,0.3076923076923077,0.3626373626373626,0.32967032967032966,0.3076923076923077,0.25274725274725274,0.14285714285714285,0.03296703296703297,0.02197802197802198,0.2857142857142857,0.3076923076923077,0.34065934065934067,0.25274725274725274,0.18681318681318682,0.25274725274725274,0.2857142857142857,0.32967032967032966,0.25274725274725274,0.18681318681318682,0.04395604395604396,0.5164835164835165,0.38461538461538464,0.3076923076923077,0.3626373626373626,0.32967032967032966,0.46153846153846156,0.3956043956043956,0.37362637362637363,0.26373626373626374,0.17582417582417584,0.03296703296703297,0.46153846153846156,0.43956043956043955,0.38461538461538464,0.37362637362637363,0.4725274725274725,0.5274725274725275,0.4725274725274725,0.46153846153846156,0.31868131868131866,0.17582417582417584,0.07692307692307693,0.4175824175824176,0.38461538461538464,0.5384615384615384,0.5494505494505495,0.46153846153846156,0.5164835164835165,0.4835164835164835,0.43956043956043955,0.3076923076923077,0.14285714285714285,0.18681318681318682,0.23076923076923078,0.4175824175824176,0.43956043956043955,0.3516483516483517,0.5164835164835165,0.5604395604395604,0.43956043956043955,0.5384615384615384,0.46153846153846156,0.43956043956043955,0.32967032967032966,0.16483516483516483,0.21978021978021978,0.27472527472527475,0.34065934065934067,0.5274725274725275,0.5054945054945055,0.5714285714285714,0.5714285714285714,0.4945054945054945,0.4945054945054945,0.45054945054945056,0.5384615384615384,0.3956043956043956,0.38461538461538464,0.5494505494505495,0.43956043956043955,0.3516483516483517,0.25274725274725274,0.32967032967032966,0.38461538461538464,0.4175824175824176,0.4945054945054945,0.32967032967032966,0.23076923076923078,0.4175824175824176,0.31868131868131866,0.1978021978021978,0.37362637362637363,0.3516483516483517,0.2087912087912088,0.08791208791208792,0.16483516483516483,0.054945054945054944,0.4180699695991249
2044-07-01,0.0,0.0,0.0,0.0,0.0,0.0,0.07608695652173914,0.5,0.10869565217391304,0.010869565217391304,0.010869565217391304,0.03260869565217391,0.05434782608695652,0.010869565217391304,0.4673913043478261,0.9565217391304348,0.6956521739130435,0.21739130434782608,0.021739130434782608,0.0,0.021739130434782608,0.010869565217391304,0.0,1.0,0.9347826086956522,0.25,0.03260869565217391,0.0,0.0,0.0,0.0,0.0,1.0,0.8695652173913043,0.5652173913043478,0.13043478260869565,0.021739130434782608,0.0,0.09782608695652174,0.14130434782608695,0.0,0.5978260869565217,0.9347826086956522,0.5434782608695652,0.5217391304347826,0.4673913043478261,0.32608695652173914,0.043478260869565216,0.010869565217391304,0.010869565217391304,0.0,0.45652173913043476,0.6739130434782609,0.532608695652174,0.4673913043478261,0.33695652173913043,0.40217391304347827,0.07608695652173914,0.0,0.0,0.010869565217391304,0.22826086956521738,0.41304347826086957,0.4673913043478261,0.5,0.2826086956521739,0.3804347826086957,0.11956521739130435,0.06521739130434782,0.021739130434782608,0.021739130434782608,0.07608695652173914,0.07608695652173914,0.18478260869565216,0.34782608695652173,0.3804347826086957,0.6086956521739131,0.5,0.2608695652173913,0.09782608695652174,0.05434782608695652,0.021739130434782608,0.14130434782608695,0.14130434782608695,0.15217391304347827,0.6195652173913043,0.31521739130434784,0.1956521739130435,0.25,0.14130434782608695,0.10869565217391304,0.07608695652173914,0.021739130434782608,0.0,0.05434782608695652,0.15217391304347827,0.1956521739130435,0.18478260869565216,0.3695652173913043,0.3695652173913043,0.31521739130434784,0.20652173913043478,0.16304347826086957,0.13043478260869565,0.10869565217391304,0.06521739130434782,0.05434782608695652,0.11956521739130435,0.16304347826086957,0.2608695652173913,0.30434782608695654,0.42391304347826086,0.4891304347826087,0.5,0.358695652173913,0.2717391304347826,0.18478260869565216,0.17391304347826086,0.08695652173913043,0.20652173913043478,0.25,0.3804347826086957,0.45652173913043476,0.5108695652173914,0.6413043478260869,0.5652173913043478,0.41304347826086957,0.33695652173913043,0.13043478260869565,0.05434782608695652,0.021739130434782608,0.09782608695652174,0.2391304347826087,0.32608695652173914,0.43478260869565216,0.3695652173913043,0.5108695652173914,0.5652173913043478,0.45652173913043476,0.42391304347826086,0.15217391304347827,0.03260869565217391,0.13043478260869565,0.25,0.2608695652173913,0.44565217391304346,0.532608695652174,0.7282608695652174,0.717391304347826,0.532608695652174,0.3695652173913043,0.10869565217391304,0.03260869565217391,0.043478260869565216,0.21739130434782608,0.42391304347826086,0.5,0.717391304347826,0.7934782608695652,0.782608695652174,0.717391304347826,0.5,0.22826086956521738,0.11956521739130435,0.03260869565217391,0.07608695652173914,0.6086956521739131,0.5978260869565217,0.5978260869565217,0.8260869565217391,0.7282608695652174,0.6521739130434783,0.42391304347826086,0.21739130434782608,0.010869565217391304,0.021739130434782608,0.06521739130434782,0.08695652173913043,0.06521739130434782,0.44565217391304346,0.41304347826086957,0.45652173913043476,0.8152173913043478,0.7717391304347826,0.7065217391304348,0.5760869565217391,0.2608695652173913,0.03260869565217391,0.043478260869565216,0.03260869565217391,0.05434782608695652,0.31521739130434784,0.358695652173913,0.5652173913043478,0.717391304347826,0.7934782608695652,0.7391304347826086,0.10869565217391304,0.09782608695652174,0.32608695652173914,0.7391304347826086,0.7065217391304348,0.5217391304347826,0.3695652173913043,0.05434782608695652,0.25,0.3804347826086957,0.717391304347826,0.5108695652173914,0.31521739130434784,0.4891304347826087,0.44565217391304346,0.2608695652173913,0.32608695652173914,0.32608695652173914,0.25,0.17391304347826086,0.10869565217391304,0.10869565217391304,0.5105073675593639
2044-10-01,0.0,0.0,0.0,0.0,0.0,0.0,0.18478260869565216,0.22826086956521738,0.043478260869565216,0.021739130434782608,0.0,0.0,0.0,0.0,0.5108695652173914,0.29347826086956524,0.13043478260869565,0.043478260869565216,0.010869565217391304,0.0,0.0,0.0,0.0,0.7391304347826086,0.2826086956521739,0.043478260869565216,0.03260869565217391,0.010869565217391304,0.0,0.0,0.0,0.0,0.75,0.43478260869565216,0.010869565217391304,0.010869565217391304,0.021739130434782608,0.0,0.0,0.0,0.0,0.07608695652173914,0.22826086956521738,0.021739130434782608,0.0,0.0,0.021739130434782608,0.010869565217391304,0.0,0.0,0.0,0.05434782608695652,0.11956521739130435,0.03260869565217391,0.021739130434782608,0.0,0.0,0.010869565217391304,0.0,0.0,0.0,0.05434782608695652,0.05434782608695652,0.03260869565217391,0.03260869565217391,0.0,0.0,0.0,0.0,0.0,0.0,0.06521739130434782,0.07608695652173914,0.03260869565217391,0.06521739130434782,0.043478260869565216,0.05434782608695652,0.010869565217391304,0.0,0.0,0.0,0.0,0.07608695652173914,0.08695652173913043,0.09782608695652174,0.13043478260869565,0.08695652173913043,0.05434782608695652,0.0,0.0,0.0,0.0,0.0,0.021739130434782608,0.07608695652173914,0.09782608695652174,0.14130434782608695,0.11956521739130435,0.13043478260869565,0.10869565217391304,0.06521739130434782,0.0,0.0,0.0,0.0,0.0,0.021739130434782608,0.08695652173913043,0.15217391304347827,0.1956521739130435,0.16304347826086957,0.15217391304347827,0.10869565217391304,0.07608695652173914,0.021739130434782608,0.0,0.0,0.0,0.0,0.11956521739130435,0.17391304347826086,0.18478260869565216,0.14130434782608695,0.13043478260869565,0.08695652173913043,0.06521739130434782,0.010869565217391304,0.0,0.0,0.0,0.0,0.09782608695652174,0.17391304347826086,0.18478260869565216,0.14130434782608695,0.08695652173913043,0.08695652173913043,0.06521739130434782,0.010869565217391304,0.0,0.0,0.0,0.08695652173913043,0.13043478260869565,0.15217391304347827,0.11956521739130435,0.11956521739130435,0.07608695652173914,0.07608695652173914,0.05434782608695652,0.0,0.0,0.0,0.07608695652173914,0.10869565217391304,0.22826086956521738,0.1956521739130435,0.17391304347826086,0.11956521739130435,0.09782608695652174,0.07608695652173914,0.021739130434782608,0.0,0.0,0.043478260869565216,0.09782608695652174,0.2391304347826087,0.2391304347826087,0.4891304347826087,0.1956521739130435,0.10869565217391304,0.06521739130434782,0.010869565217391304,0.0,0.0,0.0,0.05434782608695652,0.021739130434782608,0.05434782608695652,0.13043478260869565,0.08695652173913043,0.17391304347826086,0.08695652173913043,0.08695652173913043,0.043478260869565216,0.010869565217391304,0.0,0.0,0.010869565217391304,0.03260869565217391,0.08695652173913043,0.10869565217391304,0.07608695652173914,0.08695652173913043,0.06521739130434782,0.06521739130434782,0.03260869565217391,0.08695652173913043,0.03260869565217391,0.07608695652173914,0.20652173913043478,0.08695652173913043,0.05434782608695652,0.0,0.03260869565217391,0.05434782608695652,0.07608695652173914,0.14130434782608695,0.06521739130434782,0.010869565217391304,0.07608695652173914,0.05434782608695652,0.010869565217391304,0.03260869565217391,0.021739130434782608,0.0,0.0,0.0,0.0,0.13404210778110814
2045-01-01,0.06666666666666667,0.03333333333333333,0.08888888888888889,0.08888888888888889,0.1,0.03333333333333333,0.15555555555555556,0.07777777777777778,0.03333333333333333,0.011111111111111112,0.03333333333333333,0.022222222222222223,0.0,0.0,0.25555555555555554,0.13333333333333333,0.12222222222222222,0.1,0.1,0.07777777777777778,0.05555555555555555,0.022222222222222223,0.011111111111111112,0.4444444444444444,0.17777777777777778,0.17777777777777778,0.18888888888888888,0.12222222222222222,0.13333333333333333,0.08888888888888889,0.06666666666666667,0.011111111111111112,0.5222222222222223,0.3,0.16666666666666666,0.16666666666666666,0.15555555555555556,0.13333333333333333,0.08888888888888889,0.044444444444444446,0.022222222222222223,0.13333333333333333,0.2111111111111111,0.14444444444444443,0.15555555555555556,0.14444444444444443,0.2111111111111111,0.16666666666666666,0.1111111111111111,0.07777777777777778,0.03333333333333333,0.07777777777777778,0.12222222222222222,0.14444444444444443,0.13333333333333333,0.14444444444444443,0.2222222222222222,0.2,0.1111111111111111,0.1,0.044444444444444446,0.07777777777777778,0.08888888888888889,0.12222222222222222,0.13333333333333333,0.17777777777777778,0.2222222222222222,0.2222222222222222,0.14444444444444443,0.1,0.03333333333333333,0.05555555555555555,0.1,0.12222222222222222,0.12222222222222222,0.1111111111111111,0.14444444444444443,0.17777777777777778,0.1,0.07777777777777778,0.06666666666666667,0.022222222222222223,0.07777777777777778,0.1,0.12222222222222222,0.07777777777777778,0.06666666666666667,0.1,0.07777777777777778,0.044444444444444446,0.022222222222222223,0.03333333333333333,0.03333333333333333,0.05555555555555555,0.07777777777777778,0.1,0.03333333333333333,0.06666666666666667,0.022222222222222223,0.011111111111111112,0.011111111111111112,0.0,0.011111111111111112,0.0,0.0,0.022222222222222223,0.13333333333333333,0.15555555555555556,0.12222222222222222,0.1,0.044444444444444446,0.0,0.0,0.0,0.0,0.0,0.0,0.0,0.011111111111111112,0.08888888888888889,0.08888888888888889,0.044444444444444446,0.0,0.0,0.0,0.011111111111111112,0.011111111111111112,0.03333333333333333,0.0,0.0,0.0,0.12222222222222222,0.044444444444444446,0.03333333333333333,0.0,0.0,0.011111111111111112,0.011111111111111112,0.044444444444444446,0.07777777777777778,0.011111111111111112,0.0,0.12222222222222222,0.044444444444444446,0.011111111111111112,0.0,0.0,0.011111111111111112,0.03333333333333333,0.05555555555555555,0.044444444444444446,0.011111111111111112,0.0,0.2,0.18888888888888888,0.011111111111111112,0.011111111111111112,0.0,0.011111111111111112,0.07777777777777778,0.06666666666666667,0.011111111111111112,0.011111111111111112,0.0,0.1111111111111111,0.07777777777777778,0.03333333333333333,0.011111111111111112,0.0,0.022222222222222223,0.044444444444444446,0.03333333333333333,0.011111111111111112,0.011111111111111112,0.12222222222222222,0.18888888888888888,0.2111111111111111,0.06666666666666667,0.044444444444444446,0.011111111111111112,0.011111111111111112,0.0,0.0,0.022222222222222223,0.011111111111111112,0.0,0.0,0.15555555555555556,0.18888888888888888,0.17777777777777778,0.13333333333333333,0.011111111111111112,0.011111111111111112,0.011111111111111112,0.0,0.0,0.011111111111111112,0.08888888888888889,0.011111111111111112,0.0,0.03333333333333333,0.0,0.0,0.011111111111111112,0.07777777777777778,0.044444444444444446,0.0,0.06666666666666667,0.022222222222222223,0.011111111111111112,0.011111111111111112,0.011111111111111112,0.011111111111111112,0.03333333333333333,0.011111111111111112,0.0,0.022222222222222223,0.0,0.0,0.07328171858619248
2045-04-01,0.04395604395604396,0.01098901098901099,0.01098901098901099,0.02197802197802198,0.01098901098901099,0.0,0.16483516483516483,0.2967032967032967,0.07692307692307693,0.0,0.0,0.0,0.01098901098901099,0.0,0.3626373626373626,0.5824175824175825,0.2967032967032967,0.15384615384615385,0.06593406593406594,0.02197802197802198,0.02197802197802198,0.0,0.0,0.945054945054945,0.6813186813186813,0.3076923076923077,0.2087912087912088,0.12087912087912088,0.08791208791208792,0.03296703296703297,0.0,0.0,0.945054945054945,0.8241758241758241,0.5164835164835165,0.27472527472527475,0.16483516483516483,0.10989010989010989,0.04395604395604396,0.0,0.0,0.7032967032967034,0.9230769230769231,0.8241758241758241,0.7252747252747253,0.5604395604395604,0.27472527472527475,0.14285714285714285,0.054945054945054944,0.0,0.0,0.4945054945054945,0.7802197802197802,0.7472527472527473,0.6703296703296703,0.5384615384615384,0.3956043956043956,0.12087912087912088,0.02197802197802198,0.01098901098901099,0.0,0.3516483516483517,0.5824175824175825,0.6263736263736264,0.5824175824175825,0.38461538461538464,0.34065934065934067,0.07692307692307693,0.04395604395604396,0.02197802197802198,0.01098901098901099,0.054945054945054944,0.21978021978021978,0.4175824175824176,0.42857142857142855,0.4175824175824176,0.46153846153846156,0.37362637362637363,0.14285714285714285,0.04395604395604396,0.02197802197802198,0.0,0.054945054945054944,0.12087912087912088,0.27472527472527475,0.4725274725274725,0.2967032967032967,0.18681318681318682,0.12087912087912088,0.04395604395604396,0.01098901098901099,0.0,0.0,0.1978021978021978,0.10989010989010989,0.14285714285714285,0.0989010989010989,0.17582417582417584,0.24175824175824176,0.2087912087912088,0.06593406593406594,0.01098901098901099,0.03296703296703297,0.03296703296703297,0.01098901098901099,0.01098901098901099,0.2087912087912088,0.25274725274725274,0.27472527472527475,0.24175824175824176,0.17582417582417584,0.17582417582417584,0.21978021978021978,0.17582417582417584,0.0989010989010989,0.08791208791208792,0.07692307692307693,0.03296703296703297,0.01098901098901099,0.24175824175824176,0.17582417582417584,0.2967032967032967,0.18681318681318682,0.21978021978021978,0.2857142857142857,0.24175824175824176,0.21978021978021978,0.13186813186813187,0.06593406593406594,0.01098901098901099,0.0,0.10989010989010989,0.12087912087912088,0.16483516483516483,0.21978021978021978,0.17582417582417584,0.23076923076923078,0.26373626373626374,0.23076923076923078,0.16483516483516483,0.06593406593406594,0.0,0.21978021978021978,0.25274725274725274,0.14285714285714285,0.24175824175824176,0.2857142857142857,0.38461538461538464,0.3626373626373626,0.3076923076923077,0.1978021978021978,0.08791208791208792,0.0,0.2087912087912088,0.27472527472527475,0.3076923076923077,0.2967032967032967,0.5054945054945055,0.45054945054945056,0.3956043956043956,0.37362637362637363,0.23076923076923078,0.0989010989010989,0.03296703296703297,0.13186813186813187,0.26373626373626374,0.45054945054945056,0.5164835164835165,0.3956043956043956,0.4835164835164835,0.38461538461538464,0.34065934065934067,0.17582417582417584,0.08791208791208792,0.0,0.06593406593406594,0.15384615384615385,0.14285714285714285,0.21978021978021978,0.45054945054945056,0.3516483516483517,0.31868131868131866,0.45054945054945056,0.38461538461538464,0.3956043956043956,0.2967032967032967,0.12087912087912088,0.02197802197802198,0.04395604395604396,0.06593406593406594,0.26373626373626374,0.3626373626373626,0.34065934065934067,0.42857142857142855,0.38461538461538464,0.4065934065934066,0.3516483516483517,0.3076923076923077,0.15384615384615385,0.26373626373626374,0.38461538461538464,0.34065934065934067,0.24175824175824176,0.17582417582417584,0.10989010989010989,0.3076923076923077,0.37362637362637363,0.38461538461538464,0.24175824175824176,0.15384615384615385,0.31868131868131866,0.25274725274725274,0.14285714285714285,0.3076923076923077,0.24175824175824176,0.12087912087912088,0.08791208791208792,0.054945054945054944,0.054945054945054944,0.33908110140983583
2045-07-01,0.0,0.0,0.0,0.0,0.010869565217391304,0.010869565217391304,0.07608695652173914,0.5,0.13043478260869565,0.021739130434782608,0.010869565217391304,0.043478260869565216,0.08695652173913043,0.010869565217391304,0.358695652173913,0.9565217391304348,0.7065217391304348,0.16304347826086957,0.07608695652173914,0.021739130434782608,0.03260869565217391,0.07608695652173914,0.0,1.0,0.967391304347826,0.30434782608695654,0.03260869565217391,0.043478260869565216,0.03260869565217391,0.043478260869565216,0.07608695652173914,0.021739130434782608,1.0,0.9021739130434783,0.5,0.14130434782608695,0.021739130434782608,0.010869565217391304,0.17391304347826086,0.16304347826086957,0.03260869565217391,0.7608695652173914,0.9565217391304348,0.6086956521739131,0.5434782608695652,0.5217391304347826,0.21739130434782608,0.07608695652173914,0.010869565217391304,0.021739130434782608,0.010869565217391304,0.5434782608695652,0.7391304347826086,0.6086956521739131,0.5869565217391305,0.45652173913043476,0.5760869565217391,0.08695652173913043,0.0,0.0,0.0,0.31521739130434784,0.5108695652173914,0.6521739130434783,0.6086956521739131,0.31521739130434784,0.5978260869565217,0.20652173913043478,0.09782608695652174,0.010869565217391304,0.0,0.021739130434782608,0.03260869565217391,0.09782608695652174,0.33695652173913043,0.33695652173913043,0.5978260869565217,0.5760869565217391,0.31521739130434784,0.043478260869565216,0.043478260869565216,0.03260869565217391,0.0,0.0,0.03260869565217391,0.44565217391304346,0.2826086956521739,0.20652173913043478,0.15217391304347827,0.06521739130434782,0.05434782608695652,0.021739130434782608,0.03260869565217391,0.0,0.0,0.06521739130434782,0.010869565217391304,0.03260869565217391,0.11956521739130435,0.21739130434782608,0.1956521739130435,0.10869565217391304,0.06521739130434782,0.09782608695652174,0.13043478260869565,0.05434782608695652,0.0,0.05434782608695652,0.14130434782608695,0.1956521739130435,0.16304347826086957,0.2391304347826087,0.34782608695652173,0.5217391304347826,0.32608695652173914,0.17391304347826086,0.14130434782608695,0.14130434782608695,0.11956521739130435,0.15217391304347827,0.18478260869565216,0.3695652173913043,0.30434782608695654,0.5434782608695652,0.6304347826086957,0.5108695652173914,0.30434782608695654,0.1956521739130435,0.13043478260869565,0.11956521739130435,0.03260869565217391,0.05434782608695652,0.18478260869565216,0.20652173913043478,0.32608695652173914,0.21739130434782608,0.5652173913043478,0.5434782608695652,0.34782608695652173,0.33695652173913043,0.15217391304347827,0.06521739130434782,0.043478260869565216,0.10869565217391304,0.15217391304347827,0.31521739130434784,0.391304347826087,0.782608695652174,0.6956521739130435,0.5869565217391305,0.32608695652173914,0.14130434782608695,0.05434782608695652,0.03260869565217391,0.09782608695652174,0.358695652173913,0.30434782608695654,0.7934782608695652,0.75,0.7282608695652174,0.7282608695652174,0.4673913043478261,0.21739130434782608,0.11956521739130435,0.043478260869565216,0.043478260869565216,0.4782608695652174,0.5978260869565217,0.5652173913043478,0.7391304347826086,0.6630434782608695,0.6304347826086957,0.34782608695652173,0.1956521739130435,0.05434782608695652,0.05434782608695652,0.11956521739130435,0.16304347826086957,0.07608695652173914,0.358695652173913,0.4673913043478261,0.391304347826087,0.75,0.717391304347826,0.6956521739130435,0.45652173913043476,0.18478260869565216,0.05434782608695652,0.06521739130434782,0.07608695652173914,0.07608695652173914,0.32608695652173914,0.41304347826086957,0.4891304347826087,0.6413043478260869,0.8043478260869565,0.6847826086956522,0.2391304347826087,0.17391304347826086,0.358695652173913,0.5978260869565217,0.7065217391304348,0.5543478260869565,0.45652173913043476,0.08695652173913043,0.25,0.41304347826086957,0.75,0.6195652173913043,0.4782608695652174,0.4891304347826087,0.5,0.391304347826087,0.25,0.2608695652173913,0.25,0.16304347826086957,0.03260869565217391,0.05434782608695652,0.49269820904055256
2045-10-01,0.03260869565217391,0.043478260869565216,0.043478260869565216,0.021739130434782608,0.0,0.0,0.25,0.2391304347826087,0.05434782608695652,0.010869565217391304,0.010869565217391304,0.03260869565217391,0.010869565217391304,0.010869565217391304,0.6847826086956522,0.391304347826087,0.043478260869565216,0.010869565217391304,0.010869565217391304,0.010869565217391304,0.0,0.010869565217391304,0.010869565217391304,0.8043478260869565,0.3695652173913043,0.021739130434782608,0.0,0.0,0.0,0.0,0.0,0.0,0.6086956521739131,0.45652173913043476,0.05434782608695652,0.0,0.0,0.0,0.0,0.0,0.0,0.05434782608695652,0.1956521739130435,0.06521739130434782,0.05434782608695652,0.021739130434782608,0.0,0.0,0.0,0.0,0.0,0.0,0.07608695652173914,0.06521739130434782,0.05434782608695652,0.03260869565217391,0.0,0.0,0.0,0.0,0.0,0.021739130434782608,0.010869565217391304,0.043478260869565216,0.021739130434782608,0.0,0.0,0.021739130434782608,0.0,0.0,0.0,0.021739130434782608,0.021739130434782608,0.010869565217391304,0.021739130434782608,0.0,0.021739130434782608,0.010869565217391304,0.010869565217391304,0.0,0.0,0.0,0.05434782608695652,0.03260869565217391,0.021739130434782608,0.043478260869565216,0.0,0.0,0.0,0.0,0.0,0.0,0.0,0.021739130434782608,0.06521739130434782,0.20652173913043478,0.07608695652173914,0.021739130434782608,0.010869565217391304,0.0,0.0,0.0,0.0,0.0,0.0,0.0,0.03260869565217391,0.20652173913043478,0.25,0.2391304347826087,0.07608695652173914,0.05434782608695652,0.010869565217391304,0.0,0.0,0.0,0.0,0.0,0.0,0.21739130434782608,0.22826086956521738,0.18478260869565216,0.09782608695652174,0.03260869565217391,0.043478260869565216,0.010869565217391304,0.010869565217391304,0.0,0.0,0.0,0.0,0.09782608695652174,0.1956521739130435,0.13043478260869565,0.09782608695652174,0.05434782608695652,0.03260869565217391,0.043478260869565216,0.043478260869565216,0.0,0.0,0.0,0.06521739130434782,0.10869565217391304,0.08695652173913043,0.10869565217391304,0.13043478260869565,0.16304347826086957,0.08695652173913043,0.06521739130434782,0.0,0.0,0.0,0.03260869565217391,0.05434782608695652,0.14130434782608695,0.11956521739130435,0.22826086956521738,0.17391304347826086,0.18478260869565216,0.10869565217391304,0.010869565217391304,0.0,0.0,0.010869565217391304,0.043478260869565216,0.18478260869565216,0.30434782608695654,0.5108695652173914,0.2608695652173913,0.17391304347826086,0.13043478260869565,0.0,0.0,0.0,0.0,0.0,0.0,0.010869565217391304,0.08695652173913043,0.15217391304347827,0.20652173913043478,0.09782608695652174,0.09782608695652174,0.11956521739130435,0.021739130434782608,0.0,0.010869565217391304,0.0,0.0,0.043478260869565216,0.043478260869565216,0.021739130434782608,0.05434782608695652,0.09782608695652174,0.09782608695652174,0.08695652173913043,0.010869565217391304,0.0,0.043478260869565216,0.2717391304347826,0.09782608695652174,0.03260869565217391,0.010869565217391304,0.0,0.021739130434782608,0.03260869565217391,0.13043478260869565,0.043478260869565216,0.0,0.06521739130434782,0.06521739130434782,0.010869565217391304,0.043478260869565216,0.021739130434782608,0.010869565217391304,0.010869565217391304,0.0,0.0,0.14102030678750502
2046-01-01,0.1111111111111111,0.12222222222222222,0.044444444444444446,0.03333333333333333,0.011111111111111112,0.0,0.17777777777777778,0.07777777777777778,0.07777777777777778,0.06666666666666667,0.03333333333333333,0.011111111111111112,0.0,0.0,0.5777777777777777,0.16666666666666666,0.044444444444444446,0.022222222222222223,0.03333333333333333,0.011111111111111112,0.03333333333333333,0.0,0.0,0.6333333333333333,0.2222222222222222,0.05555555555555555,0.011111111111111112,0.0,0.022222222222222223,0.03333333333333333,0.0,0.0,0.7,0.4111111111111111,0.06666666666666667,0.044444444444444446,0.011111111111111112,0.044444444444444446,0.022222222222222223,0.0,0.0,0.08888888888888889,0.08888888888888889,0.05555555555555555,0.05555555555555555,0.05555555555555555,0.044444444444444446,0.05555555555555555,0.011111111111111112,0.0,0.0,0.07777777777777778,0.08888888888888889,0.08888888888888889,0.06666666666666667,0.044444444444444446,0.022222222222222223,0.022222222222222223,0.03333333333333333,0.0,0.0,0.07777777777777778,0.07777777777777778,0.1,0.07777777777777778,0.05555555555555555,0.05555555555555555,0.16666666666666666,0.011111111111111112,0.0,0.0,0.06666666666666667,0.03333333333333333,0.07777777777777778,0.06666666666666667,0.05555555555555555,0.08888888888888889,0.06666666666666667,0.13333333333333333,0.0,0.0,0.0,0.05555555555555555,0.05555555555555555,0.05555555555555555,0.03333333333333333,0.044444444444444446,0.022222222222222223,0.022222222222222223,0.044444444444444446,0.0,0.0,0.0,0.0,0.044444444444444446,0.05555555555555555,0.044444444444444446,0.03333333333333333,0.0,0.0,0.0,0.0,0.011111111111111112,0.0,0.0,0.0,0.03333333333333333,0.05555555555555555,0.05555555555555555,0.07777777777777778,0.03333333333333333,0.0,0.022222222222222223,0.022222222222222223,0.0,0.011111111111111112,0.022222222222222223,0.0,0.0,0.044444444444444446,0.044444444444444446,0.03333333333333333,0.011111111111111112,0.011111111111111112,0.011111111111111112,0.011111111111111112,0.0,0.0,0.011111111111111112,0.0,0.0,0.022222222222222223,0.0,0.03333333333333333,0.011111111111111112,0.011111111111111112,0.0,0.0,0.0,0.011111111111111112,0.011111111111111112,0.0,0.06666666666666667,0.022222222222222223,0.011111111111111112,0.0,0.0,0.022222222222222223,0.0,0.0,0.0,0.0,0.0,0.03333333333333333,0.08888888888888889,0.011111111111111112,0.011111111111111112,0.022222222222222223,0.03333333333333333,0.05555555555555555,0.0,0.0,0.0,0.0,0.022222222222222223,0.0,0.06666666666666667,0.06666666666666667,0.03333333333333333,0.07777777777777778,0.06666666666666667,0.03333333333333333,0.0,0.0,0.0,0.06666666666666667,0.06666666666666667,0.022222222222222223,0.0,0.05555555555555555,0.044444444444444446,0.03333333333333333,0.0,0.03333333333333333,0.011111111111111112,0.0,0.0,0.03333333333333333,0.03333333333333333,0.08888888888888889,0.06666666666666667,0.07777777777777778,0.06666666666666667,0.011111111111111112,0.0,0.0,0.011111111111111112,0.08888888888888889,0.022222222222222223,0.011111111111111112,0.0,0.011111111111111112,0.0,0.0,0.06666666666666667,0.044444444444444446,0.0,0.044444444444444446,0.0,0.0,0.0,0.022222222222222223,0.0,0.011111111111111112,0.0,0.0,0.0,0.0,0.0,0.06510693748843635
2046-04-01,0.04395604395604396,0.04395604395604396,0.0,0.0,0.0,0.03296703296703297,0.0989010989010989,0.27472527472527475,0.08791208791208792,0.04395604395604396,0.0,0.01098901098901099,0.04395604395604396,0.04395604395604396,0.27472527472527475,0.5384615384615384,0.34065934065934067,0.14285714285714285,0.10989010989010989,0.054945054945054944,0.03296703296703297,0.02197802197802198,0.03296703296703297,0.9120879120879121,0.7032967032967034,0.37362637362637363,0.21978021978021978,0.10989010989010989,0.0989010989010989,0.054945054945054944,0.0,0.02197802197802198,0.8351648351648352,0.7692307692307693,0.5604395604395604,0.27472527472527475,0.12087912087912088,0.07692307692307693,0.06593406593406594,0.02197802197802198,0.02197802197802198,0.7032967032967034,0.8461538461538461,0.7362637362637363,0.6703296703296703,0.4945054945054945,0.27472527472527475,0.0989010989010989,0.0989010989010989,0.06593406593406594,0.03296703296703297,0.6153846153846154,0.7912087912087912,0.6923076923076923,0.6703296703296703,0.5274725274725275,0.3626373626373626,0.13186813186813187,0.10989010989010989,0.07692307692307693,0.04395604395604396,0.46153846153846156,0.6813186813186813,0.7032967032967034,0.5604395604395604,0.38461538461538464,0.2967032967032967,0.14285714285714285,0.06593406593406594,0.06593406593406594,0.054945054945054944,0.07692307692307693,0.3076923076923077,0.46153846153846156,0.5164835164835165,0.32967032967032966,0.34065934065934067,0.1978021978021978,0.0989010989010989,0.054945054945054944,0.04395604395604396,0.02197802197802198,0.14285714285714285,0.18681318681318682,0.2087912087912088,0.34065934065934067,0.12087912087912088,0.15384615384615385,0.0989010989010989,0.03296703296703297,0.02197802197802198,0.01098901098901099,0.02197802197802198,0.15384615384615385,0.10989010989010989,0.17582417582417584,0.18681318681318682,0.16483516483516483,0.1978021978021978,0.10989010989010989,0.14285714285714285,0.054945054945054944,0.04395604395604396,0.04395604395604396,0.03296703296703297,0.04395604395604396,0.15384615384615385,0.18681318681318682,0.27472527472527475,0.27472527472527475,0.21978021978021978,0.18681318681318682,0.10989010989010989,0.16483516483516483,0.13186813186813187,0.07692307692307693,0.054945054945054944,0.054945054945054944,0.07692307692307693,0.3626373626373626,0.3516483516483517,0.31868131868131866,0.16483516483516483,0.18681318681318682,0.21978021978021978,0.18681318681318682,0.0989010989010989,0.054945054945054944,0.04395604395604396,0.054945054945054944,0.03296703296703297,0.2967032967032967,0.25274725274725274,0.2087912087912088,0.16483516483516483,0.13186813186813187,0.21978021978021978,0.24175824175824176,0.12087912087912088,0.0989010989010989,0.04395604395604396,0.04395604395604396,0.4175824175824176,0.32967032967032966,0.18681318681318682,0.2087912087912088,0.18681318681318682,0.34065934065934067,0.32967032967032966,0.18681318681318682,0.10989010989010989,0.06593406593406594,0.054945054945054944,0.4065934065934066,0.24175824175824176,0.24175824175824176,0.24175824175824176,0.3516483516483517,0.3626373626373626,0.3516483516483517,0.34065934065934067,0.17582417582417584,0.07692307692307693,0.06593406593406594,0.31868131868131866,0.27472527472527475,0.3956043956043956,0.3956043956043956,0.25274725274725274,0.3956043956043956,0.34065934065934067,0.23076923076923078,0.12087912087912088,0.07692307692307693,0.15384615384615385,0.23076923076923078,0.46153846153846156,0.3516483516483517,0.23076923076923078,0.37362637362637363,0.2857142857142857,0.23076923076923078,0.37362637362637363,0.3076923076923077,0.2857142857142857,0.2087912087912088,0.06593406593406594,0.15384615384615385,0.16483516483516483,0.27472527472527475,0.3516483516483517,0.3516483516483517,0.26373626373626374,0.25274725274725274,0.2857142857142857,0.32967032967032966,0.2857142857142857,0.3516483516483517,0.16483516483516483,0.18681318681318682,0.3626373626373626,0.31868131868131866,0.21978021978021978,0.13186813186813187,0.2087912087912088,0.23076923076923078,0.31868131868131866,0.37362637362637363,0.1978021978021978,0.10989010989010989,0.32967032967032966,0.26373626373626374,0.10989010989010989,0.32967032967032966,0.23076923076923078,0.12087912087912088,0.03296703296703297,0.0989010989010989,0.01098901098901099,0.3237154532172356
2046-07-01,0.0,0.0,0.0,0.0,0.0,0.010869565217391304,0.07608695652173914,0.5869565217391305,0.11956521739130435,0.010869565217391304,0.021739130434782608,0.05434782608695652,0.03260869565217391,0.0,0.3804347826086957,0.9130434782608695,0.5978260869565217,0.17391304347826086,0.05434782608695652,0.03260869565217391,0.021739130434782608,0.021739130434782608,0.0,1.0,0.9347826086956522,0.21739130434782608,0.05434782608695652,0.043478260869565216,0.043478260869565216,0.05434782608695652,0.05434782608695652,0.0,1.0,0.9021739130434783,0.33695652173913043,0.09782608695652174,0.05434782608695652,0.05434782608695652,0.13043478260869565,0.22826086956521738,0.021739130434782608,0.6413043478260869,0.7934782608695652,0.5,0.32608695652173914,0.21739130434782608,0.22826086956521738,0.08695652173913043,0.07608695652173914,0.05434782608695652,0.010869565217391304,0.3695652173913043,0.5108695652173914,0.41304347826086957,0.34782608695652173,0.20652173913043478,0.29347826086956524,0.08695652173913043,0.043478260869565216,0.03260869565217391,0.0,0.25,0.30434782608695654,0.31521739130434784,0.3804347826086957,0.06521739130434782,0.2391304347826087,0.05434782608695652,0.021739130434782608,0.010869565217391304,0.0,0.043478260869565216,0.08695652173913043,0.14130434782608695,0.20652173913043478,0.14130434782608695,0.34782608695652173,0.34782608695652173,0.1956521739130435,0.05434782608695652,0.010869565217391304,0.0,0.06521739130434782,0.05434782608695652,0.07608695652173914,0.5543478260869565,0.2391304347826087,0.14130434782608695,0.22826086956521738,0.09782608695652174,0.03260869565217391,0.05434782608695652,0.010869565217391304,0.03260869565217391,0.05434782608695652,0.09782608695652174,0.06521739130434782,0.043478260869565216,0.17391304347826086,0.18478260869565216,0.16304347826086957,0.10869565217391304,0.07608695652173914,0.08695652173913043,0.08695652173913043,0.043478260869565216,0.043478260869565216,0.06521739130434782,0.14130434782608695,0.17391304347826086,0.14130434782608695,0.20652173913043478,0.358695652173913,0.3695652173913043,0.2391304347826087,0.08695652173913043,0.07608695652173914,0.08695652173913043,0.08695652173913043,0.2717391304347826,0.2608695652173913,0.41304347826086957,0.43478260869565216,0.5,0.5434782608695652,0.40217391304347827,0.2391304347826087,0.11956521739130435,0.15217391304347827,0.06521739130434782,0.010869565217391304,0.11956521739130435,0.2608695652173913,0.3695652173913043,0.45652173913043476,0.32608695652173914,0.5217391304347826,0.43478260869565216,0.31521739130434784,0.29347826086956524,0.17391304347826086,0.08695652173913043,0.15217391304347827,0.31521739130434784,0.31521739130434784,0.5217391304347826,0.5760869565217391,0.7391304347826086,0.6086956521739131,0.4673913043478261,0.29347826086956524,0.13043478260869565,0.07608695652173914,0.07608695652173914,0.31521739130434784,0.4782608695652174,0.5652173913043478,0.7934782608695652,0.8369565217391305,0.7391304347826086,0.6304347826086957,0.41304347826086957,0.2391304347826087,0.11956521739130435,0.043478260869565216,0.17391304347826086,0.7065217391304348,0.8043478260869565,0.5869565217391305,0.8260869565217391,0.6847826086956522,0.5108695652173914,0.31521739130434784,0.1956521739130435,0.043478260869565216,0.03260869565217391,0.09782608695652174,0.09782608695652174,0.18478260869565216,0.5108695652173914,0.42391304347826086,0.3804347826086957,0.7608695652173914,0.7282608695652174,0.6195652173913043,0.40217391304347827,0.25,0.043478260869565216,0.043478260869565216,0.08695652173913043,0.21739130434782608,0.41304347826086957,0.358695652173913,0.40217391304347827,0.532608695652174,0.6630434782608695,0.5760869565217391,0.358695652173913,0.13043478260869565,0.30434782608695654,0.532608695652174,0.5217391304347826,0.3695652173913043,0.33695652173913043,0.11956521739130435,0.32608695652173914,0.3695652173913043,0.6195652173913043,0.3804347826086957,0.2717391304347826,0.41304347826086957,0.32608695652173914,0.2391304347826087,0.31521739130434784,0.20652173913043478,0.11956521739130435,0.09782608695652174,0.03260869565217391,0.021739130434782608,0.4620348995241421
2046-10-01,0.0,0.0,0.0,0.0,0.0,0.0,0.17391304347826086,0.14130434782608695,0.043478260869565216,0.010869565217391304,0.010869565217391304,0.0,0.0,0.0,0.532608695652174,0.2608695652173913,0.07608695652173914,0.043478260869565216,0.021739130434782608,0.010869565217391304,0.021739130434782608,0.010869565217391304,0.0,0.7717391304347826,0.34782608695652173,0.03260869565217391,0.010869565217391304,0.021739130434782608,0.021739130434782608,0.010869565217391304,0.010869565217391304,0.0,0.8695652173913043,0.5652173913043478,0.07608695652173914,0.0,0.0,0.010869565217391304,0.010869565217391304,0.0,0.0,0.05434782608695652,0.13043478260869565,0.05434782608695652,0.010869565217391304,0.010869565217391304,0.0,0.0,0.0,0.0,0.0,0.07608695652173914,0.09782608695652174,0.03260869565217391,0.010869565217391304,0.0,0.010869565217391304,0.0,0.0,0.0,0.0,0.05434782608695652,0.021739130434782608,0.021739130434782608,0.043478260869565216,0.010869565217391304,0.0,0.0,0.0,0.0,0.0,0.043478260869565216,0.07608695652173914,0.021739130434782608,0.08695652173913043,0.043478260869565216,0.05434782608695652,0.021739130434782608,0.0,0.0,0.0,0.0,0.05434782608695652,0.08695652173913043,0.07608695652173914,0.08695652173913043,0.06521739130434782,0.05434782608695652,0.03260869565217391,0.0,0.0,0.0,0.0,0.03260869565217391,0.043478260869565216,0.05434782608695652,0.06521739130434782,0.07608695652173914,0.10869565217391304,0.06521739130434782,0.05434782608695652,0.03260869565217391,0.0,0.0,0.0,0.0,0.010869565217391304,0.021739130434782608,0.06521739130434782,0.11956521739130435,0.09782608695652174,0.10869565217391304,0.10869565217391304,0.07608695652173914,0.043478260869565216,0.043478260869565216,0.021739130434782608,0.0,0.0,0.03260869565217391,0.08695652173913043,0.11956521739130435,0.09782608695652174,0.09782608695652174,0.09782608695652174,0.08695652173913043,0.05434782608695652,0.03260869565217391,0.0,0.0,0.0,0.0,0.043478260869565216,0.08695652173913043,0.043478260869565216,0.043478260869565216,0.09782608695652174,0.11956521739130435,0.07608695652173914,0.06521739130434782,0.021739130434782608,0.0,0.0,0.010869565217391304,0.010869565217391304,0.021739130434782608,0.08695652173913043,0.14130434782608695,0.14130434782608695,0.13043478260869565,0.06521739130434782,0.010869565217391304,0.0,0.0,0.021739130434782608,0.07608695652173914,0.11956521739130435,0.20652173913043478,0.15217391304347827,0.1956521739130435,0.13043478260869565,0.07608695652173914,0.010869565217391304,0.0,0.0,0.021739130434782608,0.09782608695652174,0.25,0.5108695652173914,0.22826086956521738,0.17391304347826086,0.15217391304347827,0.010869565217391304,0.010869565217391304,0.0,0.021739130434782608,0.0,0.0,0.0,0.043478260869565216,0.10869565217391304,0.16304347826086957,0.08695652173913043,0.14130434782608695,0.13043478260869565,0.043478260869565216,0.010869565217391304,0.03260869565217391,0.010869565217391304,0.0,0.0,0.021739130434782608,0.010869565217391304,0.06521739130434782,0.08695652173913043,0.08695652173913043,0.08695652173913043,0.0,0.0,0.05434782608695652,0.25,0.10869565217391304,0.07608695652173914,0.03260869565217391,0.0,0.010869565217391304,0.043478260869565216,0.21739130434782608,0.05434782608695652,0.021739130434782608,0.06521739130434782,0.11956521739130435,0.010869565217391304,0.03260869565217391,0.021739130434782608,0.010869565217391304,0.010869565217391304,0.010869565217391304,0.0,0.13835313547379482
2047-01-01,0.03333333333333333,0.044444444444444446,0.011111111111111112,0.0,0.0,0.0,0.13333333333333333,0.08888888888888889,0.05555555555555555,0.044444444444444446,0.044444444444444446,0.0,0.0,0.0,0.4111111111111111,0.12222222222222222,0.07777777777777778,0.044444444444444446,0.05555555555555555,0.1,0.05555555555555555,0.0,0.0,0.4888888888888889,0.26666666666666666,0.1,0.1,0.08888888888888889,0.1111111111111111,0.044444444444444446,0.0,0.0,0.5777777777777777,0.36666666666666664,0.15555555555555556,0.1,0.1111111111111111,0.1111111111111111,0.03333333333333333,0.0,0.0,0.17777777777777778,0.24444444444444444,0.15555555555555556,0.15555555555555556,0.15555555555555556,0.07777777777777778,0.07777777777777778,0.03333333333333333,0.0,0.0,0.1111111111111111,0.17777777777777778,0.18888888888888888,0.18888888888888888,0.23333333333333334,0.13333333333333333,0.044444444444444446,0.044444444444444446,0.03333333333333333,0.011111111111111112,0.1111111111111111,0.15555555555555556,0.2111111111111111,0.14444444444444443,0.2222222222222222,0.16666666666666666,0.1,0.06666666666666667,0.022222222222222223,0.0,0.03333333333333333,0.044444444444444446,0.12222222222222222,0.14444444444444443,0.15555555555555556,0.1,0.06666666666666667,0.03333333333333333,0.0,0.03333333333333333,0.0,0.0,0.022222222222222223,0.06666666666666667,0.044444444444444446,0.044444444444444446,0.05555555555555555,0.044444444444444446,0.0,0.0,0.0,0.0,0.03333333333333333,0.03333333333333333,0.011111111111111112,0.022222222222222223,0.022222222222222223,0.0,0.0,0.0,0.0,0.0,0.0,0.0,0.0,0.05555555555555555,0.05555555555555555,0.03333333333333333,0.05555555555555555,0.022222222222222223,0.011111111111111112,0.0,0.0,0.0,0.0,0.0,0.0,0.0,0.03333333333333333,0.011111111111111112,0.03333333333333333,0.022222222222222223,0.011111111111111112,0.0,0.0,0.0,0.0,0.0,0.0,0.0,0.0,0.022222222222222223,0.0,0.0,0.0,0.0,0.0,0.0,0.0,0.0,0.0,0.05555555555555555,0.011111111111111112,0.0,0.0,0.0,0.022222222222222223,0.0,0.0,0.0,0.0,0.0,0.05555555555555555,0.1111111111111111,0.0,0.0,0.0,0.022222222222222223,0.06666666666666667,0.0,0.0,0.0,0.0,0.022222222222222223,0.0,0.0,0.0,0.0,0.0,0.05555555555555555,0.03333333333333333,0.0,0.0,0.06666666666666667,0.14444444444444443,0.1,0.05555555555555555,0.0,0.0,0.0,0.0,0.0,0.011111111111111112,0.011111111111111112,0.0,0.0,0.12222222222222222,0.1,0.12222222222222222,0.08888888888888889,0.011111111111111112,0.0,0.011111111111111112,0.0,0.0,0.0,0.05555555555555555,0.0,0.0,0.011111111111111112,0.0,0.0,0.0,0.06666666666666667,0.03333333333333333,0.0,0.08888888888888889,0.0,0.0,0.0,0.022222222222222223,0.0,0.0,0.0,0.0,0.0,0.022222222222222223,0.0,0.061312687967442096
2047-04-01,0.01098901098901099,0.01098901098901099,0.02197802197802198,0.02197802197802198,0.03296703296703297,0.01098901098901099,0.08791208791208792,0.25274725274725274,0.06593406593406594,0.03296703296703297,0.054945054945054944,0.04395604395604396,0.07692307692307693,0.0,0.26373626373626374,0.4175824175824176,0.3076923076923077,0.14285714285714285,0.08791208791208792,0.08791208791208792,0.054945054945054944,0.01098901098901099,0.0,0.8571428571428571,0.6483516483516484,0.3076923076923077,0.23076923076923078,0.13186813186813187,0.14285714285714285,0.04395604395604396,0.02197802197802198,0.02197802197802198,0.8681318681318682,0.7472527472527473,0.5934065934065934,0.34065934065934067,0.23076923076923078,0.17582417582417584,0.07692307692307693,0.03296703296703297,0.02197802197802198,0.5934065934065934,0.8681318681318682,0.6813186813186813,0.6043956043956044,0.5164835164835165,0.3956043956043956,0.1978021978021978,0.08791208791208792,0.03296703296703297,0.01098901098901099,0.42857142857142855,0.7032967032967034,0.6373626373626373,0.5274725274725275,0.46153846153846156,0.46153846153846156,0.2087912087912088,0.07692307692307693,0.04395604395604396,0.02197802197802198,0.25274725274725274,0.4725274725274725,0.45054945054945056,0.4175824175824176,0.3076923076923077,0.42857142857142855,0.25274725274725274,0.13186813186813187,0.07692307692307693,0.04395604395604396,0.04395604395604396,0.13186813186813187,0.32967032967032966,0.27472527472527475,0.1978021978021978,0.43956043956043955,0.4065934065934066,0.27472527472527475,0.18681318681318682,0.0989010989010989,0.054945054945054944,0.04395604395604396,0.12087912087912088,0.24175824175824176,0.45054945054945056,0.26373626373626374,0.24175824175824176,0.23076923076923078,0.2087912087912088,0.10989010989010989,0.07692307692307693,0.02197802197802198,0.10989010989010989,0.07692307692307693,0.08791208791208792,0.054945054945054944,0.08791208791208792,0.21978021978021978,0.10989010989010989,0.13186813186813187,0.1978021978021978,0.16483516483516483,0.13186813186813187,0.03296703296703297,0.02197802197802198,0.12087912087912088,0.12087912087912088,0.1978021978021978,0.25274725274725274,0.21978021978021978,0.2087912087912088,0.15384615384615385,0.17582417582417584,0.2087912087912088,0.17582417582417584,0.13186813186813187,0.04395604395604396,0.01098901098901099,0.1978021978021978,0.2857142857142857,0.3076923076923077,0.26373626373626374,0.27472527472527475,0.25274725274725274,0.21978021978021978,0.26373626373626374,0.18681318681318682,0.10989010989010989,0.03296703296703297,0.01098901098901099,0.15384615384615385,0.15384615384615385,0.21978021978021978,0.25274725274725274,0.21978021978021978,0.27472527472527475,0.2857142857142857,0.27472527472527475,0.24175824175824176,0.12087912087912088,0.054945054945054944,0.25274725274725274,0.2087912087912088,0.16483516483516483,0.31868131868131866,0.27472527472527475,0.3956043956043956,0.32967032967032966,0.32967032967032966,0.21978021978021978,0.10989010989010989,0.04395604395604396,0.2857142857142857,0.18681318681318682,0.2857142857142857,0.25274725274725274,0.5054945054945055,0.4835164835164835,0.38461538461538464,0.38461538461538464,0.2967032967032967,0.14285714285714285,0.04395604395604396,0.18681318681318682,0.15384615384615385,0.3626373626373626,0.43956043956043955,0.2967032967032967,0.4835164835164835,0.3956043956043956,0.31868131868131866,0.21978021978021978,0.10989010989010989,0.04395604395604396,0.10989010989010989,0.1978021978021978,0.1978021978021978,0.16483516483516483,0.34065934065934067,0.2857142857142857,0.18681318681318682,0.42857142857142855,0.37362637362637363,0.3076923076923077,0.3076923076923077,0.15384615384615385,0.054945054945054944,0.04395604395604396,0.14285714285714285,0.34065934065934067,0.31868131868131866,0.1978021978021978,0.25274725274725274,0.3076923076923077,0.3626373626373626,0.3076923076923077,0.2967032967032967,0.10989010989010989,0.17582417582417584,0.3956043956043956,0.25274725274725274,0.1978021978021978,0.14285714285714285,0.15384615384615385,0.25274725274725274,0.24175824175824176,0.37362637362637363,0.18681318681318682,0.10989010989010989,0.34065934065934067,0.21978021978021978,0.08791208791208792,0.2087912087912088,0.16483516483516483,0.08791208791208792,0.06593406593406594,0.06593406593406594,0.054945054945054944,0.3182915283188796
2047-07-01,0.010869565217391304,0.0,0.0,0.0,0.05434782608695652,0.05434782608695652,0.05434782608695652,0.7065217391304348,0.1956521739130435,0.0,0.021739130434782608,0.03260869565217391,0.07608695652173914,0.03260869565217391,0.4782608695652174,0.9782608695652174,0.7065217391304348,0.16304347826086957,0.03260869565217391,0.010869565217391304,0.03260869565217391,0.021739130434782608,0.0,1.0,0.9891304347826086,0.34782608695652173,0.05434782608695652,0.05434782608695652,0.043478260869565216,0.03260869565217391,0.06521739130434782,0.0,0.967391304347826,0.9130434782608695,0.3804347826086957,0.05434782608695652,0.03260869565217391,0.03260869565217391,0.1956521739130435,0.15217391304347827,0.010869565217391304,0.6847826086956522,0.8260869565217391,0.5869565217391305,0.40217391304347827,0.25,0.1956521739130435,0.043478260869565216,0.021739130434782608,0.0,0.0,0.3804347826086957,0.6195652173913043,0.4673913043478261,0.42391304347826086,0.2608695652173913,0.33695652173913043,0.05434782608695652,0.010869565217391304,0.0,0.0,0.2391304347826087,0.34782608695652173,0.3695652173913043,0.5217391304347826,0.20652173913043478,0.31521739130434784,0.08695652173913043,0.05434782608695652,0.021739130434782608,0.0,0.043478260869565216,0.021739130434782608,0.06521739130434782,0.25,0.29347826086956524,0.5217391304347826,0.42391304347826086,0.1956521739130435,0.07608695652173914,0.03260869565217391,0.010869565217391304,0.06521739130434782,0.05434782608695652,0.05434782608695652,0.532608695652174,0.32608695652173914,0.18478260869565216,0.17391304347826086,0.10869565217391304,0.07608695652173914,0.043478260869565216,0.010869565217391304,0.021739130434782608,0.03260869565217391,0.08695652173913043,0.05434782608695652,0.05434782608695652,0.30434782608695654,0.20652173913043478,0.16304347826086957,0.14130434782608695,0.10869565217391304,0.08695652173913043,0.08695652173913043,0.07608695652173914,0.021739130434782608,0.06521739130434782,0.13043478260869565,0.25,0.15217391304347827,0.25,0.30434782608695654,0.358695652173913,0.21739130434782608,0.10869565217391304,0.09782608695652174,0.08695652173913043,0.09782608695652174,0.18478260869565216,0.2608695652173913,0.358695652173913,0.31521739130434784,0.45652173913043476,0.5,0.358695652173913,0.15217391304347827,0.17391304347826086,0.09782608695652174,0.03260869565217391,0.021739130434782608,0.08695652173913043,0.2826086956521739,0.3695652173913043,0.3804347826086957,0.30434782608695654,0.44565217391304346,0.32608695652173914,0.2717391304347826,0.2717391304347826,0.13043478260869565,0.043478260869565216,0.10869565217391304,0.3695652173913043,0.2608695652173913,0.44565217391304346,0.5978260869565217,0.782608695652174,0.5978260869565217,0.42391304347826086,0.2391304347826087,0.08695652173913043,0.06521739130434782,0.03260869565217391,0.41304347826086957,0.5108695652173914,0.4673913043478261,0.8260869565217391,0.7608695652173914,0.6739130434782609,0.5869565217391305,0.34782608695652173,0.15217391304347827,0.07608695652173914,0.03260869565217391,0.13043478260869565,0.7391304347826086,0.8260869565217391,0.5760869565217391,0.782608695652174,0.6195652173913043,0.5434782608695652,0.30434782608695654,0.15217391304347827,0.021739130434782608,0.021739130434782608,0.08695652173913043,0.13043478260869565,0.13043478260869565,0.5652173913043478,0.5,0.40217391304347827,0.7934782608695652,0.7065217391304348,0.5543478260869565,0.41304347826086957,0.15217391304347827,0.05434782608695652,0.043478260869565216,0.06521739130434782,0.20652173913043478,0.5543478260869565,0.4891304347826087,0.5869565217391305,0.6195652173913043,0.6956521739130435,0.532608695652174,0.358695652173913,0.20652173913043478,0.41304347826086957,0.6413043478260869,0.5869565217391305,0.391304347826087,0.25,0.09782608695652174,0.391304347826087,0.5217391304347826,0.6521739130434783,0.41304347826086957,0.22826086956521738,0.5,0.33695652173913043,0.1956521739130435,0.3695652173913043,0.2826086956521739,0.10869565217391304,0.043478260869565216,0.07608695652173914,0.021739130434782608,0.4815476587977545
2047-10-01,0.021739130434782608,0.0,0.0,0.0,0.0,0.0,0.17391304347826086,0.11956521739130435,0.03260869565217391,0.03260869565217391,0.021739130434782608,0.0,0.010869565217391304,0.0,0.6630434782608695,0.22826086956521738,0.09782608695652174,0.03260869565217391,0.010869565217391304,0.010869565217391304,0.010869565217391304,0.010869565217391304,0.0,0.8478260869565217,0.30434782608695654,0.06521739130434782,0.03260869565217391,0.0,0.0,0.0,0.0,0.0,0.7391304347826086,0.5652173913043478,0.11956521739130435,0.043478260869565216,0.0,0.0,0.0,0.0,0.0,0.0,0.15217391304347827,0.06521739130434782,0.043478260869565216,0.021739130434782608,0.0,0.0,0.0,0.0,0.0,0.0,0.09782608695652174,0.06521739130434782,0.05434782608695652,0.021739130434782608,0.010869565217391304,0.0,0.0,0.0,0.0,0.0,0.010869565217391304,0.021739130434782608,0.06521739130434782,0.010869565217391304,0.010869565217391304,0.0,0.0,0.0,0.0,0.0,0.0,0.0,0.0,0.0,0.010869565217391304,0.0,0.0,0.0,0.0,0.0,0.021739130434782608,0.010869565217391304,0.0,0.06521739130434782,0.021739130434782608,0.0,0.0,0.0,0.0,0.0,0.0,0.0,0.0,0.11956521739130435,0.043478260869565216,0.021739130434782608,0.08695652173913043,0.043478260869565216,0.0,0.0,0.0,0.0,0.0,0.0,0.010869565217391304,0.08695652173913043,0.18478260869565216,0.1956521739130435,0.10869565217391304,0.15217391304347827,0.09782608695652174,0.06521739130434782,0.03260869565217391,0.0,0.0,0.0,0.0,0.14130434782608695,0.16304347826086957,0.1956521739130435,0.17391304347826086,0.13043478260869565,0.08695652173913043,0.043478260869565216,0.021739130434782608,0.0,0.0,0.0,0.0,0.10869565217391304,0.14130434782608695,0.18478260869565216,0.16304347826086957,0.16304347826086957,0.07608695652173914,0.043478260869565216,0.043478260869565216,0.010869565217391304,0.0,0.0,0.09782608695652174,0.11956521739130435,0.13043478260869565,0.16304347826086957,0.15217391304347827,0.13043478260869565,0.07608695652173914,0.043478260869565216,0.03260869565217391,0.0,0.0,0.08695652173913043,0.08695652173913043,0.18478260869565216,0.1956521739130435,0.2826086956521739,0.14130434782608695,0.10869565217391304,0.06521739130434782,0.021739130434782608,0.0,0.0,0.03260869565217391,0.08695652173913043,0.22826086956521738,0.358695652173913,0.5108695652173914,0.29347826086956524,0.18478260869565216,0.06521739130434782,0.03260869565217391,0.0,0.0,0.05434782608695652,0.03260869565217391,0.010869565217391304,0.043478260869565216,0.15217391304347827,0.25,0.2826086956521739,0.17391304347826086,0.14130434782608695,0.08695652173913043,0.03260869565217391,0.0,0.021739130434782608,0.021739130434782608,0.03260869565217391,0.06521739130434782,0.10869565217391304,0.09782608695652174,0.11956521739130435,0.10869565217391304,0.09782608695652174,0.05434782608695652,0.09782608695652174,0.03260869565217391,0.11956521739130435,0.2826086956521739,0.07608695652173914,0.05434782608695652,0.021739130434782608,0.010869565217391304,0.05434782608695652,0.10869565217391304,0.21739130434782608,0.03260869565217391,0.010869565217391304,0.09782608695652174,0.10869565217391304,0.0,0.03260869565217391,0.03260869565217391,0.0,0.0,0.0,0.0,0.15672413417922737
2048-01-01,0.2,0.14444444444444443,0.18888888888888888,0.25555555555555554,0.2,0.16666666666666666,0.25555555555555554,0.16666666666666666,0.12222222222222222,0.1,0.14444444444444443,0.15555555555555556,0.1,0.1,0.7,0.2111111111111111,0.14444444444444443,0.13333333333333333,0.16666666666666666,0.2111111111111111,0.14444444444444443,0.08888888888888889,0.13333333333333333,0.8222222222222222,0.35555555555555557,0.16666666666666666,0.17777777777777778,0.18888888888888888,0.18888888888888888,0.2,0.16666666666666666,0.17777777777777778,0.8777777777777778,0.6555555555555556,0.24444444444444444,0.24444444444444444,0.26666666666666666,0.3333333333333333,0.28888888888888886,0.2,0.18888888888888888,0.26666666666666666,0.37777777777777777,0.3333333333333333,0.26666666666666666,0.3,0.24444444444444444,0.35555555555555557,0.2777777777777778,0.2,0.2111111111111111,0.16666666666666666,0.3111111111111111,0.3111111111111111,0.32222222222222224,0.3111111111111111,0.32222222222222224,0.3333333333333333,0.25555555555555554,0.2111111111111111,0.2111111111111111,0.18888888888888888,0.25555555555555554,0.3,0.34444444444444444,0.37777777777777777,0.3888888888888889,0.35555555555555557,0.2111111111111111,0.2111111111111111,0.15555555555555556,0.08888888888888889,0.16666666666666666,0.2222222222222222,0.25555555555555554,0.28888888888888886,0.3333333333333333,0.32222222222222224,0.26666666666666666,0.16666666666666666,0.12222222222222222,0.14444444444444443,0.07777777777777778,0.14444444444444443,0.17777777777777778,0.16666666666666666,0.14444444444444443,0.2,0.2,0.1,0.08888888888888889,0.1111111111111111,0.1,0.022222222222222223,0.044444444444444446,0.07777777777777778,0.06666666666666667,0.14444444444444443,0.07777777777777778,0.07777777777777778,0.07777777777777778,0.07777777777777778,0.05555555555555555,0.07777777777777778,0.08888888888888889,0.08888888888888889,0.08888888888888889,0.05555555555555555,0.06666666666666667,0.05555555555555555,0.07777777777777778,0.044444444444444446,0.044444444444444446,0.044444444444444446,0.044444444444444446,0.044444444444444446,0.08888888888888889,0.12222222222222222,0.1,0.07777777777777778,0.022222222222222223,0.05555555555555555,0.044444444444444446,0.044444444444444446,0.044444444444444446,0.06666666666666667,0.05555555555555555,0.07777777777777778,0.1111111111111111,0.07777777777777778,0.06666666666666667,0.05555555555555555,0.044444444444444446,0.03333333333333333,0.022222222222222223,0.03333333333333333,0.022222222222222223,0.044444444444444446,0.06666666666666667,0.05555555555555555,0.05555555555555555,0.06666666666666667,0.07777777777777778,0.011111111111111112,0.011111111111111112,0.011111111111111112,0.06666666666666667,0.06666666666666667,0.044444444444444446,0.044444444444444446,0.05555555555555555,0.07777777777777778,0.05555555555555555,0.1111111111111111,0.16666666666666666,0.03333333333333333,0.03333333333333333,0.05555555555555555,0.1,0.15555555555555556,0.12222222222222222,0.07777777777777778,0.06666666666666667,0.05555555555555555,0.06666666666666667,0.022222222222222223,0.044444444444444446,0.044444444444444446,0.044444444444444446,0.06666666666666667,0.1,0.08888888888888889,0.08888888888888889,0.05555555555555555,0.022222222222222223,0.05555555555555555,0.06666666666666667,0.07777777777777778,0.03333333333333333,0.03333333333333333,0.03333333333333333,0.044444444444444446,0.044444444444444446,0.07777777777777778,0.07777777777777778,0.1,0.1,0.044444444444444446,0.07777777777777778,0.12222222222222222,0.14444444444444443,0.05555555555555555,0.044444444444444446,0.05555555555555555,0.05555555555555555,0.044444444444444446,0.06666666666666667,0.14444444444444443,0.07777777777777778,0.05555555555555555,0.07777777777777778,0.06666666666666667,0.08888888888888889,0.06666666666666667,0.18888888888888888,0.16666666666666666,0.08888888888888889,0.06666666666666667,0.14444444444444443,0.07777777777777778,0.07777777777777778,0.1111111111111111,0.06666666666666667,0.17777777777777778,0.12222222222222222,0.07777777777777778,0.03333333333333333,0.08888888888888889,0.05555555555555555,0.1331862686753964
2048-04-01,0.054945054945054944,0.03296703296703297,0.04395604395604396,0.03296703296703297,0.03296703296703297,0.03296703296703297,0.27472527472527475,0.3076923076923077,0.054945054945054944,0.0,0.01098901098901099,0.02197802197802198,0.04395604395604396,0.04395604395604396,0.43956043956043955,0.6153846153846154,0.42857142857142855,0.23076923076923078,0.13186813186813187,0.07692307692307693,0.07692307692307693,0.08791208791208792,0.03296703296703297,0.967032967032967,0.8461538461538461,0.4065934065934066,0.26373626373626374,0.17582417582417584,0.07692307692307693,0.08791208791208792,0.0989010989010989,0.03296703296703297,0.989010989010989,0.9230769230769231,0.6483516483516484,0.37362637362637363,0.23076923076923078,0.15384615384615385,0.0989010989010989,0.07692307692307693,0.03296703296703297,0.7692307692307693,0.9560439560439561,0.9010989010989011,0.7362637362637363,0.6153846153846154,0.3626373626373626,0.25274725274725274,0.13186813186813187,0.07692307692307693,0.02197802197802198,0.5164835164835165,0.8571428571428571,0.8351648351648352,0.7582417582417582,0.7032967032967034,0.5714285714285714,0.25274725274725274,0.14285714285714285,0.08791208791208792,0.02197802197802198,0.3626373626373626,0.6043956043956044,0.7692307692307693,0.7032967032967034,0.5714285714285714,0.5164835164835165,0.27472527472527475,0.0989010989010989,0.08791208791208792,0.03296703296703297,0.16483516483516483,0.25274725274725274,0.4725274725274725,0.6153846153846154,0.5274725274725275,0.5384615384615384,0.4725274725274725,0.25274725274725274,0.03296703296703297,0.07692307692307693,0.03296703296703297,0.14285714285714285,0.18681318681318682,0.3956043956043956,0.6043956043956044,0.42857142857142855,0.27472527472527475,0.1978021978021978,0.03296703296703297,0.03296703296703297,0.03296703296703297,0.03296703296703297,0.04395604395604396,0.07692307692307693,0.10989010989010989,0.14285714285714285,0.23076923076923078,0.34065934065934067,0.18681318681318682,0.08791208791208792,0.054945054945054944,0.04395604395604396,0.03296703296703297,0.03296703296703297,0.03296703296703297,0.0989010989010989,0.0989010989010989,0.14285714285714285,0.18681318681318682,0.21978021978021978,0.26373626373626374,0.26373626373626374,0.24175824175824176,0.12087912087912088,0.10989010989010989,0.04395604395604396,0.04395604395604396,0.04395604395604396,0.2087912087912088,0.21978021978021978,0.27472527472527475,0.26373626373626374,0.25274725274725274,0.2967032967032967,0.21978021978021978,0.17582417582417584,0.12087912087912088,0.04395604395604396,0.03296703296703297,0.02197802197802198,0.14285714285714285,0.21978021978021978,0.21978021978021978,0.21978021978021978,0.16483516483516483,0.21978021978021978,0.24175824175824176,0.23076923076923078,0.12087912087912088,0.03296703296703297,0.02197802197802198,0.26373626373626374,0.42857142857142855,0.25274725274725274,0.3076923076923077,0.27472527472527475,0.4065934065934066,0.32967032967032966,0.31868131868131866,0.15384615384615385,0.07692307692307693,0.03296703296703297,0.27472527472527475,0.4835164835164835,0.42857142857142855,0.3516483516483517,0.4835164835164835,0.4175824175824176,0.38461538461538464,0.42857142857142855,0.24175824175824176,0.07692307692307693,0.04395604395604396,0.26373626373626374,0.31868131868131866,0.5934065934065934,0.5494505494505495,0.3626373626373626,0.5274725274725275,0.38461538461538464,0.3516483516483517,0.16483516483516483,0.054945054945054944,0.06593406593406594,0.21978021978021978,0.3626373626373626,0.37362637362637363,0.31868131868131866,0.5824175824175825,0.43956043956043955,0.26373626373626374,0.5274725274725275,0.3956043956043956,0.3956043956043956,0.32967032967032966,0.06593406593406594,0.23076923076923078,0.1978021978021978,0.2087912087912088,0.37362637362637363,0.4175824175824176,0.3626373626373626,0.3076923076923077,0.37362637362637363,0.43956043956043955,0.38461538461538464,0.4175824175824176,0.23076923076923078,0.25274725274725274,0.4725274725274725,0.37362637362637363,0.2967032967032967,0.17582417582417584,0.27472527472527475,0.3626373626373626,0.3076923076923077,0.42857142857142855,0.34065934065934067,0.1978021978021978,0.3516483516483517,0.2967032967032967,0.2087912087912088,0.34065934065934067,0.26373626373626374,0.13186813186813187,0.03296703296703297,0.054945054945054944,0.01098901098901099,0.3835752406960651
2048-07-01,0.0,0.0,0.0,0.0,0.0,0.0,0.05434782608695652,0.45652173913043476,0.07608695652173914,0.021739130434782608,0.03260869565217391,0.09782608695652174,0.13043478260869565,0.010869565217391304,0.4891304347826087,0.9565217391304348,0.6195652173913043,0.10869565217391304,0.010869565217391304,0.05434782608695652,0.11956521739130435,0.11956521739130435,0.021739130434782608,1.0,0.8913043478260869,0.22826086956521738,0.021739130434782608,0.043478260869565216,0.07608695652173914,0.14130434782608695,0.15217391304347827,0.03260869565217391,0.9565217391304348,0.8152173913043478,0.40217391304347827,0.07608695652173914,0.021739130434782608,0.07608695652173914,0.2608695652173913,0.22826086956521738,0.043478260869565216,0.7282608695652174,0.8804347826086957,0.532608695652174,0.41304347826086957,0.34782608695652173,0.2717391304347826,0.06521739130434782,0.08695652173913043,0.05434782608695652,0.010869565217391304,0.45652173913043476,0.5543478260869565,0.358695652173913,0.44565217391304346,0.32608695652173914,0.5217391304347826,0.13043478260869565,0.043478260869565216,0.043478260869565216,0.03260869565217391,0.30434782608695654,0.34782608695652173,0.3804347826086957,0.532608695652174,0.2826086956521739,0.5869565217391305,0.25,0.07608695652173914,0.06521739130434782,0.043478260869565216,0.021739130434782608,0.043478260869565216,0.11956521739130435,0.2717391304347826,0.20652173913043478,0.5434782608695652,0.5869565217391305,0.29347826086956524,0.06521739130434782,0.021739130434782608,0.021739130434782608,0.021739130434782608,0.021739130434782608,0.09782608695652174,0.6304347826086957,0.33695652173913043,0.2608695652173913,0.17391304347826086,0.11956521739130435,0.06521739130434782,0.0,0.021739130434782608,0.0,0.0,0.03260869565217391,0.08695652173913043,0.010869565217391304,0.2608695652173913,0.30434782608695654,0.2717391304347826,0.14130434782608695,0.15217391304347827,0.15217391304347827,0.07608695652173914,0.021739130434782608,0.0,0.0,0.03260869565217391,0.15217391304347827,0.15217391304347827,0.40217391304347827,0.4673913043478261,0.44565217391304346,0.29347826086956524,0.25,0.1956521739130435,0.16304347826086957,0.11956521739130435,0.09782608695652174,0.1956521739130435,0.358695652173913,0.3804347826086957,0.5217391304347826,0.5760869565217391,0.4673913043478261,0.2717391304347826,0.22826086956521738,0.17391304347826086,0.09782608695652174,0.021739130434782608,0.021739130434782608,0.15217391304347827,0.22826086956521738,0.29347826086956524,0.2391304347826087,0.44565217391304346,0.45652173913043476,0.40217391304347827,0.3695652173913043,0.14130434782608695,0.08695652173913043,0.043478260869565216,0.10869565217391304,0.13043478260869565,0.29347826086956524,0.391304347826087,0.6956521739130435,0.6630434782608695,0.6086956521739131,0.32608695652173914,0.08695652173913043,0.021739130434782608,0.021739130434782608,0.17391304347826086,0.40217391304347827,0.30434782608695654,0.7391304347826086,0.7717391304347826,0.7717391304347826,0.717391304347826,0.40217391304347827,0.15217391304347827,0.043478260869565216,0.0,0.05434782608695652,0.6195652173913043,0.6847826086956522,0.43478260869565216,0.7934782608695652,0.6630434782608695,0.5978260869565217,0.30434782608695654,0.10869565217391304,0.021739130434782608,0.010869565217391304,0.08695652173913043,0.06521739130434782,0.05434782608695652,0.43478260869565216,0.391304347826087,0.32608695652173914,0.8043478260869565,0.7282608695652174,0.6739130434782609,0.5108695652173914,0.13043478260869565,0.043478260869565216,0.0,0.0,0.06521739130434782,0.30434782608695654,0.34782608695652173,0.5108695652173914,0.6304347826086957,0.7608695652173914,0.6086956521739131,0.2717391304347826,0.18478260869565216,0.3695652173913043,0.6630434782608695,0.5760869565217391,0.44565217391304346,0.31521739130434784,0.08695652173913043,0.2608695652173913,0.3695652173913043,0.6630434782608695,0.4891304347826087,0.30434782608695654,0.4891304347826087,0.45652173913043476,0.2717391304347826,0.31521739130434784,0.2608695652173913,0.10869565217391304,0.06521739130434782,0.043478260869565216,0.0,0.4719734842682933
2048-10-01,0.0,0.0,0.0,0.0,0.010869565217391304,0.0,0.13043478260869565,0.13043478260869565,0.05434782608695652,0.0,0.0,0.0,0.0,0.0,0.4673913043478261,0.2717391304347826,0.10869565217391304,0.06521739130434782,0.010869565217391304,0.0,0.0,0.0,0.0,0.7282608695652174,0.32608695652173914,0.07608695652173914,0.010869565217391304,0.0,0.0,0.0,0.0,0.0,0.75,0.5,0.043478260869565216,0.0,0.0,0.0,0.0,0.0,0.0,0.0,0.10869565217391304,0.03260869565217391,0.0,0.0,0.0,0.0,0.010869565217391304,0.0,0.0,0.0,0.0,0.0,0.0,0.0,0.0,0.010869565217391304,0.010869565217391304,0.0,0.0,0.0,0.0,0.0,0.0,0.010869565217391304,0.0,0.010869565217391304,0.010869565217391304,0.0,0.0,0.0,0.0,0.0,0.0,0.0,0.0,0.0,0.010869565217391304,0.010869565217391304,0.0,0.0,0.03260869565217391,0.010869565217391304,0.010869565217391304,0.0,0.0,0.0,0.0,0.0,0.0,0.0,0.0,0.0,0.043478260869565216,0.13043478260869565,0.06521739130434782,0.0,0.010869565217391304,0.021739130434782608,0.0,0.0,0.0,0.0,0.0,0.0,0.03260869565217391,0.10869565217391304,0.1956521739130435,0.17391304347826086,0.10869565217391304,0.10869565217391304,0.043478260869565216,0.021739130434782608,0.010869565217391304,0.0,0.0,0.0,0.0,0.16304347826086957,0.13043478260869565,0.16304347826086957,0.08695652173913043,0.07608695652173914,0.03260869565217391,0.021739130434782608,0.021739130434782608,0.0,0.0,0.0,0.0,0.07608695652173914,0.09782608695652174,0.14130434782608695,0.07608695652173914,0.05434782608695652,0.03260869565217391,0.010869565217391304,0.010869565217391304,0.03260869565217391,0.0,0.0,0.09782608695652174,0.07608695652173914,0.07608695652173914,0.05434782608695652,0.07608695652173914,0.07608695652173914,0.0,0.043478260869565216,0.010869565217391304,0.0,0.0,0.06521739130434782,0.06521739130434782,0.11956521739130435,0.08695652173913043,0.17391304347826086,0.08695652173913043,0.07608695652173914,0.07608695652173914,0.0,0.0,0.0,0.03260869565217391,0.06521739130434782,0.22826086956521738,0.30434782608695654,0.4782608695652174,0.32608695652173914,0.09782608695652174,0.07608695652173914,0.0,0.0,0.0,0.010869565217391304,0.021739130434782608,0.021739130434782608,0.043478260869565216,0.10869565217391304,0.13043478260869565,0.21739130434782608,0.07608695652173914,0.08695652173913043,0.05434782608695652,0.010869565217391304,0.0,0.0,0.0,0.043478260869565216,0.11956521739130435,0.06521739130434782,0.03260869565217391,0.03260869565217391,0.043478260869565216,0.021739130434782608,0.043478260869565216,0.07608695652173914,0.0,0.010869565217391304,0.21739130434782608,0.06521739130434782,0.03260869565217391,0.021739130434782608,0.0,0.03260869565217391,0.010869565217391304,0.15217391304347827,0.03260869565217391,0.03260869565217391,0.021739130434782608,0.021739130434782608,0.021739130434782608,0.0,0.021739130434782608,0.0,0.0,0.0,0.0,0.12067080063080078
2049-01-01,0.2222222222222222,0.24444444444444444,0.2222222222222222,0.23333333333333334,0.2,0.15555555555555556,0.2222222222222222,0.18888888888888888,0.1111111111111111,0.12222222222222222,0.16666666666666666,0.1,0.05555555555555555,0.05555555555555555,0.5222222222222223,0.23333333333333334,0.2111111111111111,0.18888888888888888,0.17777777777777778,0.15555555555555556,0.12222222222222222,0.05555555555555555,0.06666666666666667,0.7222222222222222,0.36666666666666664,0.26666666666666666,0.2111111111111111,0.2,0.17777777777777778,0.13333333333333333,0.12222222222222222,0.07777777777777778,0.7333333333333333,0.5444444444444444,0.28888888888888886,0.23333333333333334,0.26666666666666666,0.26666666666666666,0.2111111111111111,0.17777777777777778,0.1111111111111111,0.2222222222222222,0.32222222222222224,0.26666666666666666,0.25555555555555554,0.25555555555555554,0.17777777777777778,0.3333333333333333,0.3111111111111111,0.18888888888888888,0.15555555555555556,0.18888888888888888,0.26666666666666666,0.25555555555555554,0.2777777777777778,0.3111111111111111,0.32222222222222224,0.3888888888888889,0.34444444444444444,0.2111111111111111,0.14444444444444443,0.15555555555555556,0.18888888888888888,0.26666666666666666,0.3111111111111111,0.32222222222222224,0.4444444444444444,0.4111111111111111,0.23333333333333334,0.18888888888888888,0.1111111111111111,0.07777777777777778,0.16666666666666666,0.14444444444444443,0.2222222222222222,0.24444444444444444,0.3,0.3333333333333333,0.25555555555555554,0.17777777777777778,0.1111111111111111,0.1111111111111111,0.1,0.15555555555555556,0.15555555555555556,0.14444444444444443,0.16666666666666666,0.2111111111111111,0.24444444444444444,0.14444444444444443,0.13333333333333333,0.12222222222222222,0.08888888888888889,0.022222222222222223,0.05555555555555555,0.1,0.1111111111111111,0.13333333333333333,0.1111111111111111,0.1111111111111111,0.1111111111111111,0.12222222222222222,0.1,0.13333333333333333,0.12222222222222222,0.08888888888888889,0.16666666666666666,0.2,0.13333333333333333,0.07777777777777778,0.08888888888888889,0.06666666666666667,0.07777777777777778,0.08888888888888889,0.08888888888888889,0.08888888888888889,0.1,0.1,0.08888888888888889,0.12222222222222222,0.08888888888888889,0.05555555555555555,0.06666666666666667,0.05555555555555555,0.044444444444444446,0.06666666666666667,0.06666666666666667,0.06666666666666667,0.1,0.12222222222222222,0.08888888888888889,0.16666666666666666,0.07777777777777778,0.06666666666666667,0.05555555555555555,0.03333333333333333,0.05555555555555555,0.05555555555555555,0.07777777777777778,0.08888888888888889,0.07777777777777778,0.08888888888888889,0.18888888888888888,0.06666666666666667,0.044444444444444446,0.03333333333333333,0.044444444444444446,0.044444444444444446,0.044444444444444446,0.05555555555555555,0.08888888888888889,0.07777777777777778,0.07777777777777778,0.2,0.17777777777777778,0.022222222222222223,0.05555555555555555,0.044444444444444446,0.044444444444444446,0.08888888888888889,0.022222222222222223,0.06666666666666667,0.07777777777777778,0.08888888888888889,0.14444444444444443,0.07777777777777778,0.08888888888888889,0.1111111111111111,0.07777777777777778,0.03333333333333333,0.044444444444444446,0.03333333333333333,0.05555555555555555,0.07777777777777778,0.15555555555555556,0.2111111111111111,0.13333333333333333,0.1,0.07777777777777778,0.07777777777777778,0.1111111111111111,0.1,0.06666666666666667,0.03333333333333333,0.022222222222222223,0.044444444444444446,0.07777777777777778,0.17777777777777778,0.14444444444444443,0.2222222222222222,0.18888888888888888,0.12222222222222222,0.1,0.1,0.07777777777777778,0.03333333333333333,0.03333333333333333,0.18888888888888888,0.1,0.07777777777777778,0.05555555555555555,0.03333333333333333,0.044444444444444446,0.05555555555555555,0.16666666666666666,0.14444444444444443,0.1,0.05555555555555555,0.06666666666666667,0.07777777777777778,0.1,0.1111111111111111,0.08888888888888889,0.16666666666666666,0.13333333333333333,0.12222222222222222,0.1111111111111111,0.12222222222222222,0.1,0.13082523285635078
2049-04-01,0.12087912087912088,0.15384615384615385,0.17582417582417584,0.15384615384615385,0.2087912087912088,0.07692307692307693,0.32967032967032966,0.6483516483516484,0.27472527472527475,0.14285714285714285,0.18681318681318682,0.16483516483516483,0.17582417582417584,0.0989010989010989,0.4065934065934066,0.7802197802197802,0.6593406593406593,0.4725274725274725,0.31868131868131866,0.26373626373626374,0.21978021978021978,0.14285714285714285,0.14285714285714285,1.0,0.8681318681318682,0.5604395604395604,0.5164835164835165,0.45054945054945056,0.38461538461538464,0.1978021978021978,0.14285714285714285,0.15384615384615385,0.9560439560439561,0.8681318681318682,0.7032967032967034,0.4945054945054945,0.3516483516483517,0.3626373626373626,0.25274725274725274,0.14285714285714285,0.13186813186813187,0.6043956043956044,0.9010989010989011,0.8241758241758241,0.7142857142857143,0.6923076923076923,0.5604395604395604,0.3516483516483517,0.2857142857142857,0.15384615384615385,0.0989010989010989,0.4725274725274725,0.7362637362637363,0.7582417582417582,0.6813186813186813,0.5714285714285714,0.6593406593406593,0.3956043956043956,0.21978021978021978,0.13186813186813187,0.06593406593406594,0.34065934065934067,0.6593406593406593,0.6593406593406593,0.6593406593406593,0.4725274725274725,0.5164835164835165,0.27472527472527475,0.16483516483516483,0.13186813186813187,0.054945054945054944,0.02197802197802198,0.14285714285714285,0.3076923076923077,0.3956043956043956,0.42857142857142855,0.5274725274725275,0.3516483516483517,0.23076923076923078,0.12087912087912088,0.12087912087912088,0.07692307692307693,0.03296703296703297,0.10989010989010989,0.18681318681318682,0.3516483516483517,0.12087912087912088,0.1978021978021978,0.18681318681318682,0.14285714285714285,0.12087912087912088,0.03296703296703297,0.03296703296703297,0.04395604395604396,0.03296703296703297,0.08791208791208792,0.13186813186813187,0.14285714285714285,0.16483516483516483,0.14285714285714285,0.15384615384615385,0.14285714285714285,0.13186813186813187,0.054945054945054944,0.01098901098901099,0.04395604395604396,0.0989010989010989,0.0989010989010989,0.26373626373626374,0.26373626373626374,0.17582417582417584,0.16483516483516483,0.25274725274725274,0.2087912087912088,0.12087912087912088,0.07692307692307693,0.04395604395604396,0.03296703296703297,0.01098901098901099,0.3076923076923077,0.2967032967032967,0.38461538461538464,0.23076923076923078,0.2857142857142857,0.3516483516483517,0.14285714285714285,0.08791208791208792,0.054945054945054944,0.02197802197802198,0.0,0.0,0.24175824175824176,0.26373626373626374,0.27472527472527475,0.18681318681318682,0.13186813186813187,0.23076923076923078,0.14285714285714285,0.17582417582417584,0.14285714285714285,0.054945054945054944,0.01098901098901099,0.38461538461538464,0.2967032967032967,0.17582417582417584,0.3076923076923077,0.31868131868131866,0.5274725274725275,0.31868131868131866,0.3076923076923077,0.16483516483516483,0.0989010989010989,0.01098901098901099,0.31868131868131866,0.3076923076923077,0.26373626373626374,0.31868131868131866,0.5604395604395604,0.6043956043956044,0.4835164835164835,0.4835164835164835,0.2857142857142857,0.13186813186813187,0.054945054945054944,0.32967032967032966,0.3076923076923077,0.46153846153846156,0.5164835164835165,0.46153846153846156,0.6153846153846154,0.5164835164835165,0.3956043956043956,0.26373626373626374,0.14285714285714285,0.24175824175824176,0.3076923076923077,0.42857142857142855,0.3626373626373626,0.31868131868131866,0.42857142857142855,0.4175824175824176,0.4725274725274725,0.6153846153846154,0.5274725274725275,0.4945054945054945,0.37362637362637363,0.15384615384615385,0.25274725274725274,0.27472527472527475,0.25274725274725274,0.34065934065934067,0.4175824175824176,0.42857142857142855,0.5054945054945055,0.5274725274725275,0.6043956043956044,0.4725274725274725,0.43956043956043955,0.31868131868131866,0.38461538461538464,0.5604395604395604,0.5164835164835165,0.34065934065934067,0.1978021978021978,0.3076923076923077,0.4175824175824176,0.43956043956043955,0.46153846153846156,0.27472527472527475,0.14285714285714285,0.3956043956043956,0.21978021978021978,0.17582417582417584,0.3516483516483517,0.23076923076923078,0.13186813186813187,0.06593406593406594,0.03296703296703297,0.02197802197802198,0.43200951536898086
2049-07-01,0.021739130434782608,0.0,0.0,0.0,0.0,0.03260869565217391,0.03260869565217391,0.6739130434782609,0.17391304347826086,0.043478260869565216,0.043478260869565216,0.03260869565217391,0.10869565217391304,0.03260869565217391,0.391304347826087,0.9347826086956522,0.7608695652173914,0.13043478260869565,0.05434782608695652,0.03260869565217391,0.08695652173913043,0.11956521739130435,0.0,1.0,0.9782608695652174,0.21739130434782608,0.043478260869565216,0.05434782608695652,0.021739130434782608,0.06521739130434782,0.18478260869565216,0.010869565217391304,0.9456521739130435,0.8586956521739131,0.3695652173913043,0.09782608695652174,0.010869565217391304,0.010869565217391304,0.17391304347826086,0.18478260869565216,0.03260869565217391,0.7282608695652174,0.8478260869565217,0.5869565217391305,0.532608695652174,0.3804347826086957,0.18478260869565216,0.03260869565217391,0.021739130434782608,0.05434782608695652,0.010869565217391304,0.3695652173913043,0.7065217391304348,0.6195652173913043,0.5543478260869565,0.3804347826086957,0.42391304347826086,0.05434782608695652,0.0,0.0,0.0,0.1956521739130435,0.4782608695652174,0.5543478260869565,0.6304347826086957,0.22826086956521738,0.42391304347826086,0.14130434782608695,0.03260869565217391,0.043478260869565216,0.0,0.0,0.010869565217391304,0.11956521739130435,0.3804347826086957,0.2717391304347826,0.532608695652174,0.44565217391304346,0.2717391304347826,0.10869565217391304,0.09782608695652174,0.021739130434782608,0.0,0.03260869565217391,0.08695652173913043,0.5434782608695652,0.33695652173913043,0.14130434782608695,0.13043478260869565,0.18478260869565216,0.2608695652173913,0.10869565217391304,0.06521739130434782,0.0,0.0,0.021739130434782608,0.043478260869565216,0.06521739130434782,0.32608695652173914,0.33695652173913043,0.34782608695652173,0.2608695652173913,0.2717391304347826,0.22826086956521738,0.15217391304347827,0.043478260869565216,0.0,0.03260869565217391,0.09782608695652174,0.2391304347826087,0.21739130434782608,0.4891304347826087,0.4891304347826087,0.5108695652173914,0.43478260869565216,0.3804347826086957,0.29347826086956524,0.13043478260869565,0.11956521739130435,0.18478260869565216,0.29347826086956524,0.6195652173913043,0.5217391304347826,0.6195652173913043,0.717391304347826,0.6304347826086957,0.45652173913043476,0.31521739130434784,0.17391304347826086,0.06521739130434782,0.010869565217391304,0.03260869565217391,0.2717391304347826,0.45652173913043476,0.5108695652173914,0.4673913043478261,0.5978260869565217,0.5434782608695652,0.42391304347826086,0.29347826086956524,0.17391304347826086,0.043478260869565216,0.07608695652173914,0.25,0.30434782608695654,0.5108695652173914,0.5869565217391305,0.7282608695652174,0.6521739130434783,0.5652173913043478,0.2608695652173913,0.10869565217391304,0.03260869565217391,0.06521739130434782,0.34782608695652173,0.4782608695652174,0.5543478260869565,0.7608695652173914,0.7717391304347826,0.6739130434782609,0.6304347826086957,0.33695652173913043,0.11956521739130435,0.06521739130434782,0.03260869565217391,0.14130434782608695,0.6956521739130435,0.6521739130434783,0.5434782608695652,0.717391304347826,0.5869565217391305,0.5,0.2608695652173913,0.09782608695652174,0.021739130434782608,0.021739130434782608,0.13043478260869565,0.2608695652173913,0.17391304347826086,0.5652173913043478,0.4891304347826087,0.4673913043478261,0.6521739130434783,0.5869565217391305,0.4891304347826087,0.42391304347826086,0.10869565217391304,0.03260869565217391,0.03260869565217391,0.05434782608695652,0.13043478260869565,0.4782608695652174,0.45652173913043476,0.4782608695652174,0.5108695652173914,0.5760869565217391,0.4891304347826087,0.43478260869565216,0.21739130434782608,0.30434782608695654,0.532608695652174,0.4782608695652174,0.33695652173913043,0.2608695652173913,0.13043478260869565,0.29347826086956524,0.391304347826087,0.4891304347826087,0.3804347826086957,0.21739130434782608,0.45652173913043476,0.40217391304347827,0.22826086956521738,0.34782608695652173,0.32608695652173914,0.10869565217391304,0.021739130434782608,0.06521739130434782,0.010869565217391304,0.466293439378137
2049-10-01,0.010869565217391304,0.0,0.0,0.0,0.0,0.0,0.16304347826086957,0.18478260869565216,0.021739130434782608,0.0,0.0,0.0,0.0,0.0,0.6413043478260869,0.31521739130434784,0.10869565217391304,0.010869565217391304,0.010869565217391304,0.0,0.0,0.0,0.0,0.8043478260869565,0.43478260869565216,0.06521739130434782,0.0,0.0,0.0,0.0,0.0,0.0,0.6847826086956522,0.4891304347826087,0.05434782608695652,0.0,0.0,0.0,0.0,0.0,0.0,0.010869565217391304,0.10869565217391304,0.03260869565217391,0.021739130434782608,0.0,0.0,0.0,0.0,0.0,0.0,0.010869565217391304,0.0,0.0,0.010869565217391304,0.0,0.0,0.0,0.0,0.0,0.0,0.010869565217391304,0.0,0.0,0.0,0.0,0.0,0.0,0.0,0.0,0.0,0.08695652173913043,0.021739130434782608,0.0,0.0,0.0,0.0,0.0,0.0,0.0,0.0,0.0,0.17391304347826086,0.05434782608695652,0.0,0.05434782608695652,0.010869565217391304,0.0,0.0,0.0,0.0,0.0,0.0,0.11956521739130435,0.17391304347826086,0.2391304347826087,0.14130434782608695,0.010869565217391304,0.13043478260869565,0.010869565217391304,0.0,0.0,0.0,0.0,0.0,0.0,0.18478260869565216,0.29347826086956524,0.2717391304347826,0.2826086956521739,0.16304347826086957,0.18478260869565216,0.16304347826086957,0.043478260869565216,0.010869565217391304,0.0,0.0,0.0,0.0,0.25,0.2717391304347826,0.30434782608695654,0.25,0.25,0.13043478260869565,0.05434782608695652,0.0,0.0,0.0,0.0,0.0,0.15217391304347827,0.2608695652173913,0.2826086956521739,0.25,0.18478260869565216,0.11956521739130435,0.05434782608695652,0.021739130434782608,0.0,0.0,0.0,0.15217391304347827,0.17391304347826086,0.18478260869565216,0.21739130434782608,0.1956521739130435,0.15217391304347827,0.07608695652173914,0.06521739130434782,0.03260869565217391,0.010869565217391304,0.0,0.06521739130434782,0.15217391304347827,0.2391304347826087,0.1956521739130435,0.29347826086956524,0.18478260869565216,0.10869565217391304,0.08695652173913043,0.05434782608695652,0.010869565217391304,0.0,0.03260869565217391,0.08695652173913043,0.2391304347826087,0.2826086956521739,0.5108695652173914,0.31521739130434784,0.15217391304347827,0.11956521739130435,0.03260869565217391,0.0,0.0,0.0,0.0,0.0,0.021739130434782608,0.15217391304347827,0.25,0.2717391304347826,0.15217391304347827,0.16304347826086957,0.11956521739130435,0.05434782608695652,0.0,0.0,0.0,0.0,0.09782608695652174,0.09782608695652174,0.08695652173913043,0.11956521739130435,0.15217391304347827,0.11956521739130435,0.06521739130434782,0.14130434782608695,0.021739130434782608,0.11956521739130435,0.31521739130434784,0.09782608695652174,0.05434782608695652,0.03260869565217391,0.043478260869565216,0.09782608695652174,0.07608695652173914,0.16304347826086957,0.07608695652173914,0.021739130434782608,0.08695652173913043,0.06521739130434782,0.03260869565217391,0.07608695652173914,0.06521739130434782,0.03260869565217391,0.0,0.043478260869565216,0.0,0.16559146536106753
2050-01-01,0.2222222222222222,0.2222222222222222,0.2111111111111111,0.2222222222222222,0.2111111111111111,0.2111111111111111,0.3111111111111111,0.3,0.18888888888888888,0.1111111111111111,0.08888888888888889,0.044444444444444446,0.022222222222222223,0.03333333333333333,0.5666666666666667,0.24444444444444444,0.23333333333333334,0.2222222222222222,0.2111111111111111,0.15555555555555556,0.05555555555555555,0.044444444444444446,0.08888888888888889,0.7222222222222222,0.36666666666666664,0.28888888888888886,0.28888888888888886,0.2222222222222222,0.23333333333333334,0.16666666666666666,0.08888888888888889,0.08888888888888889,0.8666666666666667,0.6,0.34444444444444444,0.28888888888888886,0.3,0.24444444444444444,0.17777777777777778,0.12222222222222222,0.12222222222222222,0.35555555555555557,0.5111111111111111,0.4111111111111111,0.43333333333333335,0.36666666666666664,0.26666666666666666,0.35555555555555557,0.26666666666666666,0.2,0.15555555555555556,0.25555555555555554,0.4,0.43333333333333335,0.4222222222222222,0.4111111111111111,0.34444444444444444,0.34444444444444444,0.2777777777777778,0.18888888888888888,0.16666666666666666,0.16666666666666666,0.3111111111111111,0.35555555555555557,0.34444444444444444,0.3888888888888889,0.4222222222222222,0.34444444444444444,0.2111111111111111,0.17777777777777778,0.15555555555555556,0.07777777777777778,0.15555555555555556,0.26666666666666666,0.2777777777777778,0.3111111111111111,0.3111111111111111,0.3333333333333333,0.2222222222222222,0.17777777777777778,0.13333333333333333,0.1,0.1,0.13333333333333333,0.2222222222222222,0.14444444444444443,0.17777777777777778,0.23333333333333334,0.2222222222222222,0.17777777777777778,0.14444444444444443,0.12222222222222222,0.12222222222222222,0.03333333333333333,0.044444444444444446,0.08888888888888889,0.1,0.1,0.1111111111111111,0.06666666666666667,0.1,0.1,0.1,0.08888888888888889,0.05555555555555555,0.1111111111111111,0.06666666666666667,0.06666666666666667,0.07777777777777778,0.1,0.07777777777777778,0.044444444444444446,0.03333333333333333,0.03333333333333333,0.07777777777777778,0.044444444444444446,0.05555555555555555,0.05555555555555555,0.1,0.044444444444444446,0.08888888888888889,0.07777777777777778,0.044444444444444446,0.044444444444444446,0.03333333333333333,0.05555555555555555,0.044444444444444446,0.03333333333333333,0.03333333333333333,0.06666666666666667,0.022222222222222223,0.05555555555555555,0.06666666666666667,0.06666666666666667,0.044444444444444446,0.044444444444444446,0.022222222222222223,0.03333333333333333,0.044444444444444446,0.044444444444444446,0.03333333333333333,0.022222222222222223,0.07777777777777778,0.06666666666666667,0.05555555555555555,0.044444444444444446,0.044444444444444446,0.03333333333333333,0.03333333333333333,0.011111111111111112,0.06666666666666667,0.05555555555555555,0.011111111111111112,0.1,0.2111111111111111,0.1111111111111111,0.07777777777777778,0.044444444444444446,0.03333333333333333,0.022222222222222223,0.044444444444444446,0.044444444444444446,0.03333333333333333,0.022222222222222223,0.08888888888888889,0.05555555555555555,0.1,0.1111111111111111,0.06666666666666667,0.022222222222222223,0.022222222222222223,0.022222222222222223,0.03333333333333333,0.03333333333333333,0.05555555555555555,0.08888888888888889,0.07777777777777778,0.07777777777777778,0.05555555555555555,0.06666666666666667,0.1111111111111111,0.1111111111111111,0.044444444444444446,0.03333333333333333,0.03333333333333333,0.022222222222222223,0.03333333333333333,0.1111111111111111,0.06666666666666667,0.13333333333333333,0.14444444444444443,0.07777777777777778,0.08888888888888889,0.1111111111111111,0.08888888888888889,0.03333333333333333,0.022222222222222223,0.14444444444444443,0.13333333333333333,0.08888888888888889,0.07777777777777778,0.03333333333333333,0.03333333333333333,0.03333333333333333,0.24444444444444444,0.25555555555555554,0.14444444444444443,0.08888888888888889,0.05555555555555555,0.022222222222222223,0.044444444444444446,0.044444444444444446,0.03333333333333333,0.2111111111111111,0.1,0.05555555555555555,0.03333333333333333,0.06666666666666667,0.044444444444444446,0.12966144418709719
2050-04-01,0.01098901098901099,0.02197802197802198,0.03296703296703297,0.03296703296703297,0.03296703296703297,0.02197802197802198,0.10989010989010989,0.32967032967032966,0.12087912087912088,0.04395604395604396,0.04395604395604396,0.06593406593406594,0.07692307692307693,0.03296703296703297,0.2857142857142857,0.5054945054945055,0.38461538461538464,0.17582417582417584,0.054945054945054944,0.10989010989010989,0.08791208791208792,0.03296703296703297,0.02197802197802198,0.989010989010989,0.7362637362637363,0.31868131868131866,0.14285714285714285,0.16483516483516483,0.14285714285714285,0.08791208791208792,0.0,0.01098901098901099,0.967032967032967,0.7582417582417582,0.4725274725274725,0.27472527472527475,0.1978021978021978,0.15384615384615385,0.07692307692307693,0.02197802197802198,0.0,0.6703296703296703,0.8791208791208791,0.7362637362637363,0.6153846153846154,0.5164835164835165,0.31868131868131866,0.25274725274725274,0.12087912087912088,0.03296703296703297,0.02197802197802198,0.4065934065934066,0.8241758241758241,0.6813186813186813,0.6923076923076923,0.5494505494505495,0.43956043956043955,0.27472527472527475,0.12087912087912088,0.04395604395604396,0.0,0.3516483516483517,0.5824175824175825,0.5934065934065934,0.5934065934065934,0.3956043956043956,0.4175824175824176,0.1978021978021978,0.08791208791208792,0.02197802197802198,0.0,0.08791208791208792,0.26373626373626374,0.4725274725274725,0.4725274725274725,0.37362637362637363,0.38461538461538464,0.25274725274725274,0.15384615384615385,0.054945054945054944,0.04395604395604396,0.01098901098901099,0.07692307692307693,0.14285714285714285,0.37362637362637363,0.38461538461538464,0.0989010989010989,0.12087912087912088,0.14285714285714285,0.06593406593406594,0.02197802197802198,0.054945054945054944,0.02197802197802198,0.06593406593406594,0.10989010989010989,0.13186813186813187,0.07692307692307693,0.10989010989010989,0.10989010989010989,0.054945054945054944,0.06593406593406594,0.054945054945054944,0.054945054945054944,0.07692307692307693,0.06593406593406594,0.04395604395604396,0.10989010989010989,0.14285714285714285,0.17582417582417584,0.1978021978021978,0.15384615384615385,0.054945054945054944,0.0989010989010989,0.10989010989010989,0.07692307692307693,0.06593406593406594,0.0989010989010989,0.12087912087912088,0.06593406593406594,0.26373626373626374,0.21978021978021978,0.2967032967032967,0.12087912087912088,0.15384615384615385,0.15384615384615385,0.08791208791208792,0.0989010989010989,0.12087912087912088,0.07692307692307693,0.06593406593406594,0.01098901098901099,0.08791208791208792,0.18681318681318682,0.13186813186813187,0.14285714285714285,0.08791208791208792,0.0989010989010989,0.07692307692307693,0.12087912087912088,0.14285714285714285,0.054945054945054944,0.054945054945054944,0.24175824175824176,0.18681318681318682,0.04395604395604396,0.13186813186813187,0.21978021978021978,0.38461538461538464,0.1978021978021978,0.16483516483516483,0.054945054945054944,0.06593406593406594,0.04395604395604396,0.2087912087912088,0.1978021978021978,0.2087912087912088,0.15384615384615385,0.3956043956043956,0.37362637362637363,0.24175824175824176,0.21978021978021978,0.10989010989010989,0.03296703296703297,0.04395604395604396,0.16483516483516483,0.16483516483516483,0.34065934065934067,0.4175824175824176,0.26373626373626374,0.34065934065934067,0.1978021978021978,0.17582417582417584,0.08791208791208792,0.054945054945054944,0.054945054945054944,0.15384615384615385,0.24175824175824176,0.18681318681318682,0.12087912087912088,0.2967032967032967,0.27472527472527475,0.2087912087912088,0.3956043956043956,0.23076923076923078,0.18681318681318682,0.15384615384615385,0.04395604395604396,0.13186813186813187,0.14285714285714285,0.2857142857142857,0.32967032967032966,0.2967032967032967,0.26373626373626374,0.31868131868131866,0.2967032967032967,0.31868131868131866,0.25274725274725274,0.43956043956043955,0.1978021978021978,0.25274725274725274,0.32967032967032966,0.26373626373626374,0.15384615384615385,0.13186813186813187,0.31868131868131866,0.45054945054945056,0.4175824175824176,0.2967032967032967,0.17582417582417584,0.07692307692307693,0.31868131868131866,0.23076923076923078,0.08791208791208792,0.43956043956043955,0.24175824175824176,0.04395604395604396,0.02197802197802198,0.03296703296703297,0.02197802197802198,0.29041878351579437
2050-07-01,0.0,0.0,0.0,0.021739130434782608,0.03260869565217391,0.0,0.08695652173913043,0.41304347826086957,0.07608695652173914,0.010869565217391304,0.010869565217391304,0.06521739130434782,0.09782608695652174,0.03260869565217391,0.43478260869565216,0.9347826086956522,0.5543478260869565,0.10869565217391304,0.03260869565217391,0.021739130434782608,0.08695652173913043,0.09782608695652174,0.021739130434782608,1.0,0.9456521739130435,0.22826086956521738,0.010869565217391304,0.010869565217391304,0.06521739130434782,0.10869565217391304,0.10869565217391304,0.010869565217391304,0.9891304347826086,0.8695652173913043,0.42391304347826086,0.09782608695652174,0.010869565217391304,0.043478260869565216,0.20652173913043478,0.20652173913043478,0.021739130434782608,0.7717391304347826,0.9347826086956522,0.5217391304347826,0.44565217391304346,0.358695652173913,0.2391304347826087,0.05434782608695652,0.021739130434782608,0.021739130434782608,0.0,0.40217391304347827,0.5869565217391305,0.41304347826086957,0.5,0.391304347826087,0.391304347826087,0.10869565217391304,0.03260869565217391,0.0,0.0,0.1956521739130435,0.2717391304347826,0.358695652173913,0.5,0.31521739130434784,0.3804347826086957,0.18478260869565216,0.07608695652173914,0.043478260869565216,0.010869565217391304,0.010869565217391304,0.043478260869565216,0.14130434782608695,0.2826086956521739,0.2608695652173913,0.6086956521739131,0.5543478260869565,0.44565217391304346,0.08695652173913043,0.05434782608695652,0.0,0.043478260869565216,0.09782608695652174,0.07608695652173914,0.6956521739130435,0.5978260869565217,0.5108695652173914,0.43478260869565216,0.13043478260869565,0.03260869565217391,0.043478260869565216,0.010869565217391304,0.0,0.010869565217391304,0.08695652173913043,0.16304347826086957,0.11956521739130435,0.30434782608695654,0.32608695652173914,0.2717391304347826,0.29347826086956524,0.13043478260869565,0.07608695652173914,0.05434782608695652,0.05434782608695652,0.0,0.043478260869565216,0.17391304347826086,0.29347826086956524,0.30434782608695654,0.3804347826086957,0.5108695652173914,0.5434782608695652,0.4782608695652174,0.358695652173913,0.18478260869565216,0.11956521739130435,0.06521739130434782,0.15217391304347827,0.33695652173913043,0.45652173913043476,0.4673913043478261,0.6086956521739131,0.8043478260869565,0.6847826086956522,0.45652173913043476,0.2826086956521739,0.15217391304347827,0.043478260869565216,0.03260869565217391,0.03260869565217391,0.30434782608695654,0.3804347826086957,0.5543478260869565,0.40217391304347827,0.6847826086956522,0.7065217391304348,0.532608695652174,0.4673913043478261,0.15217391304347827,0.03260869565217391,0.043478260869565216,0.29347826086956524,0.31521739130434784,0.5543478260869565,0.6195652173913043,0.9021739130434783,0.8695652173913043,0.7282608695652174,0.42391304347826086,0.11956521739130435,0.043478260869565216,0.0,0.31521739130434784,0.5217391304347826,0.532608695652174,0.9130434782608695,0.9347826086956522,0.8804347826086957,0.8478260869565217,0.5,0.16304347826086957,0.08695652173913043,0.010869565217391304,0.043478260869565216,0.6413043478260869,0.7934782608695652,0.5978260869565217,0.8695652173913043,0.8369565217391305,0.7282608695652174,0.358695652173913,0.11956521739130435,0.0,0.0,0.03260869565217391,0.03260869565217391,0.06521739130434782,0.43478260869565216,0.4782608695652174,0.29347826086956524,0.7717391304347826,0.8152173913043478,0.782608695652174,0.5434782608695652,0.25,0.0,0.010869565217391304,0.010869565217391304,0.10869565217391304,0.2717391304347826,0.29347826086956524,0.44565217391304346,0.4891304347826087,0.8043478260869565,0.7391304347826086,0.17391304347826086,0.09782608695652174,0.22826086956521738,0.4891304347826087,0.5652173913043478,0.44565217391304346,0.33695652173913043,0.06521739130434782,0.18478260869565216,0.32608695652173914,0.5543478260869565,0.5108695652173914,0.29347826086956524,0.3695652173913043,0.45652173913043476,0.2608695652173913,0.2826086956521739,0.2391304347826087,0.09782608695652174,0.021739130434782608,0.05434782608695652,0.010869565217391304,0.49792559006556203
2050-10-01,0.07608695652173914,0.021739130434782608,0.0,0.0,0.0,0.0,0.18478260869565216,0.20652173913043478,0.10869565217391304,0.07608695652173914,0.0,0.0,0.0,0.0,0.5434782608695652,0.29347826086956524,0.14130434782608695,0.06521739130434782,0.06521739130434782,0.0,0.0,0.0,0.0,0.8043478260869565,0.32608695652173914,0.043478260869565216,0.010869565217391304,0.010869565217391304,0.0,0.0,0.0,0.0,0.7391304347826086,0.44565217391304346,0.021739130434782608,0.0,0.0,0.0,0.0,0.0,0.0,0.0,0.16304347826086957,0.06521739130434782,0.021739130434782608,0.0,0.0,0.0,0.0,0.0,0.0,0.0,0.043478260869565216,0.05434782608695652,0.03260869565217391,0.010869565217391304,0.0,0.0,0.0,0.0,0.0,0.0,0.0,0.010869565217391304,0.021739130434782608,0.010869565217391304,0.0,0.043478260869565216,0.0,0.0,0.0,0.021739130434782608,0.021739130434782608,0.0,0.0,0.0,0.0,0.0,0.03260869565217391,0.0,0.0,0.0,0.07608695652173914,0.043478260869565216,0.03260869565217391,0.08695652173913043,0.03260869565217391,0.0,0.0,0.0,0.0,0.0,0.0,0.021739130434782608,0.08695652173913043,0.1956521739130435,0.15217391304347827,0.07608695652173914,0.13043478260869565,0.021739130434782608,0.021739130434782608,0.0,0.0,0.0,0.0,0.0,0.043478260869565216,0.16304347826086957,0.2391304347826087,0.2608695652173913,0.17391304347826086,0.1956521739130435,0.11956521739130435,0.05434782608695652,0.021739130434782608,0.010869565217391304,0.0,0.0,0.0,0.18478260869565216,0.25,0.2391304347826087,0.18478260869565216,0.17391304347826086,0.07608695652173914,0.05434782608695652,0.0,0.0,0.0,0.0,0.0,0.14130434782608695,0.2391304347826087,0.1956521739130435,0.17391304347826086,0.08695652173913043,0.043478260869565216,0.021739130434782608,0.010869565217391304,0.010869565217391304,0.0,0.0,0.10869565217391304,0.14130434782608695,0.17391304347826086,0.18478260869565216,0.15217391304347827,0.09782608695652174,0.05434782608695652,0.021739130434782608,0.0,0.0,0.0,0.07608695652173914,0.11956521739130435,0.25,0.1956521739130435,0.2717391304347826,0.10869565217391304,0.06521739130434782,0.03260869565217391,0.0,0.0,0.0,0.03260869565217391,0.10869565217391304,0.29347826086956524,0.2826086956521739,0.532608695652174,0.2391304347826087,0.09782608695652174,0.05434782608695652,0.0,0.0,0.0,0.0,0.010869565217391304,0.0,0.08695652173913043,0.1956521739130435,0.16304347826086957,0.1956521739130435,0.14130434782608695,0.06521739130434782,0.021739130434782608,0.021739130434782608,0.0,0.0,0.0,0.010869565217391304,0.11956521739130435,0.11956521739130435,0.05434782608695652,0.043478260869565216,0.03260869565217391,0.010869565217391304,0.03260869565217391,0.10869565217391304,0.010869565217391304,0.010869565217391304,0.08695652173913043,0.043478260869565216,0.010869565217391304,0.010869565217391304,0.03260869565217391,0.010869565217391304,0.010869565217391304,0.09782608695652174,0.010869565217391304,0.0,0.021739130434782608,0.021739130434782608,0.010869565217391304,0.0,0.0,0.0,0.0,0.0,0.0,0.12818791795303472
2051-01-01,0.15555555555555556,0.15555555555555556,0.14444444444444443,0.13333333333333333,0.15555555555555556,0.1111111111111111,0.35555555555555557,0.2111111111111111,0.13333333333333333,0.08888888888888889,0.1111111111111111,0.08888888888888889,0.03333333333333333,0.03333333333333333,0.7,0.26666666666666666,0.2222222222222222,0.18888888888888888,0.13333333333333333,0.13333333333333333,0.1111111111111111,0.044444444444444446,0.044444444444444446,0.7111111111111111,0.3888888888888889,0.3,0.2777777777777778,0.17777777777777778,0.2111111111111111,0.1111111111111111,0.06666666666666667,0.044444444444444446,0.7555555555555555,0.5555555555555556,0.32222222222222224,0.3111111111111111,0.2777777777777778,0.2111111111111111,0.16666666666666666,0.1111111111111111,0.044444444444444446,0.2111111111111111,0.3,0.3111111111111111,0.35555555555555557,0.34444444444444444,0.34444444444444444,0.3333333333333333,0.15555555555555556,0.12222222222222222,0.1,0.15555555555555556,0.2111111111111111,0.3,0.34444444444444444,0.3888888888888889,0.37777777777777777,0.26666666666666666,0.17777777777777778,0.15555555555555556,0.1,0.14444444444444443,0.2222222222222222,0.3,0.34444444444444444,0.43333333333333335,0.3888888888888889,0.28888888888888886,0.18888888888888888,0.13333333333333333,0.1,0.022222222222222223,0.12222222222222222,0.18888888888888888,0.25555555555555554,0.3,0.3111111111111111,0.3,0.24444444444444444,0.17777777777777778,0.12222222222222222,0.07777777777777778,0.03333333333333333,0.044444444444444446,0.14444444444444443,0.14444444444444443,0.17777777777777778,0.16666666666666666,0.15555555555555556,0.15555555555555556,0.12222222222222222,0.12222222222222222,0.06666666666666667,0.0,0.0,0.0,0.022222222222222223,0.07777777777777778,0.05555555555555555,0.044444444444444446,0.07777777777777778,0.08888888888888889,0.07777777777777778,0.08888888888888889,0.08888888888888889,0.044444444444444446,0.011111111111111112,0.022222222222222223,0.011111111111111112,0.0,0.03333333333333333,0.03333333333333333,0.03333333333333333,0.044444444444444446,0.05555555555555555,0.044444444444444446,0.044444444444444446,0.03333333333333333,0.022222222222222223,0.011111111111111112,0.011111111111111112,0.011111111111111112,0.022222222222222223,0.022222222222222223,0.03333333333333333,0.044444444444444446,0.044444444444444446,0.044444444444444446,0.022222222222222223,0.011111111111111112,0.022222222222222223,0.03333333333333333,0.011111111111111112,0.011111111111111112,0.011111111111111112,0.011111111111111112,0.022222222222222223,0.044444444444444446,0.044444444444444446,0.044444444444444446,0.022222222222222223,0.011111111111111112,0.044444444444444446,0.022222222222222223,0.011111111111111112,0.022222222222222223,0.011111111111111112,0.011111111111111112,0.044444444444444446,0.05555555555555555,0.044444444444444446,0.03333333333333333,0.011111111111111112,0.03333333333333333,0.16666666666666666,0.05555555555555555,0.022222222222222223,0.0,0.011111111111111112,0.06666666666666667,0.06666666666666667,0.03333333333333333,0.022222222222222223,0.03333333333333333,0.03333333333333333,0.05555555555555555,0.08888888888888889,0.044444444444444446,0.022222222222222223,0.022222222222222223,0.07777777777777778,0.07777777777777778,0.03333333333333333,0.03333333333333333,0.08888888888888889,0.1111111111111111,0.13333333333333333,0.07777777777777778,0.022222222222222223,0.06666666666666667,0.022222222222222223,0.011111111111111112,0.0,0.03333333333333333,0.1,0.03333333333333333,0.03333333333333333,0.13333333333333333,0.15555555555555556,0.16666666666666666,0.12222222222222222,0.05555555555555555,0.011111111111111112,0.011111111111111112,0.0,0.011111111111111112,0.06666666666666667,0.07777777777777778,0.022222222222222223,0.022222222222222223,0.03333333333333333,0.022222222222222223,0.03333333333333333,0.03333333333333333,0.17777777777777778,0.06666666666666667,0.022222222222222223,0.12222222222222222,0.05555555555555555,0.044444444444444446,0.022222222222222223,0.1,0.011111111111111112,0.06666666666666667,0.0,0.0,0.0,0.0,0.0,0.11332979250478731
2051-04-01,0.01098901098901099,0.0,0.0,0.01098901098901099,0.0,0.01098901098901099,0.2087912087912088,0.42857142857142855,0.1978021978021978,0.02197802197802198,0.02197802197802198,0.02197802197802198,0.04395604395604396,0.01098901098901099,0.34065934065934067,0.6263736263736264,0.4835164835164835,0.31868131868131866,0.17582417582417584,0.0989010989010989,0.054945054945054944,0.01098901098901099,0.0,0.9560439560439561,0.7252747252747253,0.3956043956043956,0.37362637362637363,0.2857142857142857,0.21978021978021978,0.0989010989010989,0.01098901098901099,0.0,0.9340659340659341,0.8241758241758241,0.6153846153846154,0.4175824175824176,0.3076923076923077,0.1978021978021978,0.054945054945054944,0.0,0.0,0.6483516483516484,0.8901098901098901,0.8571428571428571,0.7802197802197802,0.6483516483516484,0.46153846153846156,0.27472527472527475,0.17582417582417584,0.06593406593406594,0.0,0.45054945054945056,0.7362637362637363,0.7362637362637363,0.7142857142857143,0.6483516483516484,0.6703296703296703,0.31868131868131866,0.16483516483516483,0.054945054945054944,0.01098901098901099,0.2967032967032967,0.43956043956043955,0.5384615384615384,0.5384615384615384,0.5164835164835165,0.5384615384615384,0.26373626373626374,0.13186813186813187,0.04395604395604396,0.02197802197802198,0.06593406593406594,0.1978021978021978,0.34065934065934067,0.3956043956043956,0.43956043956043955,0.4725274725274725,0.5054945054945055,0.1978021978021978,0.10989010989010989,0.04395604395604396,0.02197802197802198,0.02197802197802198,0.12087912087912088,0.25274725274725274,0.4945054945054945,0.3956043956043956,0.37362637362637363,0.24175824175824176,0.0989010989010989,0.06593406593406594,0.04395604395604396,0.02197802197802198,0.0989010989010989,0.03296703296703297,0.07692307692307693,0.03296703296703297,0.12087912087912088,0.3626373626373626,0.37362637362637363,0.24175824175824176,0.16483516483516483,0.07692307692307693,0.08791208791208792,0.054945054945054944,0.04395604395604396,0.12087912087912088,0.15384615384615385,0.15384615384615385,0.16483516483516483,0.14285714285714285,0.18681318681318682,0.37362637362637363,0.2967032967032967,0.17582417582417584,0.12087912087912088,0.0989010989010989,0.07692307692307693,0.04395604395604396,0.16483516483516483,0.10989010989010989,0.27472527472527475,0.1978021978021978,0.3516483516483517,0.32967032967032966,0.23076923076923078,0.18681318681318682,0.13186813186813187,0.04395604395604396,0.04395604395604396,0.02197802197802198,0.10989010989010989,0.08791208791208792,0.10989010989010989,0.1978021978021978,0.16483516483516483,0.25274725274725274,0.24175824175824176,0.18681318681318682,0.15384615384615385,0.07692307692307693,0.03296703296703297,0.15384615384615385,0.0989010989010989,0.06593406593406594,0.23076923076923078,0.27472527472527475,0.46153846153846156,0.34065934065934067,0.2087912087912088,0.15384615384615385,0.10989010989010989,0.02197802197802198,0.14285714285714285,0.15384615384615385,0.14285714285714285,0.21978021978021978,0.4835164835164835,0.4945054945054945,0.43956043956043955,0.3516483516483517,0.24175824175824176,0.10989010989010989,0.07692307692307693,0.10989010989010989,0.10989010989010989,0.34065934065934067,0.4175824175824176,0.3076923076923077,0.5054945054945055,0.3516483516483517,0.23076923076923078,0.14285714285714285,0.0989010989010989,0.02197802197802198,0.054945054945054944,0.23076923076923078,0.23076923076923078,0.12087912087912088,0.26373626373626374,0.31868131868131866,0.31868131868131866,0.5054945054945055,0.3626373626373626,0.3626373626373626,0.2857142857142857,0.06593406593406594,0.054945054945054944,0.15384615384615385,0.2857142857142857,0.42857142857142855,0.31868131868131866,0.2967032967032967,0.32967032967032966,0.4725274725274725,0.46153846153846156,0.3516483516483517,0.46153846153846156,0.27472527472527475,0.3076923076923077,0.5274725274725275,0.3626373626373626,0.24175824175824176,0.0989010989010989,0.3076923076923077,0.3956043956043956,0.46153846153846156,0.3626373626373626,0.23076923076923078,0.07692307692307693,0.2967032967032967,0.15384615384615385,0.13186813186813187,0.2967032967032967,0.17582417582417584,0.07692307692307693,0.01098901098901099,0.02197802197802198,0.01098901098901099,0.34034061865044607
2051-07-01,0.0,0.0,0.0,0.021739130434782608,0.021739130434782608,0.03260869565217391,0.13043478260869565,0.45652173913043476,0.07608695652173914,0.010869565217391304,0.021739130434782608,0.06521739130434782,0.10869565217391304,0.021739130434782608,0.5869565217391305,0.9347826086956522,0.5217391304347826,0.08695652173913043,0.021739130434782608,0.021739130434782608,0.021739130434782608,0.06521739130434782,0.010869565217391304,1.0,0.9347826086956522,0.11956521739130435,0.043478260869565216,0.021739130434782608,0.0,0.021739130434782608,0.05434782608695652,0.010869565217391304,0.9456521739130435,0.7934782608695652,0.30434782608695654,0.16304347826086957,0.0,0.03260869565217391,0.14130434782608695,0.20652173913043478,0.0,0.6847826086956522,0.7934782608695652,0.41304347826086957,0.32608695652173914,0.32608695652173914,0.29347826086956524,0.03260869565217391,0.0,0.010869565217391304,0.0,0.29347826086956524,0.4782608695652174,0.31521739130434784,0.33695652173913043,0.1956521739130435,0.33695652173913043,0.021739130434782608,0.010869565217391304,0.03260869565217391,0.0,0.021739130434782608,0.1956521739130435,0.2717391304347826,0.41304347826086957,0.13043478260869565,0.2608695652173913,0.08695652173913043,0.05434782608695652,0.06521739130434782,0.0,0.021739130434782608,0.021739130434782608,0.03260869565217391,0.05434782608695652,0.15217391304347827,0.5978260869565217,0.6195652173913043,0.5434782608695652,0.2391304347826087,0.11956521739130435,0.010869565217391304,0.043478260869565216,0.05434782608695652,0.021739130434782608,0.6630434782608695,0.6304347826086957,0.6195652173913043,0.6304347826086957,0.3804347826086957,0.2391304347826087,0.08695652173913043,0.05434782608695652,0.0,0.03260869565217391,0.06521739130434782,0.14130434782608695,0.043478260869565216,0.31521739130434784,0.5,0.6304347826086957,0.5652173913043478,0.4891304347826087,0.31521739130434784,0.1956521739130435,0.06521739130434782,0.010869565217391304,0.043478260869565216,0.15217391304347827,0.25,0.2717391304347826,0.40217391304347827,0.5,0.6739130434782609,0.7282608695652174,0.6521739130434783,0.41304347826086957,0.21739130434782608,0.09782608695652174,0.2826086956521739,0.40217391304347827,0.44565217391304346,0.532608695652174,0.6521739130434783,0.8043478260869565,0.75,0.6521739130434783,0.4891304347826087,0.21739130434782608,0.08695652173913043,0.05434782608695652,0.14130434782608695,0.34782608695652173,0.45652173913043476,0.5978260869565217,0.4782608695652174,0.6195652173913043,0.7608695652173914,0.6739130434782609,0.5,0.18478260869565216,0.08695652173913043,0.32608695652173914,0.45652173913043476,0.3695652173913043,0.5869565217391305,0.6086956521739131,0.8695652173913043,0.7717391304347826,0.7391304347826086,0.40217391304347827,0.13043478260869565,0.07608695652173914,0.15217391304347827,0.45652173913043476,0.5543478260869565,0.5652173913043478,0.9239130434782609,0.9021739130434783,0.8260869565217391,0.7717391304347826,0.44565217391304346,0.17391304347826086,0.08695652173913043,0.16304347826086957,0.2391304347826087,0.7717391304347826,0.8152173913043478,0.7391304347826086,0.8695652173913043,0.782608695652174,0.6630434782608695,0.3804347826086957,0.16304347826086957,0.043478260869565216,0.043478260869565216,0.31521739130434784,0.34782608695652173,0.30434782608695654,0.7065217391304348,0.5434782608695652,0.5760869565217391,0.8043478260869565,0.7391304347826086,0.7065217391304348,0.5434782608695652,0.20652173913043478,0.06521739130434782,0.07608695652173914,0.08695652173913043,0.29347826086956524,0.6195652173913043,0.4782608695652174,0.5217391304347826,0.5978260869565217,0.7391304347826086,0.6304347826086957,0.4891304347826087,0.31521739130434784,0.40217391304347827,0.6195652173913043,0.6086956521739131,0.44565217391304346,0.3695652173913043,0.2391304347826087,0.3695652173913043,0.40217391304347827,0.5434782608695652,0.4891304347826087,0.34782608695652173,0.41304347826086957,0.41304347826086957,0.31521739130434784,0.29347826086956524,0.29347826086956524,0.17391304347826086,0.06521739130434782,0.08695652173913043,0.010869565217391304,0.5289272800150795
2051-10-01,0.021739130434782608,0.0,0.0,0.0,0.0,0.0,0.1956521739130435,0.18478260869565216,0.09782608695652174,0.010869565217391304,0.0,0.0,0.0,0.0,0.5543478260869565,0.2717391304347826,0.11956521739130435,0.03260869565217391,0.021739130434782608,0.0,0.0,0.0,0.0,0.7391304347826086,0.40217391304347827,0.07608695652173914,0.021739130434782608,0.010869565217391304,0.010869565217391304,0.0,0.0,0.0,0.6956521739130435,0.4891304347826087,0.05434782608695652,0.010869565217391304,0.0,0.0,0.0,0.0,0.0,0.0,0.14130434782608695,0.010869565217391304,0.010869565217391304,0.0,0.0,0.0,0.0,0.0,0.0,0.021739130434782608,0.0,0.0,0.0,0.0,0.0,0.0,0.0,0.0,0.0,0.0,0.0,0.0,0.0,0.0,0.0,0.0,0.0,0.0,0.0,0.08695652173913043,0.03260869565217391,0.0,0.0,0.0,0.0,0.0,0.0,0.0,0.0,0.0,0.14130434782608695,0.07608695652173914,0.010869565217391304,0.06521739130434782,0.0,0.0,0.0,0.0,0.0,0.0,0.0,0.07608695652173914,0.14130434782608695,0.22826086956521738,0.16304347826086957,0.043478260869565216,0.08695652173913043,0.021739130434782608,0.0,0.0,0.0,0.0,0.0,0.0,0.10869565217391304,0.1956521739130435,0.2826086956521739,0.29347826086956524,0.14130434782608695,0.18478260869565216,0.13043478260869565,0.09782608695652174,0.010869565217391304,0.010869565217391304,0.0,0.0,0.0,0.2826086956521739,0.2826086956521739,0.30434782608695654,0.2717391304347826,0.20652173913043478,0.21739130434782608,0.08695652173913043,0.05434782608695652,0.010869565217391304,0.010869565217391304,0.0,0.0,0.25,0.29347826086956524,0.2608695652173913,0.2826086956521739,0.1956521739130435,0.17391304347826086,0.15217391304347827,0.08695652173913043,0.043478260869565216,0.010869565217391304,0.0,0.2391304347826087,0.2608695652173913,0.2391304347826087,0.2717391304347826,0.30434782608695654,0.29347826086956524,0.18478260869565216,0.14130434782608695,0.09782608695652174,0.021739130434782608,0.0,0.18478260869565216,0.2391304347826087,0.2826086956521739,0.33695652173913043,0.43478260869565216,0.3695652173913043,0.29347826086956524,0.21739130434782608,0.14130434782608695,0.08695652173913043,0.021739130434782608,0.13043478260869565,0.25,0.358695652173913,0.391304347826087,0.5978260869565217,0.43478260869565216,0.33695652173913043,0.22826086956521738,0.11956521739130435,0.07608695652173914,0.0,0.021739130434782608,0.05434782608695652,0.07608695652173914,0.18478260869565216,0.1956521739130435,0.18478260869565216,0.29347826086956524,0.2608695652173913,0.2608695652173913,0.1956521739130435,0.15217391304347827,0.08695652173913043,0.0,0.0,0.043478260869565216,0.18478260869565216,0.15217391304347827,0.09782608695652174,0.1956521739130435,0.21739130434782608,0.1956521739130435,0.20652173913043478,0.14130434782608695,0.05434782608695652,0.11956521739130435,0.391304347826087,0.15217391304347827,0.16304347826086957,0.13043478260869565,0.043478260869565216,0.05434782608695652,0.06521739130434782,0.25,0.13043478260869565,0.11956521739130435,0.10869565217391304,0.15217391304347827,0.08695652173913043,0.06521739130434782,0.07608695652173914,0.07608695652173914,0.07608695652173914,0.05434782608695652,0.043478260869565216,0.21537809390486776
2052-01-01,0.05555555555555555,0.03333333333333333,0.044444444444444446,0.03333333333333333,0.011111111111111112,0.0,0.12222222222222222,0.05555555555555555,0.0,0.0,0.0,0.011111111111111112,0.011111111111111112,0.0,0.4,0.05555555555555555,0.03333333333333333,0.011111111111111112,0.0,0.022222222222222223,0.022222222222222223,0.0,0.022222222222222223,0.5444444444444444,0.1,0.07777777777777778,0.05555555555555555,0.022222222222222223,0.03333333333333333,0.03333333333333333,0.0,0.0,0.6222222222222222,0.43333333333333335,0.08888888888888889,0.06666666666666667,0.1,0.07777777777777778,0.03333333333333333,0.0,0.0,0.15555555555555556,0.26666666666666666,0.12222222222222222,0.1,0.07777777777777778,0.13333333333333333,0.1,0.05555555555555555,0.011111111111111112,0.0,0.13333333333333333,0.15555555555555556,0.1111111111111111,0.13333333333333333,0.1,0.16666666666666666,0.08888888888888889,0.05555555555555555,0.022222222222222223,0.0,0.12222222222222222,0.1111111111111111,0.13333333333333333,0.14444444444444443,0.2,0.14444444444444443,0.1,0.044444444444444446,0.022222222222222223,0.0,0.03333333333333333,0.12222222222222222,0.1,0.08888888888888889,0.12222222222222222,0.16666666666666666,0.14444444444444443,0.08888888888888889,0.03333333333333333,0.0,0.0,0.022222222222222223,0.044444444444444446,0.044444444444444446,0.044444444444444446,0.044444444444444446,0.05555555555555555,0.06666666666666667,0.022222222222222223,0.0,0.0,0.0,0.05555555555555555,0.011111111111111112,0.011111111111111112,0.011111111111111112,0.044444444444444446,0.05555555555555555,0.03333333333333333,0.044444444444444446,0.03333333333333333,0.011111111111111112,0.0,0.0,0.0,0.03333333333333333,0.03333333333333333,0.044444444444444446,0.03333333333333333,0.022222222222222223,0.022222222222222223,0.011111111111111112,0.022222222222222223,0.011111111111111112,0.0,0.0,0.0,0.0,0.044444444444444446,0.022222222222222223,0.022222222222222223,0.022222222222222223,0.011111111111111112,0.0,0.011111111111111112,0.0,0.0,0.0,0.0,0.0,0.011111111111111112,0.022222222222222223,0.011111111111111112,0.0,0.011111111111111112,0.0,0.011111111111111112,0.011111111111111112,0.011111111111111112,0.0,0.0,0.05555555555555555,0.022222222222222223,0.0,0.0,0.0,0.0,0.0,0.022222222222222223,0.011111111111111112,0.0,0.0,0.03333333333333333,0.15555555555555556,0.011111111111111112,0.0,0.0,0.0,0.022222222222222223,0.05555555555555555,0.044444444444444446,0.0,0.0,0.022222222222222223,0.0,0.05555555555555555,0.022222222222222223,0.011111111111111112,0.0,0.011111111111111112,0.03333333333333333,0.011111111111111112,0.0,0.0,0.03333333333333333,0.06666666666666667,0.022222222222222223,0.0,0.011111111111111112,0.0,0.011111111111111112,0.0,0.0,0.022222222222222223,0.05555555555555555,0.0,0.022222222222222223,0.011111111111111112,0.03333333333333333,0.03333333333333333,0.03333333333333333,0.0,0.022222222222222223,0.0,0.0,0.0,0.022222222222222223,0.0,0.011111111111111112,0.022222222222222223,0.022222222222222223,0.011111111111111112,0.022222222222222223,0.044444444444444446,0.011111111111111112,0.0,0.08888888888888889,0.011111111111111112,0.011111111111111112,0.0,0.011111111111111112,0.0,0.0,0.0,0.0,0.0,0.0,0.0,0.060241176494765986
2052-04-01,0.02197802197802198,0.03296703296703297,0.03296703296703297,0.054945054945054944,0.07692307692307693,0.02197802197802198,0.0989010989010989,0.1978021978021978,0.06593406593406594,0.0,0.03296703296703297,0.04395604395604396,0.07692307692307693,0.0,0.21978021978021978,0.42857142857142855,0.37362637362637363,0.15384615384615385,0.054945054945054944,0.07692307692307693,0.08791208791208792,0.08791208791208792,0.03296703296703297,0.978021978021978,0.7472527472527473,0.32967032967032966,0.23076923076923078,0.16483516483516483,0.12087912087912088,0.10989010989010989,0.08791208791208792,0.054945054945054944,0.9560439560439561,0.8021978021978022,0.6263736263736264,0.2967032967032967,0.14285714285714285,0.16483516483516483,0.0989010989010989,0.054945054945054944,0.054945054945054944,0.6593406593406593,0.9120879120879121,0.7692307692307693,0.6593406593406593,0.6043956043956044,0.45054945054945056,0.24175824175824176,0.15384615384615385,0.07692307692307693,0.02197802197802198,0.38461538461538464,0.6923076923076923,0.6703296703296703,0.6813186813186813,0.5824175824175825,0.6043956043956044,0.31868131868131866,0.18681318681318682,0.07692307692307693,0.02197802197802198,0.26373626373626374,0.4945054945054945,0.5384615384615384,0.6043956043956044,0.5054945054945055,0.5054945054945055,0.34065934065934067,0.23076923076923078,0.07692307692307693,0.01098901098901099,0.04395604395604396,0.18681318681318682,0.25274725274725274,0.4065934065934066,0.4065934065934066,0.5384615384615384,0.5054945054945055,0.3516483516483517,0.2087912087912088,0.04395604395604396,0.0,0.06593406593406594,0.17582417582417584,0.2857142857142857,0.5384615384615384,0.4725274725274725,0.4175824175824176,0.3516483516483517,0.15384615384615385,0.12087912087912088,0.03296703296703297,0.0,0.13186813186813187,0.06593406593406594,0.0989010989010989,0.12087912087912088,0.1978021978021978,0.3076923076923077,0.2967032967032967,0.3076923076923077,0.2087912087912088,0.13186813186813187,0.12087912087912088,0.054945054945054944,0.01098901098901099,0.0989010989010989,0.10989010989010989,0.18681318681318682,0.1978021978021978,0.2087912087912088,0.25274725274725274,0.27472527472527475,0.25274725274725274,0.2087912087912088,0.14285714285714285,0.08791208791208792,0.054945054945054944,0.01098901098901099,0.26373626373626374,0.18681318681318682,0.2857142857142857,0.23076923076923078,0.27472527472527475,0.31868131868131866,0.21978021978021978,0.15384615384615385,0.0989010989010989,0.04395604395604396,0.01098901098901099,0.0,0.0989010989010989,0.12087912087912088,0.17582417582417584,0.2087912087912088,0.17582417582417584,0.24175824175824176,0.24175824175824176,0.15384615384615385,0.06593406593406594,0.054945054945054944,0.01098901098901099,0.2087912087912088,0.2087912087912088,0.07692307692307693,0.16483516483516483,0.25274725274725274,0.34065934065934067,0.34065934065934067,0.24175824175824176,0.07692307692307693,0.03296703296703297,0.01098901098901099,0.15384615384615385,0.2087912087912088,0.16483516483516483,0.2087912087912088,0.43956043956043955,0.42857142857142855,0.3956043956043956,0.38461538461538464,0.16483516483516483,0.054945054945054944,0.0,0.0989010989010989,0.13186813186813187,0.37362637362637363,0.4835164835164835,0.4065934065934066,0.4065934065934066,0.38461538461538464,0.2857142857142857,0.10989010989010989,0.02197802197802198,0.08791208791208792,0.1978021978021978,0.25274725274725274,0.1978021978021978,0.13186813186813187,0.32967032967032966,0.4065934065934066,0.3516483516483517,0.4175824175824176,0.3626373626373626,0.3076923076923077,0.21978021978021978,0.0,0.16483516483516483,0.17582417582417584,0.15384615384615385,0.2857142857142857,0.37362637362637363,0.4065934065934066,0.38461538461538464,0.37362637362637363,0.4065934065934066,0.2857142857142857,0.3956043956043956,0.23076923076923078,0.25274725274725274,0.4175824175824176,0.3626373626373626,0.14285714285714285,0.07692307692307693,0.3076923076923077,0.32967032967032966,0.3516483516483517,0.3956043956043956,0.17582417582417584,0.054945054945054944,0.34065934065934067,0.18681318681318682,0.06593406593406594,0.2857142857142857,0.16483516483516483,0.054945054945054944,0.0,0.01098901098901099,0.0,0.33544018587364544
2052-07-01,0.0,0.010869565217391304,0.0,0.021739130434782608,0.05434782608695652,0.021739130434782608,0.10869565217391304,0.4673913043478261,0.09782608695652174,0.010869565217391304,0.010869565217391304,0.06521739130434782,0.07608695652173914,0.03260869565217391,0.34782608695652173,0.8260869565217391,0.5217391304347826,0.14130434782608695,0.03260869565217391,0.021739130434782608,0.043478260869565216,0.05434782608695652,0.0,1.0,0.8369565217391305,0.20652173913043478,0.03260869565217391,0.043478260869565216,0.03260869565217391,0.021739130434782608,0.03260869565217391,0.010869565217391304,0.9782608695652174,0.7608695652173914,0.31521739130434784,0.06521739130434782,0.021739130434782608,0.021739130434782608,0.22826086956521738,0.21739130434782608,0.03260869565217391,0.6956521739130435,0.782608695652174,0.42391304347826086,0.358695652173913,0.25,0.14130434782608695,0.010869565217391304,0.010869565217391304,0.010869565217391304,0.0,0.43478260869565216,0.5760869565217391,0.391304347826087,0.34782608695652173,0.22826086956521738,0.25,0.010869565217391304,0.010869565217391304,0.0,0.0,0.31521739130434784,0.33695652173913043,0.358695652173913,0.4891304347826087,0.18478260869565216,0.2717391304347826,0.043478260869565216,0.010869565217391304,0.021739130434782608,0.0,0.0,0.010869565217391304,0.18478260869565216,0.2717391304347826,0.32608695652173914,0.532608695652174,0.42391304347826086,0.15217391304347827,0.06521739130434782,0.043478260869565216,0.010869565217391304,0.0,0.0,0.11956521739130435,0.7717391304347826,0.6086956521739131,0.34782608695652173,0.2608695652173913,0.14130434782608695,0.13043478260869565,0.06521739130434782,0.021739130434782608,0.0,0.0,0.0,0.010869565217391304,0.043478260869565216,0.41304347826086957,0.358695652173913,0.30434782608695654,0.22826086956521738,0.22826086956521738,0.16304347826086957,0.10869565217391304,0.03260869565217391,0.0,0.010869565217391304,0.06521739130434782,0.14130434782608695,0.17391304347826086,0.3804347826086957,0.4782608695652174,0.5,0.3804347826086957,0.2717391304347826,0.20652173913043478,0.10869565217391304,0.06521739130434782,0.13043478260869565,0.25,0.42391304347826086,0.40217391304347827,0.4782608695652174,0.7282608695652174,0.5217391304347826,0.3804347826086957,0.22826086956521738,0.09782608695652174,0.05434782608695652,0.021739130434782608,0.08695652173913043,0.1956521739130435,0.2717391304347826,0.33695652173913043,0.2608695652173913,0.42391304347826086,0.5652173913043478,0.40217391304347827,0.2717391304347826,0.11956521739130435,0.043478260869565216,0.15217391304347827,0.29347826086956524,0.15217391304347827,0.29347826086956524,0.3804347826086957,0.8586956521739131,0.7717391304347826,0.5652173913043478,0.2608695652173913,0.09782608695652174,0.021739130434782608,0.09782608695652174,0.32608695652173914,0.5652173913043478,0.3695652173913043,0.7608695652173914,0.8695652173913043,0.8043478260869565,0.782608695652174,0.45652173913043476,0.11956521739130435,0.03260869565217391,0.07608695652173914,0.11956521739130435,0.6956521739130435,0.6847826086956522,0.5652173913043478,0.8478260869565217,0.7391304347826086,0.5869565217391305,0.31521739130434784,0.06521739130434782,0.043478260869565216,0.05434782608695652,0.17391304347826086,0.14130434782608695,0.13043478260869565,0.5,0.5543478260869565,0.5108695652173914,0.8043478260869565,0.7934782608695652,0.6956521739130435,0.5108695652173914,0.13043478260869565,0.06521739130434782,0.08695652173913043,0.09782608695652174,0.13043478260869565,0.4673913043478261,0.5543478260869565,0.6086956521739131,0.7391304347826086,0.8260869565217391,0.6739130434782609,0.30434782608695654,0.2608695652173913,0.42391304347826086,0.6956521739130435,0.6413043478260869,0.44565217391304346,0.2826086956521739,0.15217391304347827,0.31521739130434784,0.5108695652173914,0.6086956521739131,0.42391304347826086,0.25,0.5217391304347826,0.3695652173913043,0.21739130434782608,0.358695652173913,0.2826086956521739,0.09782608695652174,0.05434782608695652,0.06521739130434782,0.010869565217391304,0.4953467720529536
2052-10-01,0.021739130434782608,0.010869565217391304,0.0,0.0,0.0,0.0,0.1956521739130435,0.21739130434782608,0.07608695652173914,0.021739130434782608,0.010869565217391304,0.0,0.0,0.0,0.5760869565217391,0.29347826086956524,0.14130434782608695,0.043478260869565216,0.0,0.0,0.0,0.0,0.0,0.8043478260869565,0.32608695652173914,0.07608695652173914,0.010869565217391304,0.010869565217391304,0.010869565217391304,0.0,0.0,0.0,0.7608695652173914,0.44565217391304346,0.09782608695652174,0.03260869565217391,0.010869565217391304,0.010869565217391304,0.0,0.0,0.0,0.09782608695652174,0.2608695652173913,0.05434782608695652,0.08695652173913043,0.06521739130434782,0.010869565217391304,0.010869565217391304,0.0,0.0,0.0,0.08695652173913043,0.08695652173913043,0.11956521739130435,0.10869565217391304,0.03260869565217391,0.0,0.0,0.0,0.0,0.0,0.09782608695652174,0.05434782608695652,0.09782608695652174,0.07608695652173914,0.0,0.0,0.03260869565217391,0.0,0.0,0.0,0.15217391304347827,0.11956521739130435,0.043478260869565216,0.043478260869565216,0.0,0.0,0.0,0.021739130434782608,0.0,0.0,0.0,0.1956521739130435,0.13043478260869565,0.10869565217391304,0.10869565217391304,0.021739130434782608,0.0,0.0,0.0,0.0,0.0,0.0,0.06521739130434782,0.2391304347826087,0.29347826086956524,0.22826086956521738,0.13043478260869565,0.13043478260869565,0.043478260869565216,0.03260869565217391,0.0,0.0,0.0,0.0,0.0,0.18478260869565216,0.34782608695652173,0.31521739130434784,0.29347826086956524,0.18478260869565216,0.21739130434782608,0.11956521739130435,0.05434782608695652,0.010869565217391304,0.0,0.0,0.0,0.0,0.25,0.2608695652173913,0.2608695652173913,0.22826086956521738,0.1956521739130435,0.09782608695652174,0.021739130434782608,0.0,0.0,0.0,0.0,0.0,0.18478260869565216,0.2391304347826087,0.2391304347826087,0.20652173913043478,0.10869565217391304,0.11956521739130435,0.05434782608695652,0.021739130434782608,0.010869565217391304,0.0,0.0,0.1956521739130435,0.18478260869565216,0.18478260869565216,0.21739130434782608,0.2608695652173913,0.21739130434782608,0.10869565217391304,0.07608695652173914,0.021739130434782608,0.0,0.0,0.11956521739130435,0.20652173913043478,0.25,0.2391304347826087,0.358695652173913,0.2717391304347826,0.22826086956521738,0.08695652173913043,0.021739130434782608,0.010869565217391304,0.0,0.043478260869565216,0.13043478260869565,0.29347826086956524,0.3695652173913043,0.532608695652174,0.34782608695652173,0.2391304347826087,0.14130434782608695,0.010869565217391304,0.010869565217391304,0.0,0.0,0.0,0.010869565217391304,0.07608695652173914,0.09782608695652174,0.2717391304347826,0.33695652173913043,0.13043478260869565,0.16304347826086957,0.14130434782608695,0.03260869565217391,0.0,0.0,0.0,0.021739130434782608,0.08695652173913043,0.043478260869565216,0.043478260869565216,0.07608695652173914,0.03260869565217391,0.043478260869565216,0.05434782608695652,0.043478260869565216,0.021739130434782608,0.09782608695652174,0.30434782608695654,0.043478260869565216,0.021739130434782608,0.010869565217391304,0.021739130434782608,0.05434782608695652,0.043478260869565216,0.18478260869565216,0.06521739130434782,0.010869565217391304,0.03260869565217391,0.06521739130434782,0.010869565217391304,0.021739130434782608,0.010869565217391304,0.010869565217391304,0.0,0.0,0.0,0.17279928438088443
2053-01-01,0.17777777777777778,0.2111111111111111,0.2,0.17777777777777778,0.15555555555555556,0.06666666666666667,0.2777777777777778,0.2222222222222222,0.1111111111111111,0.07777777777777778,0.05555555555555555,0.06666666666666667,0.03333333333333333,0.022222222222222223,0.5888888888888889,0.2222222222222222,0.15555555555555556,0.13333333333333333,0.1,0.12222222222222222,0.07777777777777778,0.022222222222222223,0.011111111111111112,0.7111111111111111,0.43333333333333335,0.2111111111111111,0.18888888888888888,0.16666666666666666,0.1111111111111111,0.1111111111111111,0.06666666666666667,0.044444444444444446,0.7888888888888889,0.7111111111111111,0.3111111111111111,0.24444444444444444,0.2111111111111111,0.18888888888888888,0.1,0.08888888888888889,0.044444444444444446,0.2111111111111111,0.3,0.32222222222222224,0.28888888888888886,0.28888888888888886,0.2,0.2222222222222222,0.16666666666666666,0.08888888888888889,0.08888888888888889,0.13333333333333333,0.25555555555555554,0.28888888888888886,0.3,0.26666666666666666,0.25555555555555554,0.24444444444444444,0.2222222222222222,0.12222222222222222,0.07777777777777778,0.05555555555555555,0.18888888888888888,0.2222222222222222,0.23333333333333334,0.23333333333333334,0.25555555555555554,0.2777777777777778,0.15555555555555556,0.1,0.07777777777777778,0.0,0.03333333333333333,0.18888888888888888,0.2111111111111111,0.2,0.26666666666666666,0.2222222222222222,0.1111111111111111,0.08888888888888889,0.08888888888888889,0.07777777777777778,0.011111111111111112,0.05555555555555555,0.1111111111111111,0.1,0.12222222222222222,0.14444444444444443,0.15555555555555556,0.07777777777777778,0.05555555555555555,0.03333333333333333,0.044444444444444446,0.0,0.022222222222222223,0.03333333333333333,0.05555555555555555,0.06666666666666667,0.03333333333333333,0.0,0.044444444444444446,0.05555555555555555,0.06666666666666667,0.044444444444444446,0.011111111111111112,0.0,0.0,0.022222222222222223,0.03333333333333333,0.05555555555555555,0.06666666666666667,0.011111111111111112,0.0,0.011111111111111112,0.044444444444444446,0.044444444444444446,0.022222222222222223,0.011111111111111112,0.0,0.03333333333333333,0.044444444444444446,0.05555555555555555,0.011111111111111112,0.011111111111111112,0.011111111111111112,0.044444444444444446,0.03333333333333333,0.022222222222222223,0.011111111111111112,0.0,0.0,0.011111111111111112,0.022222222222222223,0.022222222222222223,0.022222222222222223,0.022222222222222223,0.022222222222222223,0.022222222222222223,0.044444444444444446,0.03333333333333333,0.011111111111111112,0.0,0.1111111111111111,0.03333333333333333,0.011111111111111112,0.022222222222222223,0.044444444444444446,0.044444444444444446,0.022222222222222223,0.011111111111111112,0.011111111111111112,0.022222222222222223,0.0,0.05555555555555555,0.16666666666666666,0.022222222222222223,0.011111111111111112,0.07777777777777778,0.08888888888888889,0.06666666666666667,0.03333333333333333,0.011111111111111112,0.022222222222222223,0.0,0.03333333333333333,0.022222222222222223,0.03333333333333333,0.022222222222222223,0.011111111111111112,0.07777777777777778,0.03333333333333333,0.022222222222222223,0.0,0.022222222222222223,0.022222222222222223,0.05555555555555555,0.08888888888888889,0.05555555555555555,0.0,0.022222222222222223,0.022222222222222223,0.011111111111111112,0.022222222222222223,0.011111111111111112,0.022222222222222223,0.0,0.022222222222222223,0.03333333333333333,0.011111111111111112,0.05555555555555555,0.06666666666666667,0.011111111111111112,0.0,0.011111111111111112,0.03333333333333333,0.0,0.011111111111111112,0.06666666666666667,0.011111111111111112,0.011111111111111112,0.044444444444444446,0.022222222222222223,0.011111111111111112,0.0,0.07777777777777778,0.05555555555555555,0.03333333333333333,0.08888888888888889,0.011111111111111112,0.0,0.0,0.03333333333333333,0.0,0.0,0.011111111111111112,0.0,0.0,0.0,0.0,0.09691060775210039
2053-04-01,0.02197802197802198,0.02197802197802198,0.03296703296703297,0.03296703296703297,0.04395604395604396,0.04395604395604396,0.2857142857142857,0.4175824175824176,0.03296703296703297,0.01098901098901099,0.0,0.0,0.02197802197802198,0.0,0.4725274725274725,0.7032967032967034,0.43956043956043955,0.17582417582417584,0.0989010989010989,0.054945054945054944,0.03296703296703297,0.06593406593406594,0.01098901098901099,1.0,0.7582417582417582,0.46153846153846156,0.25274725274725274,0.18681318681318682,0.12087912087912088,0.06593406593406594,0.04395604395604396,0.02197802197802198,0.967032967032967,0.8681318681318682,0.6813186813186813,0.38461538461538464,0.17582417582417584,0.14285714285714285,0.06593406593406594,0.02197802197802198,0.0,0.7032967032967034,0.9010989010989011,0.7912087912087912,0.7472527472527473,0.5384615384615384,0.3956043956043956,0.15384615384615385,0.12087912087912088,0.03296703296703297,0.0,0.4945054945054945,0.8021978021978022,0.7692307692307693,0.7912087912087912,0.6263736263736264,0.5604395604395604,0.24175824175824176,0.08791208791208792,0.03296703296703297,0.01098901098901099,0.3956043956043956,0.6263736263736264,0.6593406593406593,0.6923076923076923,0.6043956043956044,0.5604395604395604,0.31868131868131866,0.10989010989010989,0.04395604395604396,0.02197802197802198,0.06593406593406594,0.27472527472527475,0.4725274725274725,0.4835164835164835,0.4725274725274725,0.5494505494505495,0.5164835164835165,0.23076923076923078,0.07692307692307693,0.01098901098901099,0.02197802197802198,0.03296703296703297,0.10989010989010989,0.31868131868131866,0.45054945054945056,0.26373626373626374,0.27472527472527475,0.2857142857142857,0.15384615384615385,0.04395604395604396,0.01098901098901099,0.02197802197802198,0.0989010989010989,0.07692307692307693,0.06593406593406594,0.03296703296703297,0.054945054945054944,0.14285714285714285,0.10989010989010989,0.14285714285714285,0.15384615384615385,0.08791208791208792,0.054945054945054944,0.02197802197802198,0.01098901098901099,0.10989010989010989,0.13186813186813187,0.18681318681318682,0.15384615384615385,0.14285714285714285,0.16483516483516483,0.13186813186813187,0.14285714285714285,0.13186813186813187,0.16483516483516483,0.0989010989010989,0.03296703296703297,0.02197802197802198,0.25274725274725274,0.2087912087912088,0.21978021978021978,0.14285714285714285,0.25274725274725274,0.2087912087912088,0.18681318681318682,0.17582417582417584,0.14285714285714285,0.04395604395604396,0.0,0.0,0.17582417582417584,0.24175824175824176,0.18681318681318682,0.17582417582417584,0.18681318681318682,0.2087912087912088,0.21978021978021978,0.26373626373626374,0.1978021978021978,0.04395604395604396,0.0,0.25274725274725274,0.38461538461538464,0.17582417582417584,0.3076923076923077,0.32967032967032966,0.46153846153846156,0.31868131868131866,0.2967032967032967,0.17582417582417584,0.04395604395604396,0.0,0.27472527472527475,0.43956043956043955,0.4065934065934066,0.37362637362637363,0.5274725274725275,0.5494505494505495,0.3516483516483517,0.34065934065934067,0.21978021978021978,0.07692307692307693,0.03296703296703297,0.15384615384615385,0.3626373626373626,0.5714285714285714,0.5054945054945055,0.42857142857142855,0.46153846153846156,0.34065934065934067,0.2857142857142857,0.15384615384615385,0.07692307692307693,0.06593406593406594,0.07692307692307693,0.27472527472527475,0.25274725274725274,0.26373626373626374,0.5714285714285714,0.4725274725274725,0.42857142857142855,0.4945054945054945,0.3516483516483517,0.26373626373626374,0.23076923076923078,0.07692307692307693,0.08791208791208792,0.15384615384615385,0.24175824175824176,0.3956043956043956,0.45054945054945056,0.42857142857142855,0.4175824175824176,0.42857142857142855,0.3626373626373626,0.26373626373626374,0.42857142857142855,0.2857142857142857,0.3626373626373626,0.4065934065934066,0.34065934065934067,0.15384615384615385,0.13186813186813187,0.2967032967032967,0.38461538461538464,0.3516483516483517,0.34065934065934067,0.1978021978021978,0.15384615384615385,0.3626373626373626,0.21978021978021978,0.10989010989010989,0.34065934065934067,0.1978021978021978,0.054945054945054944,0.03296703296703297,0.01098901098901099,0.01098901098901099,0.3551893477867794
2053-07-01,0.0,0.0,0.0,0.021739130434782608,0.010869565217391304,0.0,0.10869565217391304,0.5869565217391305,0.18478260869565216,0.0,0.021739130434782608,0.043478260869565216,0.043478260869565216,0.0,0.40217391304347827,0.9239130434782609,0.782608695652174,0.18478260869565216,0.021739130434782608,0.043478260869565216,0.06521739130434782,0.05434782608695652,0.0,1.0,0.9891304347826086,0.43478260869565216,0.07608695652173914,0.043478260869565216,0.043478260869565216,0.05434782608695652,0.043478260869565216,0.0,1.0,0.9782608695652174,0.6847826086956522,0.29347826086956524,0.021739130434782608,0.05434782608695652,0.10869565217391304,0.10869565217391304,0.010869565217391304,0.6739130434782609,0.8913043478260869,0.717391304347826,0.5543478260869565,0.4891304347826087,0.40217391304347827,0.10869565217391304,0.010869565217391304,0.0,0.0,0.31521739130434784,0.5,0.4673913043478261,0.3804347826086957,0.29347826086956524,0.45652173913043476,0.15217391304347827,0.021739130434782608,0.0,0.0,0.15217391304347827,0.2608695652173913,0.358695652173913,0.3695652173913043,0.1956521739130435,0.3804347826086957,0.16304347826086957,0.05434782608695652,0.010869565217391304,0.0,0.021739130434782608,0.0,0.10869565217391304,0.15217391304347827,0.1956521739130435,0.358695652173913,0.391304347826087,0.31521739130434784,0.07608695652173914,0.021739130434782608,0.010869565217391304,0.03260869565217391,0.021739130434782608,0.010869565217391304,0.5108695652173914,0.17391304347826086,0.14130434782608695,0.22826086956521738,0.15217391304347827,0.06521739130434782,0.021739130434782608,0.010869565217391304,0.0,0.021739130434782608,0.08695652173913043,0.10869565217391304,0.021739130434782608,0.11956521739130435,0.14130434782608695,0.10869565217391304,0.15217391304347827,0.14130434782608695,0.08695652173913043,0.043478260869565216,0.010869565217391304,0.0,0.043478260869565216,0.15217391304347827,0.18478260869565216,0.1956521739130435,0.2717391304347826,0.358695652173913,0.391304347826087,0.30434782608695654,0.2608695652173913,0.13043478260869565,0.07608695652173914,0.021739130434782608,0.1956521739130435,0.18478260869565216,0.358695652173913,0.33695652173913043,0.5,0.6521739130434783,0.4673913043478261,0.358695652173913,0.20652173913043478,0.07608695652173914,0.021739130434782608,0.0,0.07608695652173914,0.22826086956521738,0.21739130434782608,0.358695652173913,0.2391304347826087,0.45652173913043476,0.5108695652173914,0.42391304347826086,0.391304347826087,0.17391304347826086,0.010869565217391304,0.08695652173913043,0.20652173913043478,0.18478260869565216,0.44565217391304346,0.5217391304347826,0.7934782608695652,0.6521739130434783,0.5434782608695652,0.40217391304347827,0.16304347826086957,0.021739130434782608,0.03260869565217391,0.22826086956521738,0.391304347826087,0.5,0.75,0.7934782608695652,0.7282608695652174,0.6413043478260869,0.532608695652174,0.2717391304347826,0.13043478260869565,0.0,0.10869565217391304,0.5760869565217391,0.6195652173913043,0.5543478260869565,0.7608695652173914,0.6739130434782609,0.6413043478260869,0.41304347826086957,0.2391304347826087,0.021739130434782608,0.03260869565217391,0.14130434782608695,0.08695652173913043,0.09782608695652174,0.3804347826086957,0.43478260869565216,0.33695652173913043,0.782608695652174,0.717391304347826,0.6739130434782609,0.5652173913043478,0.2608695652173913,0.043478260869565216,0.05434782608695652,0.03260869565217391,0.08695652173913043,0.29347826086956524,0.34782608695652173,0.44565217391304346,0.6086956521739131,0.7608695652173914,0.6847826086956522,0.18478260869565216,0.07608695652173914,0.22826086956521738,0.7065217391304348,0.717391304347826,0.5543478260869565,0.43478260869565216,0.05434782608695652,0.20652173913043478,0.391304347826087,0.7391304347826086,0.5760869565217391,0.43478260869565216,0.5760869565217391,0.5543478260869565,0.358695652173913,0.32608695652173914,0.34782608695652173,0.25,0.14130434782608695,0.09782608695652174,0.043478260869565216,0.49803631893086836
2053-10-01,0.043478260869565216,0.010869565217391304,0.010869565217391304,0.0,0.0,0.0,0.11956521739130435,0.15217391304347827,0.05434782608695652,0.010869565217391304,0.0,0.0,0.0,0.0,0.5760869565217391,0.34782608695652173,0.08695652173913043,0.03260869565217391,0.0,0.0,0.0,0.0,0.0,0.8043478260869565,0.43478260869565216,0.07608695652173914,0.0,0.0,0.0,0.0,0.0,0.0,0.7608695652173914,0.5543478260869565,0.07608695652173914,0.021739130434782608,0.0,0.0,0.0,0.0,0.0,0.021739130434782608,0.2717391304347826,0.010869565217391304,0.021739130434782608,0.021739130434782608,0.0,0.0,0.0,0.0,0.0,0.043478260869565216,0.08695652173913043,0.043478260869565216,0.021739130434782608,0.021739130434782608,0.010869565217391304,0.0,0.010869565217391304,0.010869565217391304,0.0,0.021739130434782608,0.0,0.021739130434782608,0.043478260869565216,0.03260869565217391,0.03260869565217391,0.010869565217391304,0.010869565217391304,0.010869565217391304,0.0,0.05434782608695652,0.03260869565217391,0.021739130434782608,0.021739130434782608,0.03260869565217391,0.03260869565217391,0.021739130434782608,0.010869565217391304,0.010869565217391304,0.010869565217391304,0.0,0.14130434782608695,0.05434782608695652,0.010869565217391304,0.021739130434782608,0.021739130434782608,0.010869565217391304,0.021739130434782608,0.021739130434782608,0.010869565217391304,0.010869565217391304,0.0,0.09782608695652174,0.22826086956521738,0.32608695652173914,0.10869565217391304,0.03260869565217391,0.05434782608695652,0.0,0.0,0.0,0.021739130434782608,0.0,0.0,0.0,0.1956521739130435,0.29347826086956524,0.358695652173913,0.2826086956521739,0.15217391304347827,0.15217391304347827,0.06521739130434782,0.010869565217391304,0.0,0.0,0.0,0.0,0.0,0.32608695652173914,0.29347826086956524,0.2717391304347826,0.17391304347826086,0.08695652173913043,0.021739130434782608,0.021739130434782608,0.010869565217391304,0.0,0.0,0.0,0.0,0.16304347826086957,0.25,0.18478260869565216,0.15217391304347827,0.06521739130434782,0.021739130434782608,0.021739130434782608,0.021739130434782608,0.021739130434782608,0.0,0.0,0.15217391304347827,0.2608695652173913,0.15217391304347827,0.11956521739130435,0.06521739130434782,0.043478260869565216,0.07608695652173914,0.043478260869565216,0.021739130434782608,0.010869565217391304,0.0,0.09782608695652174,0.21739130434782608,0.16304347826086957,0.15217391304347827,0.15217391304347827,0.08695652173913043,0.08695652173913043,0.043478260869565216,0.03260869565217391,0.0,0.0,0.043478260869565216,0.16304347826086957,0.2608695652173913,0.29347826086956524,0.4673913043478261,0.18478260869565216,0.09782608695652174,0.05434782608695652,0.010869565217391304,0.0,0.0,0.0,0.03260869565217391,0.06521739130434782,0.11956521739130435,0.16304347826086957,0.1956521739130435,0.20652173913043478,0.05434782608695652,0.06521739130434782,0.07608695652173914,0.021739130434782608,0.0,0.0,0.0,0.03260869565217391,0.18478260869565216,0.15217391304347827,0.10869565217391304,0.07608695652173914,0.021739130434782608,0.021739130434782608,0.03260869565217391,0.15217391304347827,0.021739130434782608,0.021739130434782608,0.16304347826086957,0.043478260869565216,0.0,0.03260869565217391,0.021739130434782608,0.06521739130434782,0.010869565217391304,0.13043478260869565,0.0,0.0,0.010869565217391304,0.021739130434782608,0.0,0.0,0.010869565217391304,0.0,0.010869565217391304,0.0,0.0,0.13880158956471345
2054-01-01,0.044444444444444446,0.03333333333333333,0.022222222222222223,0.011111111111111112,0.011111111111111112,0.011111111111111112,0.16666666666666666,0.08888888888888889,0.06666666666666667,0.011111111111111112,0.0,0.0,0.0,0.0,0.32222222222222224,0.1,0.07777777777777778,0.06666666666666667,0.03333333333333333,0.0,0.0,0.0,0.0,0.7,0.17777777777777778,0.12222222222222222,0.08888888888888889,0.05555555555555555,0.03333333333333333,0.0,0.0,0.0,0.8222222222222222,0.4888888888888889,0.2,0.13333333333333333,0.18888888888888888,0.12222222222222222,0.05555555555555555,0.011111111111111112,0.011111111111111112,0.25555555555555554,0.35555555555555557,0.17777777777777778,0.17777777777777778,0.16666666666666666,0.17777777777777778,0.17777777777777778,0.07777777777777778,0.011111111111111112,0.03333333333333333,0.15555555555555556,0.2222222222222222,0.18888888888888888,0.17777777777777778,0.15555555555555556,0.2222222222222222,0.14444444444444443,0.044444444444444446,0.044444444444444446,0.022222222222222223,0.16666666666666666,0.17777777777777778,0.2,0.15555555555555556,0.15555555555555556,0.26666666666666666,0.14444444444444443,0.03333333333333333,0.022222222222222223,0.0,0.06666666666666667,0.13333333333333333,0.15555555555555556,0.15555555555555556,0.16666666666666666,0.2,0.15555555555555556,0.1111111111111111,0.022222222222222223,0.0,0.0,0.05555555555555555,0.1,0.14444444444444443,0.08888888888888889,0.05555555555555555,0.06666666666666667,0.07777777777777778,0.03333333333333333,0.0,0.0,0.0,0.022222222222222223,0.05555555555555555,0.1,0.1,0.05555555555555555,0.044444444444444446,0.011111111111111112,0.022222222222222223,0.011111111111111112,0.0,0.0,0.0,0.0,0.07777777777777778,0.1,0.07777777777777778,0.1,0.03333333333333333,0.0,0.022222222222222223,0.011111111111111112,0.0,0.011111111111111112,0.0,0.0,0.0,0.07777777777777778,0.1,0.03333333333333333,0.0,0.0,0.022222222222222223,0.044444444444444446,0.06666666666666667,0.03333333333333333,0.0,0.0,0.0,0.05555555555555555,0.05555555555555555,0.011111111111111112,0.0,0.0,0.0,0.011111111111111112,0.05555555555555555,0.05555555555555555,0.011111111111111112,0.0,0.07777777777777778,0.05555555555555555,0.0,0.0,0.0,0.011111111111111112,0.044444444444444446,0.06666666666666667,0.05555555555555555,0.011111111111111112,0.0,0.06666666666666667,0.12222222222222222,0.0,0.0,0.011111111111111112,0.03333333333333333,0.1,0.05555555555555555,0.0,0.0,0.0,0.044444444444444446,0.03333333333333333,0.03333333333333333,0.022222222222222223,0.0,0.05555555555555555,0.044444444444444446,0.08888888888888889,0.011111111111111112,0.0,0.05555555555555555,0.14444444444444443,0.08888888888888889,0.022222222222222223,0.011111111111111112,0.03333333333333333,0.022222222222222223,0.0,0.0,0.022222222222222223,0.07777777777777778,0.022222222222222223,0.0,0.12222222222222222,0.044444444444444446,0.044444444444444446,0.1,0.03333333333333333,0.011111111111111112,0.0,0.0,0.022222222222222223,0.044444444444444446,0.1,0.0,0.0,0.0,0.011111111111111112,0.022222222222222223,0.011111111111111112,0.05555555555555555,0.0,0.0,0.07777777777777778,0.022222222222222223,0.011111111111111112,0.0,0.03333333333333333,0.022222222222222223,0.011111111111111112,0.0,0.0,0.0,0.0,0.0,0.08536908243892237
2054-04-01,0.03296703296703297,0.02197802197802198,0.03296703296703297,0.01098901098901099,0.0,0.0,0.0989010989010989,0.31868131868131866,0.04395604395604396,0.02197802197802198,0.02197802197802198,0.03296703296703297,0.06593406593406594,0.01098901098901099,0.18681318681318682,0.5384615384615384,0.3956043956043956,0.12087912087912088,0.02197802197802198,0.03296703296703297,0.04395604395604396,0.03296703296703297,0.0,0.8901098901098901,0.7692307692307693,0.2857142857142857,0.16483516483516483,0.10989010989010989,0.054945054945054944,0.054945054945054944,0.04395604395604396,0.0,0.9010989010989011,0.7912087912087912,0.5824175824175825,0.2967032967032967,0.0989010989010989,0.08791208791208792,0.03296703296703297,0.0,0.0,0.6813186813186813,0.8461538461538461,0.7142857142857143,0.6043956043956044,0.5274725274725275,0.3516483516483517,0.13186813186813187,0.07692307692307693,0.01098901098901099,0.0,0.3626373626373626,0.7802197802197802,0.7032967032967034,0.6153846153846154,0.45054945054945056,0.5274725274725275,0.13186813186813187,0.04395604395604396,0.04395604395604396,0.0,0.26373626373626374,0.4945054945054945,0.5604395604395604,0.5054945054945055,0.3956043956043956,0.3956043956043956,0.17582417582417584,0.054945054945054944,0.02197802197802198,0.02197802197802198,0.04395604395604396,0.14285714285714285,0.34065934065934067,0.4065934065934066,0.24175824175824176,0.34065934065934067,0.31868131868131866,0.13186813186813187,0.07692307692307693,0.0,0.02197802197802198,0.0,0.07692307692307693,0.13186813186813187,0.46153846153846156,0.14285714285714285,0.13186813186813187,0.15384615384615385,0.06593406593406594,0.0,0.0,0.0,0.13186813186813187,0.12087912087912088,0.12087912087912088,0.0989010989010989,0.06593406593406594,0.17582417582417584,0.03296703296703297,0.06593406593406594,0.03296703296703297,0.02197802197802198,0.01098901098901099,0.01098901098901099,0.0,0.2087912087912088,0.25274725274725274,0.27472527472527475,0.2857142857142857,0.06593406593406594,0.07692307692307693,0.12087912087912088,0.07692307692307693,0.054945054945054944,0.03296703296703297,0.02197802197802198,0.02197802197802198,0.0,0.2857142857142857,0.26373626373626374,0.34065934065934067,0.2087912087912088,0.23076923076923078,0.2087912087912088,0.15384615384615385,0.0989010989010989,0.054945054945054944,0.01098901098901099,0.0,0.0,0.17582417582417584,0.23076923076923078,0.24175824175824176,0.2087912087912088,0.17582417582417584,0.1978021978021978,0.18681318681318682,0.16483516483516483,0.0989010989010989,0.01098901098901099,0.01098901098901099,0.21978021978021978,0.2967032967032967,0.12087912087912088,0.1978021978021978,0.23076923076923078,0.37362637362637363,0.2967032967032967,0.24175824175824176,0.16483516483516483,0.02197802197802198,0.0,0.16483516483516483,0.26373626373626374,0.2857142857142857,0.24175824175824176,0.42857142857142855,0.5054945054945055,0.46153846153846156,0.37362637362637363,0.21978021978021978,0.08791208791208792,0.0,0.13186813186813187,0.17582417582417584,0.45054945054945056,0.4835164835164835,0.38461538461538464,0.5604395604395604,0.43956043956043955,0.2857142857142857,0.15384615384615385,0.07692307692307693,0.07692307692307693,0.08791208791208792,0.12087912087912088,0.14285714285714285,0.16483516483516483,0.3516483516483517,0.31868131868131866,0.31868131868131866,0.5274725274725275,0.45054945054945056,0.34065934065934067,0.21978021978021978,0.06593406593406594,0.08791208791208792,0.06593406593406594,0.07692307692307693,0.24175824175824176,0.3516483516483517,0.42857142857142855,0.4835164835164835,0.5054945054945055,0.4945054945054945,0.3516483516483517,0.3626373626373626,0.23076923076923078,0.31868131868131866,0.5164835164835165,0.46153846153846156,0.2967032967032967,0.15384615384615385,0.18681318681318682,0.32967032967032966,0.38461538461538464,0.46153846153846156,0.27472527472527475,0.15384615384615385,0.38461538461538464,0.3076923076923077,0.16483516483516483,0.3626373626373626,0.24175824175824176,0.0989010989010989,0.03296703296703297,0.03296703296703297,0.01098901098901099,0.3510922247798905
2054-07-01,0.0,0.0,0.0,0.0,0.0,0.0,0.0,0.4782608695652174,0.06521739130434782,0.0,0.0,0.0,0.021739130434782608,0.0,0.22826086956521738,0.8586956521739131,0.532608695652174,0.07608695652173914,0.0,0.0,0.0,0.010869565217391304,0.0,1.0,0.9130434782608695,0.11956521739130435,0.010869565217391304,0.0,0.0,0.0,0.03260869565217391,0.0,1.0,0.9347826086956522,0.5543478260869565,0.09782608695652174,0.0,0.0,0.11956521739130435,0.21739130434782608,0.0,0.7717391304347826,0.9456521739130435,0.5217391304347826,0.5543478260869565,0.4891304347826087,0.18478260869565216,0.021739130434782608,0.0,0.0,0.0,0.29347826086956524,0.6086956521739131,0.44565217391304346,0.5434782608695652,0.44565217391304346,0.45652173913043476,0.09782608695652174,0.010869565217391304,0.0,0.0,0.1956521739130435,0.358695652173913,0.40217391304347827,0.5434782608695652,0.32608695652173914,0.4673913043478261,0.20652173913043478,0.05434782608695652,0.010869565217391304,0.0,0.03260869565217391,0.043478260869565216,0.16304347826086957,0.358695652173913,0.25,0.4891304347826087,0.4782608695652174,0.34782608695652173,0.05434782608695652,0.021739130434782608,0.010869565217391304,0.05434782608695652,0.08695652173913043,0.08695652173913043,0.717391304347826,0.4891304347826087,0.25,0.1956521739130435,0.08695652173913043,0.03260869565217391,0.021739130434782608,0.010869565217391304,0.021739130434782608,0.043478260869565216,0.06521739130434782,0.11956521739130435,0.08695652173913043,0.40217391304347827,0.34782608695652173,0.2826086956521739,0.10869565217391304,0.06521739130434782,0.07608695652173914,0.043478260869565216,0.021739130434782608,0.010869565217391304,0.043478260869565216,0.09782608695652174,0.2717391304347826,0.22826086956521738,0.3804347826086957,0.4891304347826087,0.5434782608695652,0.29347826086956524,0.22826086956521738,0.13043478260869565,0.10869565217391304,0.043478260869565216,0.07608695652173914,0.25,0.44565217391304346,0.4782608695652174,0.6413043478260869,0.7608695652173914,0.5217391304347826,0.3695652173913043,0.21739130434782608,0.10869565217391304,0.05434782608695652,0.010869565217391304,0.05434782608695652,0.25,0.41304347826086957,0.4782608695652174,0.41304347826086957,0.5869565217391305,0.5,0.44565217391304346,0.3695652173913043,0.1956521739130435,0.021739130434782608,0.13043478260869565,0.1956521739130435,0.32608695652173914,0.532608695652174,0.5978260869565217,0.8586956521739131,0.7608695652173914,0.5978260869565217,0.42391304347826086,0.21739130434782608,0.043478260869565216,0.07608695652173914,0.21739130434782608,0.45652173913043476,0.45652173913043476,0.7717391304347826,0.8478260869565217,0.7391304347826086,0.7282608695652174,0.5543478260869565,0.1956521739130435,0.11956521739130435,0.03260869565217391,0.07608695652173914,0.6847826086956522,0.717391304347826,0.6304347826086957,0.8152173913043478,0.717391304347826,0.6739130434782609,0.3695652173913043,0.15217391304347827,0.010869565217391304,0.0,0.11956521739130435,0.2391304347826087,0.05434782608695652,0.5,0.5217391304347826,0.5108695652173914,0.8369565217391305,0.7608695652173914,0.75,0.5978260869565217,0.22826086956521738,0.021739130434782608,0.010869565217391304,0.021739130434782608,0.10869565217391304,0.40217391304347827,0.45652173913043476,0.5652173913043478,0.6739130434782609,0.8369565217391305,0.7717391304347826,0.33695652173913043,0.1956521739130435,0.40217391304347827,0.6630434782608695,0.7717391304347826,0.6086956521739131,0.4782608695652174,0.11956521739130435,0.25,0.4782608695652174,0.782608695652174,0.6195652173913043,0.40217391304347827,0.5217391304347826,0.5434782608695652,0.34782608695652173,0.34782608695652173,0.4673913043478261,0.2717391304347826,0.08695652173913043,0.18478260869565216,0.043478260869565216,0.5258693173149384
2054-10-01,0.0,0.0,0.0,0.0,0.0,0.0,0.14130434782608695,0.11956521739130435,0.043478260869565216,0.021739130434782608,0.0,0.0,0.0,0.0,0.5108695652173914,0.25,0.05434782608695652,0.010869565217391304,0.010869565217391304,0.0,0.0,0.0,0.0,0.782608695652174,0.34782608695652173,0.08695652173913043,0.03260869565217391,0.0,0.0,0.0,0.0,0.0,0.7282608695652174,0.5217391304347826,0.09782608695652174,0.021739130434782608,0.0,0.0,0.0,0.0,0.0,0.06521739130434782,0.2391304347826087,0.06521739130434782,0.03260869565217391,0.021739130434782608,0.0,0.0,0.0,0.0,0.0,0.03260869565217391,0.06521739130434782,0.043478260869565216,0.03260869565217391,0.021739130434782608,0.010869565217391304,0.0,0.0,0.0,0.0,0.010869565217391304,0.010869565217391304,0.010869565217391304,0.010869565217391304,0.0,0.010869565217391304,0.010869565217391304,0.0,0.0,0.0,0.07608695652173914,0.043478260869565216,0.010869565217391304,0.043478260869565216,0.010869565217391304,0.03260869565217391,0.0,0.010869565217391304,0.0,0.0,0.0,0.08695652173913043,0.08695652173913043,0.05434782608695652,0.11956521739130435,0.08695652173913043,0.043478260869565216,0.0,0.0,0.0,0.0,0.0,0.09782608695652174,0.09782608695652174,0.13043478260869565,0.08695652173913043,0.03260869565217391,0.08695652173913043,0.08695652173913043,0.07608695652173914,0.010869565217391304,0.0,0.0,0.0,0.0,0.10869565217391304,0.13043478260869565,0.13043478260869565,0.18478260869565216,0.07608695652173914,0.10869565217391304,0.09782608695652174,0.10869565217391304,0.08695652173913043,0.05434782608695652,0.0,0.0,0.0,0.10869565217391304,0.13043478260869565,0.15217391304347827,0.13043478260869565,0.14130434782608695,0.11956521739130435,0.11956521739130435,0.08695652173913043,0.05434782608695652,0.0,0.0,0.0,0.03260869565217391,0.09782608695652174,0.09782608695652174,0.11956521739130435,0.09782608695652174,0.13043478260869565,0.13043478260869565,0.10869565217391304,0.09782608695652174,0.03260869565217391,0.0,0.021739130434782608,0.03260869565217391,0.06521739130434782,0.09782608695652174,0.13043478260869565,0.14130434782608695,0.11956521739130435,0.11956521739130435,0.08695652173913043,0.05434782608695652,0.0,0.03260869565217391,0.05434782608695652,0.08695652173913043,0.09782608695652174,0.1956521739130435,0.20652173913043478,0.17391304347826086,0.08695652173913043,0.07608695652173914,0.03260869565217391,0.0,0.010869565217391304,0.043478260869565216,0.11956521739130435,0.1956521739130435,0.5108695652173914,0.33695652173913043,0.18478260869565216,0.10869565217391304,0.07608695652173914,0.03260869565217391,0.0,0.021739130434782608,0.010869565217391304,0.0,0.0,0.06521739130434782,0.10869565217391304,0.1956521739130435,0.15217391304347827,0.17391304347826086,0.11956521739130435,0.08695652173913043,0.021739130434782608,0.0,0.0,0.0,0.021739130434782608,0.03260869565217391,0.03260869565217391,0.06521739130434782,0.11956521739130435,0.08695652173913043,0.07608695652173914,0.021739130434782608,0.0,0.010869565217391304,0.20652173913043478,0.09782608695652174,0.05434782608695652,0.043478260869565216,0.021739130434782608,0.021739130434782608,0.05434782608695652,0.20652173913043478,0.07608695652173914,0.043478260869565216,0.05434782608695652,0.09782608695652174,0.043478260869565216,0.043478260869565216,0.03260869565217391,0.010869565217391304,0.0,0.0,0.0,0.14288725477122977
2055-01-01,0.06666666666666667,0.08888888888888889,0.1,0.12222222222222222,0.07777777777777778,0.06666666666666667,0.2222222222222222,0.13333333333333333,0.03333333333333333,0.022222222222222223,0.044444444444444446,0.05555555555555555,0.022222222222222223,0.011111111111111112,0.4888888888888889,0.17777777777777778,0.1111111111111111,0.06666666666666667,0.07777777777777778,0.07777777777777778,0.08888888888888889,0.044444444444444446,0.022222222222222223,0.6888888888888889,0.18888888888888888,0.14444444444444443,0.12222222222222222,0.14444444444444443,0.14444444444444443,0.1111111111111111,0.07777777777777778,0.08888888888888889,0.6555555555555556,0.43333333333333335,0.2,0.1111111111111111,0.14444444444444443,0.17777777777777778,0.13333333333333333,0.08888888888888889,0.08888888888888889,0.14444444444444443,0.25555555555555554,0.17777777777777778,0.2222222222222222,0.18888888888888888,0.12222222222222222,0.2111111111111111,0.2,0.14444444444444443,0.1111111111111111,0.07777777777777778,0.13333333333333333,0.24444444444444444,0.2222222222222222,0.2,0.15555555555555556,0.23333333333333334,0.24444444444444444,0.18888888888888888,0.1,0.06666666666666667,0.044444444444444446,0.16666666666666666,0.2,0.24444444444444444,0.23333333333333334,0.32222222222222224,0.24444444444444444,0.16666666666666666,0.1,0.022222222222222223,0.05555555555555555,0.044444444444444446,0.1111111111111111,0.14444444444444443,0.18888888888888888,0.2111111111111111,0.2222222222222222,0.17777777777777778,0.1,0.06666666666666667,0.03333333333333333,0.022222222222222223,0.06666666666666667,0.044444444444444446,0.06666666666666667,0.14444444444444443,0.2,0.16666666666666666,0.1111111111111111,0.06666666666666667,0.044444444444444446,0.03333333333333333,0.06666666666666667,0.07777777777777778,0.022222222222222223,0.03333333333333333,0.011111111111111112,0.011111111111111112,0.06666666666666667,0.13333333333333333,0.1,0.06666666666666667,0.06666666666666667,0.044444444444444446,0.08888888888888889,0.1111111111111111,0.1,0.03333333333333333,0.011111111111111112,0.0,0.011111111111111112,0.044444444444444446,0.044444444444444446,0.05555555555555555,0.03333333333333333,0.044444444444444446,0.022222222222222223,0.07777777777777778,0.06666666666666667,0.011111111111111112,0.0,0.011111111111111112,0.03333333333333333,0.07777777777777778,0.08888888888888889,0.03333333333333333,0.011111111111111112,0.022222222222222223,0.0,0.08888888888888889,0.044444444444444446,0.022222222222222223,0.0,0.0,0.044444444444444446,0.06666666666666667,0.06666666666666667,0.022222222222222223,0.0,0.011111111111111112,0.1,0.03333333333333333,0.0,0.0,0.011111111111111112,0.044444444444444446,0.06666666666666667,0.07777777777777778,0.011111111111111112,0.011111111111111112,0.0,0.06666666666666667,0.2111111111111111,0.011111111111111112,0.011111111111111112,0.011111111111111112,0.022222222222222223,0.08888888888888889,0.044444444444444446,0.011111111111111112,0.011111111111111112,0.0,0.05555555555555555,0.03333333333333333,0.03333333333333333,0.0,0.022222222222222223,0.044444444444444446,0.06666666666666667,0.03333333333333333,0.0,0.0,0.16666666666666666,0.14444444444444443,0.18888888888888888,0.05555555555555555,0.011111111111111112,0.022222222222222223,0.022222222222222223,0.022222222222222223,0.011111111111111112,0.022222222222222223,0.011111111111111112,0.0,0.0,0.2,0.14444444444444443,0.14444444444444443,0.14444444444444443,0.022222222222222223,0.03333333333333333,0.03333333333333333,0.011111111111111112,0.011111111111111112,0.011111111111111112,0.06666666666666667,0.011111111111111112,0.03333333333333333,0.03333333333333333,0.011111111111111112,0.011111111111111112,0.011111111111111112,0.1,0.08888888888888889,0.022222222222222223,0.07777777777777778,0.0,0.0,0.0,0.022222222222222223,0.011111111111111112,0.1,0.03333333333333333,0.022222222222222223,0.022222222222222223,0.03333333333333333,0.022222222222222223,0.09111598922768488
2055-04-01,0.04395604395604396,0.01098901098901099,0.0,0.0,0.01098901098901099,0.02197802197802198,0.2087912087912088,0.32967032967032966,0.08791208791208792,0.08791208791208792,0.06593406593406594,0.10989010989010989,0.12087912087912088,0.08791208791208792,0.43956043956043955,0.5494505494505495,0.45054945054945056,0.27472527472527475,0.1978021978021978,0.17582417582417584,0.18681318681318682,0.14285714285714285,0.04395604395604396,0.9230769230769231,0.7472527472527473,0.2857142857142857,0.25274725274725274,0.31868131868131866,0.2857142857142857,0.17582417582417584,0.06593406593406594,0.04395604395604396,0.945054945054945,0.7582417582417582,0.31868131868131866,0.2857142857142857,0.24175824175824176,0.21978021978021978,0.14285714285714285,0.01098901098901099,0.04395604395604396,0.7582417582417582,0.8681318681318682,0.6153846153846154,0.5384615384615384,0.46153846153846156,0.45054945054945056,0.21978021978021978,0.16483516483516483,0.02197802197802198,0.04395604395604396,0.5164835164835165,0.8351648351648352,0.6813186813186813,0.6703296703296703,0.4945054945054945,0.6043956043956044,0.2967032967032967,0.15384615384615385,0.03296703296703297,0.03296703296703297,0.3516483516483517,0.6373626373626373,0.6483516483516484,0.6373626373626373,0.43956043956043955,0.6043956043956044,0.34065934065934067,0.1978021978021978,0.10989010989010989,0.04395604395604396,0.08791208791208792,0.24175824175824176,0.46153846153846156,0.5164835164835165,0.5384615384615384,0.6043956043956044,0.4725274725274725,0.3516483516483517,0.17582417582417584,0.0989010989010989,0.06593406593406594,0.07692307692307693,0.17582417582417584,0.3626373626373626,0.6593406593406593,0.5054945054945055,0.43956043956043955,0.34065934065934067,0.24175824175824176,0.15384615384615385,0.08791208791208792,0.07692307692307693,0.2087912087912088,0.16483516483516483,0.14285714285714285,0.08791208791208792,0.21978021978021978,0.42857142857142855,0.3516483516483517,0.3076923076923077,0.24175824175824176,0.2087912087912088,0.13186813186813187,0.10989010989010989,0.10989010989010989,0.18681318681318682,0.21978021978021978,0.26373626373626374,0.42857142857142855,0.27472527472527475,0.3516483516483517,0.4065934065934066,0.24175824175824176,0.24175824175824176,0.23076923076923078,0.17582417582417584,0.10989010989010989,0.10989010989010989,0.2857142857142857,0.4175824175824176,0.4945054945054945,0.43956043956043955,0.38461538461538464,0.3076923076923077,0.26373626373626374,0.25274725274725274,0.16483516483516483,0.0989010989010989,0.06593406593406594,0.02197802197802198,0.15384615384615385,0.27472527472527475,0.3626373626373626,0.3626373626373626,0.2857142857142857,0.32967032967032966,0.3076923076923077,0.25274725274725274,0.18681318681318682,0.10989010989010989,0.06593406593406594,0.32967032967032966,0.3626373626373626,0.3076923076923077,0.4175824175824176,0.3626373626373626,0.4835164835164835,0.3516483516483517,0.26373626373626374,0.13186813186813187,0.054945054945054944,0.04395604395604396,0.1978021978021978,0.31868131868131866,0.3956043956043956,0.3956043956043956,0.4835164835164835,0.4725274725274725,0.34065934065934067,0.3076923076923077,0.18681318681318682,0.054945054945054944,0.01098901098901099,0.13186813186813187,0.21978021978021978,0.5164835164835165,0.5054945054945055,0.4065934065934066,0.4945054945054945,0.37362637362637363,0.25274725274725274,0.17582417582417584,0.04395604395604396,0.08791208791208792,0.14285714285714285,0.21978021978021978,0.3076923076923077,0.18681318681318682,0.45054945054945056,0.43956043956043955,0.3956043956043956,0.4835164835164835,0.3626373626373626,0.32967032967032966,0.26373626373626374,0.054945054945054944,0.12087912087912088,0.12087912087912088,0.14285714285714285,0.2087912087912088,0.42857142857142855,0.45054945054945056,0.42857142857142855,0.43956043956043955,0.38461538461538464,0.31868131868131866,0.4725274725274725,0.2857142857142857,0.34065934065934067,0.45054945054945056,0.3516483516483517,0.2087912087912088,0.10989010989010989,0.27472527472527475,0.3956043956043956,0.37362637362637363,0.3626373626373626,0.18681318681318682,0.0989010989010989,0.31868131868131866,0.1978021978021978,0.08791208791208792,0.3516483516483517,0.17582417582417584,0.04395604395604396,0.02197802197802198,0.054945054945054944,0.01098901098901099,0.36826704925576165
2055-07-01,0.010869565217391304,0.0,0.021739130434782608,0.021739130434782608,0.043478260869565216,0.043478260869565216,0.09782608695652174,0.8260869565217391,0.18478260869565216,0.043478260869565216,0.021739130434782608,0.13043478260869565,0.15217391304347827,0.05434782608695652,0.5217391304347826,0.967391304347826,0.8369565217391305,0.21739130434782608,0.05434782608695652,0.06521739130434782,0.15217391304347827,0.10869565217391304,0.043478260869565216,1.0,0.9891304347826086,0.22826086956521738,0.03260869565217391,0.03260869565217391,0.03260869565217391,0.043478260869565216,0.11956521739130435,0.03260869565217391,1.0,0.9021739130434783,0.42391304347826086,0.11956521739130435,0.010869565217391304,0.010869565217391304,0.11956521739130435,0.13043478260869565,0.021739130434782608,0.6413043478260869,0.8695652173913043,0.5108695652173914,0.43478260869565216,0.3695652173913043,0.2717391304347826,0.06521739130434782,0.010869565217391304,0.010869565217391304,0.03260869565217391,0.33695652173913043,0.6521739130434783,0.4891304347826087,0.5652173913043478,0.41304347826086957,0.5217391304347826,0.09782608695652174,0.03260869565217391,0.010869565217391304,0.03260869565217391,0.15217391304347827,0.32608695652173914,0.3695652173913043,0.5869565217391305,0.30434782608695654,0.5434782608695652,0.16304347826086957,0.08695652173913043,0.09782608695652174,0.06521739130434782,0.0,0.03260869565217391,0.06521739130434782,0.2826086956521739,0.34782608695652173,0.6847826086956522,0.6847826086956522,0.45652173913043476,0.33695652173913043,0.2826086956521739,0.13043478260869565,0.0,0.021739130434782608,0.021739130434782608,0.6304347826086957,0.5978260869565217,0.5652173913043478,0.5760869565217391,0.31521739130434784,0.358695652173913,0.29347826086956524,0.18478260869565216,0.0,0.0,0.0,0.043478260869565216,0.043478260869565216,0.30434782608695654,0.40217391304347827,0.44565217391304346,0.4891304347826087,0.42391304347826086,0.41304347826086957,0.34782608695652173,0.17391304347826086,0.0,0.0,0.03260869565217391,0.2391304347826087,0.21739130434782608,0.44565217391304346,0.5217391304347826,0.5543478260869565,0.5108695652173914,0.42391304347826086,0.391304347826087,0.33695652173913043,0.2717391304347826,0.09782608695652174,0.29347826086956524,0.5869565217391305,0.6195652173913043,0.6847826086956522,0.717391304347826,0.6195652173913043,0.4782608695652174,0.34782608695652173,0.29347826086956524,0.20652173913043478,0.15217391304347827,0.010869565217391304,0.18478260869565216,0.5,0.5978260869565217,0.5,0.6304347826086957,0.6304347826086957,0.532608695652174,0.44565217391304346,0.34782608695652173,0.21739130434782608,0.05434782608695652,0.25,0.3695652173913043,0.5543478260869565,0.6195652173913043,0.782608695652174,0.717391304347826,0.6521739130434783,0.43478260869565216,0.2826086956521739,0.13043478260869565,0.0,0.30434782608695654,0.6521739130434783,0.4891304347826087,0.8043478260869565,0.8260869565217391,0.782608695652174,0.6630434782608695,0.5,0.32608695652173914,0.18478260869565216,0.0,0.09782608695652174,0.6739130434782609,0.7065217391304348,0.6195652173913043,0.7717391304347826,0.6413043478260869,0.5978260869565217,0.44565217391304346,0.31521739130434784,0.010869565217391304,0.021739130434782608,0.043478260869565216,0.15217391304347827,0.09782608695652174,0.5217391304347826,0.4782608695652174,0.4673913043478261,0.717391304347826,0.6739130434782609,0.6847826086956522,0.4891304347826087,0.33695652173913043,0.010869565217391304,0.010869565217391304,0.021739130434782608,0.10869565217391304,0.34782608695652173,0.43478260869565216,0.5434782608695652,0.6195652173913043,0.7065217391304348,0.5978260869565217,0.25,0.20652173913043478,0.32608695652173914,0.5978260869565217,0.6195652173913043,0.44565217391304346,0.3695652173913043,0.18478260869565216,0.22826086956521738,0.33695652173913043,0.6413043478260869,0.4891304347826087,0.33695652173913043,0.45652173913043476,0.45652173913043476,0.2717391304347826,0.21739130434782608,0.2608695652173913,0.14130434782608695,0.10869565217391304,0.043478260869565216,0.010869565217391304,0.5111499429084578
2055-10-01,0.043478260869565216,0.043478260869565216,0.010869565217391304,0.021739130434782608,0.010869565217391304,0.0,0.16304347826086957,0.2826086956521739,0.06521739130434782,0.021739130434782608,0.010869565217391304,0.010869565217391304,0.0,0.0,0.532608695652174,0.391304347826087,0.09782608695652174,0.043478260869565216,0.03260869565217391,0.0,0.0,0.0,0.0,0.7608695652173914,0.358695652173913,0.043478260869565216,0.010869565217391304,0.010869565217391304,0.0,0.0,0.0,0.0,0.6304347826086957,0.34782608695652173,0.03260869565217391,0.0,0.0,0.0,0.0,0.0,0.0,0.03260869565217391,0.1956521739130435,0.03260869565217391,0.021739130434782608,0.021739130434782608,0.0,0.0,0.0,0.0,0.0,0.010869565217391304,0.05434782608695652,0.010869565217391304,0.010869565217391304,0.010869565217391304,0.0,0.0,0.0,0.0,0.0,0.0,0.0,0.0,0.0,0.0,0.0,0.03260869565217391,0.0,0.0,0.0,0.03260869565217391,0.0,0.0,0.0,0.0,0.0,0.0,0.0,0.0,0.0,0.0,0.05434782608695652,0.0,0.010869565217391304,0.010869565217391304,0.0,0.0,0.0,0.0,0.0,0.0,0.0,0.06521739130434782,0.18478260869565216,0.16304347826086957,0.010869565217391304,0.0,0.0,0.0,0.0,0.0,0.0,0.0,0.0,0.0,0.14130434782608695,0.21739130434782608,0.17391304347826086,0.17391304347826086,0.05434782608695652,0.021739130434782608,0.03260869565217391,0.010869565217391304,0.0,0.0,0.0,0.0,0.0,0.13043478260869565,0.10869565217391304,0.13043478260869565,0.043478260869565216,0.043478260869565216,0.05434782608695652,0.021739130434782608,0.0,0.0,0.0,0.0,0.0,0.07608695652173914,0.07608695652173914,0.06521739130434782,0.043478260869565216,0.03260869565217391,0.03260869565217391,0.043478260869565216,0.021739130434782608,0.043478260869565216,0.0,0.0,0.10869565217391304,0.06521739130434782,0.043478260869565216,0.07608695652173914,0.05434782608695652,0.07608695652173914,0.05434782608695652,0.06521739130434782,0.021739130434782608,0.021739130434782608,0.0,0.14130434782608695,0.09782608695652174,0.13043478260869565,0.07608695652173914,0.18478260869565216,0.09782608695652174,0.13043478260869565,0.13043478260869565,0.05434782608695652,0.0,0.0,0.08695652173913043,0.05434782608695652,0.11956521739130435,0.15217391304347827,0.41304347826086957,0.16304347826086957,0.13043478260869565,0.09782608695652174,0.03260869565217391,0.0,0.0,0.03260869565217391,0.06521739130434782,0.03260869565217391,0.06521739130434782,0.08695652173913043,0.11956521739130435,0.11956521739130435,0.08695652173913043,0.08695652173913043,0.08695652173913043,0.03260869565217391,0.0,0.0,0.010869565217391304,0.06521739130434782,0.14130434782608695,0.07608695652173914,0.043478260869565216,0.03260869565217391,0.05434782608695652,0.07608695652173914,0.07608695652173914,0.09782608695652174,0.021739130434782608,0.021739130434782608,0.16304347826086957,0.07608695652173914,0.043478260869565216,0.021739130434782608,0.010869565217391304,0.043478260869565216,0.021739130434782608,0.13043478260869565,0.05434782608695652,0.03260869565217391,0.06521739130434782,0.05434782608695652,0.021739130434782608,0.03260869565217391,0.043478260869565216,0.010869565217391304,0.0,0.021739130434782608,0.0,0.12437858758869848
2056-01-01,0.06666666666666667,0.044444444444444446,0.05555555555555555,0.05555555555555555,0.05555555555555555,0.022222222222222223,0.17777777777777778,0.1,0.06666666666666667,0.06666666666666667,0.05555555555555555,0.06666666666666667,0.03333333333333333,0.0,0.4222222222222222,0.14444444444444443,0.13333333333333333,0.1111111111111111,0.06666666666666667,0.08888888888888889,0.06666666666666667,0.06666666666666667,0.022222222222222223,0.7,0.35555555555555557,0.12222222222222222,0.1111111111111111,0.07777777777777778,0.08888888888888889,0.06666666666666667,0.044444444444444446,0.011111111111111112,0.7888888888888889,0.5777777777777777,0.14444444444444443,0.1,0.06666666666666667,0.13333333333333333,0.07777777777777778,0.03333333333333333,0.0,0.2111111111111111,0.26666666666666666,0.2,0.15555555555555556,0.12222222222222222,0.07777777777777778,0.12222222222222222,0.1,0.05555555555555555,0.0,0.14444444444444443,0.18888888888888888,0.17777777777777778,0.16666666666666666,0.07777777777777778,0.07777777777777778,0.15555555555555556,0.1111111111111111,0.07777777777777778,0.0,0.08888888888888889,0.1111111111111111,0.15555555555555556,0.1,0.12222222222222222,0.05555555555555555,0.12222222222222222,0.07777777777777778,0.07777777777777778,0.0,0.03333333333333333,0.1111111111111111,0.07777777777777778,0.12222222222222222,0.1111111111111111,0.14444444444444443,0.07777777777777778,0.08888888888888889,0.07777777777777778,0.05555555555555555,0.0,0.022222222222222223,0.08888888888888889,0.08888888888888889,0.03333333333333333,0.044444444444444446,0.08888888888888889,0.06666666666666667,0.06666666666666667,0.044444444444444446,0.011111111111111112,0.0,0.0,0.0,0.03333333333333333,0.05555555555555555,0.044444444444444446,0.0,0.0,0.022222222222222223,0.03333333333333333,0.022222222222222223,0.022222222222222223,0.011111111111111112,0.0,0.011111111111111112,0.05555555555555555,0.06666666666666667,0.05555555555555555,0.022222222222222223,0.0,0.0,0.011111111111111112,0.011111111111111112,0.0,0.0,0.011111111111111112,0.0,0.06666666666666667,0.06666666666666667,0.022222222222222223,0.0,0.0,0.0,0.0,0.0,0.0,0.0,0.0,0.0,0.08888888888888889,0.08888888888888889,0.044444444444444446,0.011111111111111112,0.0,0.0,0.0,0.0,0.011111111111111112,0.0,0.0,0.12222222222222222,0.06666666666666667,0.011111111111111112,0.011111111111111112,0.011111111111111112,0.0,0.011111111111111112,0.011111111111111112,0.0,0.0,0.0,0.17777777777777778,0.18888888888888888,0.022222222222222223,0.011111111111111112,0.022222222222222223,0.0,0.03333333333333333,0.011111111111111112,0.0,0.0,0.0,0.16666666666666666,0.07777777777777778,0.07777777777777778,0.022222222222222223,0.011111111111111112,0.022222222222222223,0.022222222222222223,0.011111111111111112,0.0,0.0,0.07777777777777778,0.14444444444444443,0.2222222222222222,0.15555555555555556,0.07777777777777778,0.06666666666666667,0.011111111111111112,0.0,0.0,0.0,0.0,0.011111111111111112,0.0,0.1,0.1111111111111111,0.15555555555555556,0.16666666666666666,0.05555555555555555,0.0,0.0,0.0,0.0,0.0,0.1111111111111111,0.011111111111111112,0.011111111111111112,0.011111111111111112,0.0,0.011111111111111112,0.03333333333333333,0.07777777777777778,0.011111111111111112,0.022222222222222223,0.08888888888888889,0.044444444444444446,0.011111111111111112,0.011111111111111112,0.03333333333333333,0.011111111111111112,0.03333333333333333,0.0,0.011111111111111112,0.0,0.0,0.0,0.0857425561357126
2056-04-01,0.01098901098901099,0.0,0.0,0.0,0.01098901098901099,0.0,0.0989010989010989,0.24175824175824176,0.12087912087912088,0.054945054945054944,0.01098901098901099,0.01098901098901099,0.01098901098901099,0.0,0.23076923076923078,0.5054945054945055,0.3626373626373626,0.2087912087912088,0.14285714285714285,0.08791208791208792,0.02197802197802198,0.04395604395604396,0.0,0.9230769230769231,0.6813186813186813,0.31868131868131866,0.21978021978021978,0.2087912087912088,0.14285714285714285,0.0989010989010989,0.04395604395604396,0.0,0.9230769230769231,0.8021978021978022,0.5384615384615384,0.2857142857142857,0.1978021978021978,0.16483516483516483,0.08791208791208792,0.02197802197802198,0.01098901098901099,0.4835164835164835,0.8241758241758241,0.8131868131868132,0.6373626373626373,0.3956043956043956,0.3626373626373626,0.17582417582417584,0.13186813186813187,0.01098901098901099,0.02197802197802198,0.2857142857142857,0.6153846153846154,0.6153846153846154,0.5934065934065934,0.43956043956043955,0.4175824175824176,0.21978021978021978,0.08791208791208792,0.01098901098901099,0.03296703296703297,0.23076923076923078,0.3516483516483517,0.45054945054945056,0.4725274725274725,0.23076923076923078,0.2857142857142857,0.21978021978021978,0.08791208791208792,0.054945054945054944,0.04395604395604396,0.01098901098901099,0.13186813186813187,0.24175824175824176,0.2857142857142857,0.24175824175824176,0.3626373626373626,0.2857142857142857,0.21978021978021978,0.0989010989010989,0.054945054945054944,0.04395604395604396,0.04395604395604396,0.0989010989010989,0.2087912087912088,0.43956043956043955,0.21978021978021978,0.25274725274725274,0.16483516483516483,0.10989010989010989,0.04395604395604396,0.03296703296703297,0.054945054945054944,0.06593406593406594,0.054945054945054944,0.07692307692307693,0.06593406593406594,0.14285714285714285,0.26373626373626374,0.24175824175824176,0.18681318681318682,0.10989010989010989,0.06593406593406594,0.04395604395604396,0.054945054945054944,0.04395604395604396,0.08791208791208792,0.13186813186813187,0.21978021978021978,0.23076923076923078,0.17582417582417584,0.27472527472527475,0.34065934065934067,0.25274725274725274,0.15384615384615385,0.15384615384615385,0.07692307692307693,0.07692307692307693,0.054945054945054944,0.2857142857142857,0.2857142857142857,0.2857142857142857,0.2857142857142857,0.2857142857142857,0.32967032967032966,0.25274725274725274,0.18681318681318682,0.13186813186813187,0.06593406593406594,0.04395604395604396,0.02197802197802198,0.1978021978021978,0.23076923076923078,0.24175824175824176,0.27472527472527475,0.2087912087912088,0.24175824175824176,0.27472527472527475,0.21978021978021978,0.13186813186813187,0.07692307692307693,0.04395604395604396,0.26373626373626374,0.25274725274725274,0.16483516483516483,0.2087912087912088,0.23076923076923078,0.34065934065934067,0.31868131868131866,0.27472527472527475,0.16483516483516483,0.07692307692307693,0.04395604395604396,0.26373626373626374,0.25274725274725274,0.26373626373626374,0.23076923076923078,0.3516483516483517,0.4175824175824176,0.3516483516483517,0.31868131868131866,0.1978021978021978,0.07692307692307693,0.03296703296703297,0.25274725274725274,0.23076923076923078,0.38461538461538464,0.45054945054945056,0.3626373626373626,0.42857142857142855,0.4065934065934066,0.3076923076923077,0.10989010989010989,0.02197802197802198,0.03296703296703297,0.06593406593406594,0.23076923076923078,0.2857142857142857,0.23076923076923078,0.2967032967032967,0.3516483516483517,0.3516483516483517,0.5164835164835165,0.37362637362637363,0.2967032967032967,0.2087912087912088,0.06593406593406594,0.10989010989010989,0.08791208791208792,0.14285714285714285,0.3626373626373626,0.3516483516483517,0.4175824175824176,0.4065934065934066,0.46153846153846156,0.3956043956043956,0.27472527472527475,0.4945054945054945,0.31868131868131866,0.38461538461538464,0.4725274725274725,0.31868131868131866,0.21978021978021978,0.12087912087912088,0.37362637362637363,0.46153846153846156,0.3516483516483517,0.3076923076923077,0.1978021978021978,0.12087912087912088,0.3076923076923077,0.2087912087912088,0.08791208791208792,0.3076923076923077,0.18681318681318682,0.054945054945054944,0.03296703296703297,0.04395604395604396,0.03296703296703297,0.3265954732297465
2056-07-01,0.0,0.0,0.0,0.010869565217391304,0.021739130434782608,0.0,0.13043478260869565,0.717391304347826,0.25,0.043478260869565216,0.043478260869565216,0.10869565217391304,0.11956521739130435,0.021739130434782608,0.5217391304347826,0.9456521739130435,0.7934782608695652,0.31521739130434784,0.10869565217391304,0.03260869565217391,0.043478260869565216,0.03260869565217391,0.010869565217391304,1.0,0.967391304347826,0.40217391304347827,0.11956521739130435,0.11956521739130435,0.043478260869565216,0.06521739130434782,0.043478260869565216,0.0,0.9782608695652174,0.9130434782608695,0.5543478260869565,0.11956521739130435,0.05434782608695652,0.043478260869565216,0.07608695652173914,0.15217391304347827,0.0,0.42391304347826086,0.782608695652174,0.6304347826086957,0.5217391304347826,0.4673913043478261,0.31521739130434784,0.09782608695652174,0.021739130434782608,0.021739130434782608,0.010869565217391304,0.33695652173913043,0.532608695652174,0.4891304347826087,0.5434782608695652,0.3804347826086957,0.43478260869565216,0.09782608695652174,0.0,0.0,0.010869565217391304,0.22826086956521738,0.33695652173913043,0.358695652173913,0.43478260869565216,0.2391304347826087,0.391304347826087,0.043478260869565216,0.010869565217391304,0.0,0.0,0.05434782608695652,0.09782608695652174,0.09782608695652174,0.2717391304347826,0.30434782608695654,0.43478260869565216,0.3695652173913043,0.18478260869565216,0.09782608695652174,0.03260869565217391,0.010869565217391304,0.09782608695652174,0.11956521739130435,0.17391304347826086,0.7282608695652174,0.34782608695652173,0.20652173913043478,0.15217391304347827,0.06521739130434782,0.08695652173913043,0.05434782608695652,0.03260869565217391,0.010869565217391304,0.043478260869565216,0.16304347826086957,0.34782608695652173,0.21739130434782608,0.42391304347826086,0.3804347826086957,0.25,0.11956521739130435,0.10869565217391304,0.08695652173913043,0.13043478260869565,0.06521739130434782,0.021739130434782608,0.07608695652173914,0.20652173913043478,0.44565217391304346,0.4782608695652174,0.6195652173913043,0.5978260869565217,0.5869565217391305,0.3695652173913043,0.1956521739130435,0.1956521739130435,0.16304347826086957,0.07608695652173914,0.1956521739130435,0.34782608695652173,0.6413043478260869,0.6086956521739131,0.6521739130434783,0.6521739130434783,0.5869565217391305,0.358695652173913,0.2826086956521739,0.18478260869565216,0.043478260869565216,0.0,0.08695652173913043,0.2826086956521739,0.4673913043478261,0.5543478260869565,0.4673913043478261,0.5543478260869565,0.5543478260869565,0.4673913043478261,0.42391304347826086,0.2608695652173913,0.05434782608695652,0.10869565217391304,0.2826086956521739,0.30434782608695654,0.5108695652173914,0.5760869565217391,0.782608695652174,0.6413043478260869,0.5217391304347826,0.45652173913043476,0.20652173913043478,0.03260869565217391,0.05434782608695652,0.2391304347826087,0.5,0.40217391304347827,0.7717391304347826,0.782608695652174,0.717391304347826,0.6739130434782609,0.6195652173913043,0.22826086956521738,0.043478260869565216,0.021739130434782608,0.10869565217391304,0.5869565217391305,0.5978260869565217,0.44565217391304346,0.7391304347826086,0.6086956521739131,0.5543478260869565,0.42391304347826086,0.16304347826086957,0.010869565217391304,0.010869565217391304,0.05434782608695652,0.09782608695652174,0.05434782608695652,0.4782608695652174,0.34782608695652173,0.33695652173913043,0.7065217391304348,0.6630434782608695,0.5978260869565217,0.5,0.18478260869565216,0.010869565217391304,0.010869565217391304,0.021739130434782608,0.08695652173913043,0.32608695652173914,0.32608695652173914,0.41304347826086957,0.5217391304347826,0.7065217391304348,0.5978260869565217,0.10869565217391304,0.05434782608695652,0.2391304347826087,0.5978260869565217,0.5652173913043478,0.43478260869565216,0.3695652173913043,0.03260869565217391,0.18478260869565216,0.3804347826086957,0.6304347826086957,0.4673913043478261,0.30434782608695654,0.5543478260869565,0.4891304347826087,0.2717391304347826,0.358695652173913,0.40217391304347827,0.16304347826086957,0.08695652173913043,0.07608695652173914,0.03260869565217391,0.4966880762799495
2056-10-01,0.0,0.0,0.0,0.0,0.0,0.0,0.06521739130434782,0.11956521739130435,0.03260869565217391,0.0,0.0,0.0,0.0,0.0,0.40217391304347827,0.2391304347826087,0.14130434782608695,0.043478260869565216,0.010869565217391304,0.0,0.0,0.0,0.0,0.6521739130434783,0.2717391304347826,0.08695652173913043,0.05434782608695652,0.021739130434782608,0.010869565217391304,0.0,0.0,0.0,0.7282608695652174,0.3804347826086957,0.07608695652173914,0.021739130434782608,0.021739130434782608,0.010869565217391304,0.0,0.0,0.0,0.05434782608695652,0.21739130434782608,0.021739130434782608,0.021739130434782608,0.0,0.010869565217391304,0.0,0.0,0.0,0.0,0.0,0.05434782608695652,0.021739130434782608,0.021739130434782608,0.0,0.0,0.0,0.0,0.0,0.0,0.0,0.0,0.021739130434782608,0.05434782608695652,0.010869565217391304,0.0,0.010869565217391304,0.0,0.0,0.0,0.021739130434782608,0.03260869565217391,0.010869565217391304,0.021739130434782608,0.0,0.021739130434782608,0.0,0.0,0.0,0.0,0.0,0.07608695652173914,0.08695652173913043,0.03260869565217391,0.06521739130434782,0.021739130434782608,0.03260869565217391,0.010869565217391304,0.0,0.0,0.0,0.0,0.021739130434782608,0.10869565217391304,0.11956521739130435,0.11956521739130435,0.06521739130434782,0.08695652173913043,0.03260869565217391,0.021739130434782608,0.021739130434782608,0.0,0.0,0.0,0.0,0.05434782608695652,0.15217391304347827,0.15217391304347827,0.22826086956521738,0.14130434782608695,0.13043478260869565,0.09782608695652174,0.043478260869565216,0.021739130434782608,0.0,0.0,0.0,0.0,0.10869565217391304,0.17391304347826086,0.18478260869565216,0.15217391304347827,0.14130434782608695,0.10869565217391304,0.05434782608695652,0.021739130434782608,0.021739130434782608,0.0,0.0,0.0,0.07608695652173914,0.15217391304347827,0.14130434782608695,0.10869565217391304,0.07608695652173914,0.08695652173913043,0.06521739130434782,0.043478260869565216,0.043478260869565216,0.0,0.0,0.08695652173913043,0.13043478260869565,0.09782608695652174,0.09782608695652174,0.18478260869565216,0.14130434782608695,0.14130434782608695,0.09782608695652174,0.043478260869565216,0.021739130434782608,0.0,0.043478260869565216,0.09782608695652174,0.20652173913043478,0.11956521739130435,0.358695652173913,0.21739130434782608,0.17391304347826086,0.13043478260869565,0.05434782608695652,0.021739130434782608,0.0,0.0,0.03260869565217391,0.20652173913043478,0.16304347826086957,0.5652173913043478,0.31521739130434784,0.16304347826086957,0.13043478260869565,0.05434782608695652,0.021739130434782608,0.0,0.010869565217391304,0.0,0.0,0.021739130434782608,0.07608695652173914,0.043478260869565216,0.15217391304347827,0.13043478260869565,0.10869565217391304,0.07608695652173914,0.043478260869565216,0.021739130434782608,0.010869565217391304,0.0,0.0,0.05434782608695652,0.05434782608695652,0.021739130434782608,0.08695652173913043,0.14130434782608695,0.05434782608695652,0.03260869565217391,0.05434782608695652,0.0,0.043478260869565216,0.20652173913043478,0.043478260869565216,0.05434782608695652,0.03260869565217391,0.0,0.05434782608695652,0.07608695652173914,0.06521739130434782,0.043478260869565216,0.05434782608695652,0.06521739130434782,0.043478260869565216,0.021739130434782608,0.06521739130434782,0.05434782608695652,0.043478260869565216,0.03260869565217391,0.010869565217391304,0.0,0.12498829906813333
2057-01-01,0.08888888888888889,0.07777777777777778,0.044444444444444446,0.044444444444444446,0.03333333333333333,0.03333333333333333,0.17777777777777778,0.08888888888888889,0.05555555555555555,0.05555555555555555,0.03333333333333333,0.03333333333333333,0.03333333333333333,0.022222222222222223,0.35555555555555557,0.13333333333333333,0.03333333333333333,0.011111111111111112,0.011111111111111112,0.011111111111111112,0.044444444444444446,0.0,0.011111111111111112,0.6,0.2111111111111111,0.022222222222222223,0.022222222222222223,0.0,0.0,0.0,0.0,0.0,0.6555555555555556,0.3888888888888889,0.05555555555555555,0.011111111111111112,0.011111111111111112,0.0,0.0,0.022222222222222223,0.0,0.1,0.15555555555555556,0.06666666666666667,0.044444444444444446,0.03333333333333333,0.0,0.05555555555555555,0.0,0.0,0.0,0.022222222222222223,0.07777777777777778,0.1111111111111111,0.07777777777777778,0.05555555555555555,0.1,0.06666666666666667,0.0,0.011111111111111112,0.022222222222222223,0.0,0.044444444444444446,0.06666666666666667,0.08888888888888889,0.1,0.1,0.0,0.022222222222222223,0.03333333333333333,0.022222222222222223,0.022222222222222223,0.011111111111111112,0.044444444444444446,0.044444444444444446,0.07777777777777778,0.07777777777777778,0.03333333333333333,0.0,0.0,0.0,0.022222222222222223,0.0,0.0,0.044444444444444446,0.03333333333333333,0.044444444444444446,0.05555555555555555,0.03333333333333333,0.0,0.0,0.0,0.011111111111111112,0.0,0.0,0.0,0.0,0.011111111111111112,0.011111111111111112,0.011111111111111112,0.03333333333333333,0.03333333333333333,0.0,0.0,0.0,0.0,0.0,0.0,0.011111111111111112,0.011111111111111112,0.0,0.0,0.0,0.0,0.0,0.0,0.0,0.0,0.0,0.0,0.0,0.0,0.0,0.0,0.0,0.0,0.0,0.0,0.0,0.0,0.0,0.011111111111111112,0.0,0.0,0.0,0.0,0.0,0.0,0.011111111111111112,0.022222222222222223,0.0,0.0,0.022222222222222223,0.0,0.0,0.0,0.011111111111111112,0.011111111111111112,0.022222222222222223,0.03333333333333333,0.022222222222222223,0.0,0.0,0.011111111111111112,0.07777777777777778,0.0,0.0,0.022222222222222223,0.03333333333333333,0.06666666666666667,0.022222222222222223,0.0,0.0,0.0,0.0,0.0,0.0,0.0,0.011111111111111112,0.044444444444444446,0.03333333333333333,0.022222222222222223,0.0,0.0,0.0,0.05555555555555555,0.05555555555555555,0.0,0.0,0.0,0.0,0.0,0.0,0.011111111111111112,0.011111111111111112,0.0,0.0,0.03333333333333333,0.011111111111111112,0.03333333333333333,0.03333333333333333,0.011111111111111112,0.0,0.0,0.0,0.0,0.011111111111111112,0.05555555555555555,0.0,0.022222222222222223,0.022222222222222223,0.0,0.0,0.0,0.044444444444444446,0.03333333333333333,0.0,0.05555555555555555,0.0,0.0,0.0,0.0,0.0,0.03333333333333333,0.0,0.0,0.0,0.0,0.0,0.05486926591461386
2057-04-01,0.01098901098901099,0.01098901098901099,0.02197802197802198,0.03296703296703297,0.03296703296703297,0.02197802197802198,0.14285714285714285,0.34065934065934067,0.07692307692307693,0.03296703296703297,0.04395604395604396,0.02197802197802198,0.054945054945054944,0.03296703296703297,0.32967032967032966,0.5384615384615384,0.43956043956043955,0.25274725274725274,0.12087912087912088,0.12087912087912088,0.07692307692307693,0.08791208791208792,0.02197802197802198,0.978021978021978,0.7252747252747253,0.3516483516483517,0.27472527472527475,0.23076923076923078,0.17582417582417584,0.12087912087912088,0.054945054945054944,0.02197802197802198,0.9340659340659341,0.7692307692307693,0.5604395604395604,0.31868131868131866,0.23076923076923078,0.16483516483516483,0.06593406593406594,0.03296703296703297,0.02197802197802198,0.5824175824175825,0.8131868131868132,0.7032967032967034,0.6483516483516484,0.4945054945054945,0.3076923076923077,0.23076923076923078,0.12087912087912088,0.02197802197802198,0.02197802197802198,0.3626373626373626,0.6703296703296703,0.6373626373626373,0.6483516483516484,0.5164835164835165,0.42857142857142855,0.25274725274725274,0.07692307692307693,0.03296703296703297,0.03296703296703297,0.2967032967032967,0.5054945054945055,0.5824175824175825,0.5714285714285714,0.42857142857142855,0.3956043956043956,0.23076923076923078,0.07692307692307693,0.054945054945054944,0.03296703296703297,0.06593406593406594,0.17582417582417584,0.3956043956043956,0.5274725274725275,0.5164835164835165,0.5494505494505495,0.38461538461538464,0.13186813186813187,0.054945054945054944,0.01098901098901099,0.02197802197802198,0.04395604395604396,0.14285714285714285,0.32967032967032966,0.5604395604395604,0.43956043956043955,0.3516483516483517,0.24175824175824176,0.06593406593406594,0.0,0.0,0.02197802197802198,0.14285714285714285,0.10989010989010989,0.0989010989010989,0.08791208791208792,0.15384615384615385,0.3516483516483517,0.23076923076923078,0.18681318681318682,0.12087912087912088,0.06593406593406594,0.01098901098901099,0.0,0.03296703296703297,0.12087912087912088,0.17582417582417584,0.23076923076923078,0.26373626373626374,0.25274725274725274,0.3076923076923077,0.24175824175824176,0.1978021978021978,0.13186813186813187,0.0989010989010989,0.054945054945054944,0.04395604395604396,0.02197802197802198,0.26373626373626374,0.21978021978021978,0.2967032967032967,0.31868131868131866,0.3516483516483517,0.31868131868131866,0.27472527472527475,0.21978021978021978,0.16483516483516483,0.08791208791208792,0.04395604395604396,0.04395604395604396,0.10989010989010989,0.1978021978021978,0.21978021978021978,0.25274725274725274,0.25274725274725274,0.27472527472527475,0.27472527472527475,0.26373626373626374,0.21978021978021978,0.10989010989010989,0.054945054945054944,0.23076923076923078,0.27472527472527475,0.23076923076923078,0.2857142857142857,0.3076923076923077,0.45054945054945056,0.43956043956043955,0.32967032967032966,0.23076923076923078,0.13186813186813187,0.06593406593406594,0.17582417582417584,0.27472527472527475,0.2857142857142857,0.2857142857142857,0.46153846153846156,0.5274725274725275,0.46153846153846156,0.3956043956043956,0.27472527472527475,0.13186813186813187,0.07692307692307693,0.10989010989010989,0.16483516483516483,0.38461538461538464,0.45054945054945056,0.42857142857142855,0.5384615384615384,0.4175824175824176,0.34065934065934067,0.2087912087912088,0.13186813186813187,0.07692307692307693,0.12087912087912088,0.2087912087912088,0.26373626373626374,0.16483516483516483,0.42857142857142855,0.37362637362637363,0.3956043956043956,0.5494505494505495,0.42857142857142855,0.34065934065934067,0.2967032967032967,0.13186813186813187,0.12087912087912088,0.07692307692307693,0.16483516483516483,0.2967032967032967,0.45054945054945056,0.42857142857142855,0.5054945054945055,0.4725274725274725,0.43956043956043955,0.3626373626373626,0.46153846153846156,0.3516483516483517,0.3956043956043956,0.4835164835164835,0.38461538461538464,0.2967032967032967,0.1978021978021978,0.21978021978021978,0.43956043956043955,0.45054945054945056,0.4725274725274725,0.26373626373626374,0.1978021978021978,0.42857142857142855,0.3076923076923077,0.16483516483516483,0.42857142857142855,0.27472527472527475,0.17582417582417584,0.02197802197802198,0.0989010989010989,0.01098901098901099,0.3818244693528352
2057-07-01,0.0,0.021739130434782608,0.021739130434782608,0.043478260869565216,0.010869565217391304,0.021739130434782608,0.16304347826086957,0.5652173913043478,0.17391304347826086,0.021739130434782608,0.06521739130434782,0.10869565217391304,0.14130434782608695,0.06521739130434782,0.532608695652174,0.9130434782608695,0.6086956521739131,0.18478260869565216,0.05434782608695652,0.10869565217391304,0.18478260869565216,0.15217391304347827,0.010869565217391304,0.9891304347826086,0.9565217391304348,0.17391304347826086,0.03260869565217391,0.043478260869565216,0.07608695652173914,0.16304347826086957,0.17391304347826086,0.03260869565217391,0.967391304347826,0.8695652173913043,0.31521739130434784,0.043478260869565216,0.03260869565217391,0.08695652173913043,0.2608695652173913,0.22826086956521738,0.06521739130434782,0.782608695652174,0.8913043478260869,0.45652173913043476,0.43478260869565216,0.32608695652173914,0.16304347826086957,0.07608695652173914,0.09782608695652174,0.11956521739130435,0.05434782608695652,0.532608695652174,0.5760869565217391,0.4673913043478261,0.5,0.31521739130434784,0.43478260869565216,0.13043478260869565,0.05434782608695652,0.08695652173913043,0.05434782608695652,0.22826086956521738,0.41304347826086957,0.41304347826086957,0.4782608695652174,0.20652173913043478,0.391304347826087,0.16304347826086957,0.17391304347826086,0.20652173913043478,0.07608695652173914,0.021739130434782608,0.07608695652173914,0.07608695652173914,0.2391304347826087,0.18478260869565216,0.45652173913043476,0.5869565217391305,0.42391304347826086,0.2608695652173913,0.17391304347826086,0.09782608695652174,0.05434782608695652,0.05434782608695652,0.07608695652173914,0.4782608695652174,0.45652173913043476,0.358695652173913,0.3695652173913043,0.2826086956521739,0.2608695652173913,0.2391304347826087,0.11956521739130435,0.0,0.0,0.06521739130434782,0.11956521739130435,0.08695652173913043,0.34782608695652173,0.31521739130434784,0.2826086956521739,0.40217391304347827,0.3804347826086957,0.358695652173913,0.31521739130434784,0.14130434782608695,0.0,0.010869565217391304,0.08695652173913043,0.2391304347826087,0.2826086956521739,0.3695652173913043,0.4782608695652174,0.4782608695652174,0.5108695652173914,0.4891304347826087,0.3804347826086957,0.32608695652173914,0.1956521739130435,0.1956521739130435,0.32608695652173914,0.5760869565217391,0.532608695652174,0.6521739130434783,0.7391304347826086,0.6413043478260869,0.532608695652174,0.4891304347826087,0.32608695652173914,0.18478260869565216,0.07608695652173914,0.043478260869565216,0.2717391304347826,0.41304347826086957,0.532608695652174,0.3804347826086957,0.5869565217391305,0.6195652173913043,0.5869565217391305,0.532608695652174,0.3695652173913043,0.15217391304347827,0.07608695652173914,0.32608695652173914,0.30434782608695654,0.532608695652174,0.5543478260869565,0.8586956521739131,0.7282608695652174,0.7065217391304348,0.5,0.2608695652173913,0.14130434782608695,0.05434782608695652,0.32608695652173914,0.5652173913043478,0.5652173913043478,0.9021739130434783,0.8913043478260869,0.7717391304347826,0.7282608695652174,0.5434782608695652,0.25,0.16304347826086957,0.021739130434782608,0.13043478260869565,0.7608695652173914,0.8369565217391305,0.6630434782608695,0.8586956521739131,0.717391304347826,0.6739130434782609,0.4782608695652174,0.2608695652173913,0.021739130434782608,0.010869565217391304,0.11956521739130435,0.15217391304347827,0.13043478260869565,0.6847826086956522,0.5652173913043478,0.45652173913043476,0.782608695652174,0.6956521739130435,0.6739130434782609,0.6086956521739131,0.31521739130434784,0.010869565217391304,0.010869565217391304,0.043478260869565216,0.18478260869565216,0.5652173913043478,0.4891304347826087,0.5217391304347826,0.6086956521739131,0.7608695652173914,0.6630434782608695,0.42391304347826086,0.25,0.40217391304347827,0.6304347826086957,0.6086956521739131,0.5108695652173914,0.4782608695652174,0.18478260869565216,0.30434782608695654,0.391304347826087,0.6847826086956522,0.5108695652173914,0.3804347826086957,0.45652173913043476,0.4891304347826087,0.2826086956521739,0.30434782608695654,0.358695652173913,0.1956521739130435,0.08695652173913043,0.09782608695652174,0.03260869565217391,0.5305616890444039
2057-10-01,0.021739130434782608,0.0,0.0,0.0,0.0,0.0,0.2717391304347826,0.1956521739130435,0.08695652173913043,0.021739130434782608,0.0,0.0,0.0,0.0,0.5869565217391305,0.33695652173913043,0.10869565217391304,0.03260869565217391,0.021739130434782608,0.0,0.0,0.0,0.0,0.717391304347826,0.358695652173913,0.11956521739130435,0.010869565217391304,0.0,0.0,0.0,0.0,0.0,0.6630434782608695,0.40217391304347827,0.05434782608695652,0.021739130434782608,0.0,0.0,0.0,0.0,0.0,0.06521739130434782,0.17391304347826086,0.07608695652173914,0.05434782608695652,0.010869565217391304,0.010869565217391304,0.0,0.0,0.0,0.0,0.03260869565217391,0.03260869565217391,0.07608695652173914,0.021739130434782608,0.0,0.0,0.0,0.0,0.0,0.0,0.010869565217391304,0.03260869565217391,0.05434782608695652,0.021739130434782608,0.0,0.0,0.0,0.0,0.0,0.0,0.06521739130434782,0.021739130434782608,0.0,0.021739130434782608,0.0,0.0,0.0,0.0,0.0,0.0,0.0,0.09782608695652174,0.05434782608695652,0.0,0.03260869565217391,0.0,0.0,0.0,0.0,0.0,0.0,0.0,0.07608695652173914,0.14130434782608695,0.13043478260869565,0.06521739130434782,0.010869565217391304,0.043478260869565216,0.010869565217391304,0.0,0.0,0.0,0.0,0.0,0.0,0.17391304347826086,0.20652173913043478,0.2391304347826087,0.22826086956521738,0.07608695652173914,0.09782608695652174,0.03260869565217391,0.021739130434782608,0.0,0.0,0.0,0.0,0.0,0.21739130434782608,0.21739130434782608,0.18478260869565216,0.15217391304347827,0.05434782608695652,0.03260869565217391,0.03260869565217391,0.0,0.0,0.0,0.0,0.0,0.14130434782608695,0.21739130434782608,0.1956521739130435,0.14130434782608695,0.06521739130434782,0.03260869565217391,0.03260869565217391,0.0,0.0,0.0,0.0,0.10869565217391304,0.17391304347826086,0.14130434782608695,0.16304347826086957,0.08695652173913043,0.08695652173913043,0.03260869565217391,0.03260869565217391,0.010869565217391304,0.0,0.0,0.07608695652173914,0.16304347826086957,0.20652173913043478,0.1956521739130435,0.20652173913043478,0.14130434782608695,0.08695652173913043,0.06521739130434782,0.043478260869565216,0.010869565217391304,0.0,0.03260869565217391,0.13043478260869565,0.2717391304347826,0.31521739130434784,0.532608695652174,0.17391304347826086,0.09782608695652174,0.043478260869565216,0.03260869565217391,0.0,0.0,0.021739130434782608,0.010869565217391304,0.010869565217391304,0.05434782608695652,0.17391304347826086,0.17391304347826086,0.22826086956521738,0.09782608695652174,0.06521739130434782,0.06521739130434782,0.05434782608695652,0.010869565217391304,0.021739130434782608,0.021739130434782608,0.021739130434782608,0.06521739130434782,0.07608695652173914,0.021739130434782608,0.07608695652173914,0.06521739130434782,0.06521739130434782,0.07608695652173914,0.043478260869565216,0.0,0.03260869565217391,0.20652173913043478,0.05434782608695652,0.06521739130434782,0.043478260869565216,0.0,0.06521739130434782,0.08695652173913043,0.16304347826086957,0.06521739130434782,0.010869565217391304,0.09782608695652174,0.07608695652173914,0.010869565217391304,0.06521739130434782,0.07608695652173914,0.03260869565217391,0.0,0.021739130434782608,0.0,0.13663058619993151
2058-01-01,0.08888888888888889,0.05555555555555555,0.011111111111111112,0.022222222222222223,0.03333333333333333,0.03333333333333333,0.2222222222222222,0.2,0.08888888888888889,0.011111111111111112,0.0,0.0,0.0,0.011111111111111112,0.4,0.2111111111111111,0.07777777777777778,0.05555555555555555,0.044444444444444446,0.011111111111111112,0.0,0.0,0.022222222222222223,0.6777777777777778,0.2222222222222222,0.08888888888888889,0.1,0.06666666666666667,0.05555555555555555,0.03333333333333333,0.03333333333333333,0.011111111111111112,0.8111111111111111,0.4777777777777778,0.08888888888888889,0.07777777777777778,0.08888888888888889,0.1111111111111111,0.022222222222222223,0.011111111111111112,0.03333333333333333,0.12222222222222222,0.23333333333333334,0.16666666666666666,0.1,0.12222222222222222,0.06666666666666667,0.1,0.1111111111111111,0.044444444444444446,0.03333333333333333,0.03333333333333333,0.12222222222222222,0.1,0.1111111111111111,0.13333333333333333,0.12222222222222222,0.15555555555555556,0.15555555555555556,0.08888888888888889,0.03333333333333333,0.044444444444444446,0.08888888888888889,0.07777777777777778,0.1,0.15555555555555556,0.18888888888888888,0.2,0.07777777777777778,0.044444444444444446,0.022222222222222223,0.05555555555555555,0.044444444444444446,0.05555555555555555,0.06666666666666667,0.022222222222222223,0.1,0.12222222222222222,0.16666666666666666,0.05555555555555555,0.03333333333333333,0.022222222222222223,0.03333333333333333,0.044444444444444446,0.044444444444444446,0.011111111111111112,0.022222222222222223,0.022222222222222223,0.05555555555555555,0.1,0.05555555555555555,0.022222222222222223,0.011111111111111112,0.022222222222222223,0.011111111111111112,0.03333333333333333,0.044444444444444446,0.022222222222222223,0.0,0.0,0.022222222222222223,0.022222222222222223,0.044444444444444446,0.022222222222222223,0.011111111111111112,0.011111111111111112,0.022222222222222223,0.044444444444444446,0.05555555555555555,0.1111111111111111,0.022222222222222223,0.0,0.0,0.0,0.022222222222222223,0.044444444444444446,0.011111111111111112,0.0,0.011111111111111112,0.08888888888888889,0.05555555555555555,0.044444444444444446,0.0,0.0,0.0,0.0,0.022222222222222223,0.011111111111111112,0.0,0.0,0.0,0.06666666666666667,0.044444444444444446,0.03333333333333333,0.011111111111111112,0.0,0.0,0.0,0.03333333333333333,0.03333333333333333,0.0,0.0,0.1,0.03333333333333333,0.011111111111111112,0.011111111111111112,0.0,0.022222222222222223,0.011111111111111112,0.03333333333333333,0.03333333333333333,0.0,0.0,0.07777777777777778,0.14444444444444443,0.022222222222222223,0.022222222222222223,0.022222222222222223,0.011111111111111112,0.011111111111111112,0.022222222222222223,0.0,0.0,0.0,0.03333333333333333,0.022222222222222223,0.06666666666666667,0.044444444444444446,0.022222222222222223,0.011111111111111112,0.011111111111111112,0.011111111111111112,0.0,0.0,0.07777777777777778,0.15555555555555556,0.1111111111111111,0.022222222222222223,0.011111111111111112,0.03333333333333333,0.011111111111111112,0.022222222222222223,0.022222222222222223,0.0,0.0,0.0,0.0,0.13333333333333333,0.06666666666666667,0.15555555555555556,0.03333333333333333,0.022222222222222223,0.03333333333333333,0.022222222222222223,0.022222222222222223,0.0,0.0,0.03333333333333333,0.011111111111111112,0.011111111111111112,0.022222222222222223,0.011111111111111112,0.0,0.0,0.07777777777777778,0.03333333333333333,0.011111111111111112,0.08888888888888889,0.011111111111111112,0.0,0.0,0.022222222222222223,0.0,0.044444444444444446,0.0,0.0,0.0,0.0,0.0,0.07905514321310707
2058-04-01,0.02197802197802198,0.02197802197802198,0.02197802197802198,0.01098901098901099,0.0,0.0,0.08791208791208792,0.25274725274725274,0.054945054945054944,0.04395604395604396,0.06593406593406594,0.0989010989010989,0.10989010989010989,0.03296703296703297,0.2087912087912088,0.5824175824175825,0.3516483516483517,0.16483516483516483,0.054945054945054944,0.10989010989010989,0.16483516483516483,0.12087912087912088,0.03296703296703297,0.978021978021978,0.7032967032967034,0.32967032967032966,0.17582417582417584,0.0989010989010989,0.10989010989010989,0.13186813186813187,0.10989010989010989,0.02197802197802198,0.9010989010989011,0.7252747252747253,0.5604395604395604,0.3076923076923077,0.10989010989010989,0.10989010989010989,0.054945054945054944,0.02197802197802198,0.01098901098901099,0.6593406593406593,0.8681318681318682,0.6923076923076923,0.6153846153846154,0.5494505494505495,0.3516483516483517,0.15384615384615385,0.06593406593406594,0.02197802197802198,0.01098901098901099,0.3626373626373626,0.7692307692307693,0.7142857142857143,0.6483516483516484,0.5384615384615384,0.5054945054945055,0.14285714285714285,0.054945054945054944,0.03296703296703297,0.0,0.2087912087912088,0.5604395604395604,0.6373626373626373,0.6483516483516484,0.3956043956043956,0.5054945054945055,0.2087912087912088,0.054945054945054944,0.01098901098901099,0.0,0.03296703296703297,0.13186813186813187,0.3076923076923077,0.32967032967032966,0.34065934065934067,0.4175824175824176,0.37362637362637363,0.17582417582417584,0.06593406593406594,0.0,0.0,0.02197802197802198,0.0989010989010989,0.23076923076923078,0.3956043956043956,0.2087912087912088,0.18681318681318682,0.13186813186813187,0.07692307692307693,0.054945054945054944,0.0,0.0,0.13186813186813187,0.06593406593406594,0.0989010989010989,0.10989010989010989,0.08791208791208792,0.10989010989010989,0.07692307692307693,0.10989010989010989,0.04395604395604396,0.02197802197802198,0.0,0.0,0.0,0.12087912087912088,0.16483516483516483,0.17582417582417584,0.25274725274725274,0.16483516483516483,0.054945054945054944,0.06593406593406594,0.13186813186813187,0.08791208791208792,0.02197802197802198,0.03296703296703297,0.0,0.0,0.18681318681318682,0.1978021978021978,0.32967032967032966,0.1978021978021978,0.2087912087912088,0.23076923076923078,0.2087912087912088,0.16483516483516483,0.0989010989010989,0.02197802197802198,0.0,0.0,0.12087912087912088,0.17582417582417584,0.18681318681318682,0.18681318681318682,0.12087912087912088,0.21978021978021978,0.21978021978021978,0.2087912087912088,0.15384615384615385,0.02197802197802198,0.0,0.18681318681318682,0.24175824175824176,0.12087912087912088,0.17582417582417584,0.1978021978021978,0.5054945054945055,0.38461538461538464,0.2857142857142857,0.14285714285714285,0.04395604395604396,0.01098901098901099,0.08791208791208792,0.15384615384615385,0.26373626373626374,0.1978021978021978,0.4835164835164835,0.5714285714285714,0.4945054945054945,0.4175824175824176,0.25274725274725274,0.0989010989010989,0.03296703296703297,0.08791208791208792,0.0989010989010989,0.4175824175824176,0.5164835164835165,0.37362637362637363,0.5274725274725275,0.4725274725274725,0.38461538461538464,0.2087912087912088,0.08791208791208792,0.04395604395604396,0.07692307692307693,0.15384615384615385,0.1978021978021978,0.14285714285714285,0.38461538461538464,0.3626373626373626,0.3516483516483517,0.5274725274725275,0.46153846153846156,0.3956043956043956,0.2857142857142857,0.08791208791208792,0.06593406593406594,0.07692307692307693,0.12087912087912088,0.18681318681318682,0.3076923076923077,0.3516483516483517,0.46153846153846156,0.46153846153846156,0.4725274725274725,0.37362637362637363,0.2967032967032967,0.18681318681318682,0.2967032967032967,0.4945054945054945,0.38461538461538464,0.24175824175824176,0.18681318681318682,0.18681318681318682,0.3076923076923077,0.4065934065934066,0.46153846153846156,0.2857142857142857,0.1978021978021978,0.37362637362637363,0.27472527472527475,0.17582417582417584,0.3626373626373626,0.23076923076923078,0.0989010989010989,0.03296703296703297,0.03296703296703297,0.02197802197802198,0.356755477207991
2058-07-01,0.021739130434782608,0.0,0.021739130434782608,0.010869565217391304,0.0,0.0,0.05434782608695652,0.391304347826087,0.09782608695652174,0.03260869565217391,0.021739130434782608,0.043478260869565216,0.043478260869565216,0.010869565217391304,0.34782608695652173,0.8586956521739131,0.44565217391304346,0.15217391304347827,0.05434782608695652,0.043478260869565216,0.05434782608695652,0.043478260869565216,0.010869565217391304,1.0,0.8804347826086957,0.21739130434782608,0.05434782608695652,0.06521739130434782,0.021739130434782608,0.05434782608695652,0.05434782608695652,0.043478260869565216,0.967391304347826,0.717391304347826,0.2826086956521739,0.11956521739130435,0.021739130434782608,0.03260869565217391,0.21739130434782608,0.25,0.03260869565217391,0.6413043478260869,0.8369565217391305,0.30434782608695654,0.22826086956521738,0.21739130434782608,0.21739130434782608,0.07608695652173914,0.05434782608695652,0.021739130434782608,0.010869565217391304,0.42391304347826086,0.4891304347826087,0.2717391304347826,0.391304347826087,0.2717391304347826,0.32608695652173914,0.09782608695652174,0.03260869565217391,0.05434782608695652,0.010869565217391304,0.21739130434782608,0.20652173913043478,0.2391304347826087,0.3804347826086957,0.15217391304347827,0.358695652173913,0.14130434782608695,0.13043478260869565,0.07608695652173914,0.0,0.0,0.0,0.021739130434782608,0.18478260869565216,0.13043478260869565,0.3804347826086957,0.40217391304347827,0.2608695652173913,0.16304347826086957,0.10869565217391304,0.021739130434782608,0.010869565217391304,0.0,0.021739130434782608,0.391304347826087,0.33695652173913043,0.31521739130434784,0.34782608695652173,0.2608695652173913,0.14130434782608695,0.13043478260869565,0.07608695652173914,0.010869565217391304,0.043478260869565216,0.043478260869565216,0.06521739130434782,0.03260869565217391,0.1956521739130435,0.2391304347826087,0.20652173913043478,0.2391304347826087,0.21739130434782608,0.15217391304347827,0.14130434782608695,0.11956521739130435,0.03260869565217391,0.043478260869565216,0.07608695652173914,0.22826086956521738,0.21739130434782608,0.31521739130434784,0.4673913043478261,0.5217391304347826,0.5,0.31521739130434784,0.2391304347826087,0.1956521739130435,0.13043478260869565,0.16304347826086957,0.391304347826087,0.5,0.5217391304347826,0.5978260869565217,0.6956521739130435,0.6739130434782609,0.4673913043478261,0.30434782608695654,0.13043478260869565,0.043478260869565216,0.021739130434782608,0.09782608695652174,0.29347826086956524,0.41304347826086957,0.5,0.43478260869565216,0.5760869565217391,0.6195652173913043,0.5108695652173914,0.45652173913043476,0.22826086956521738,0.043478260869565216,0.16304347826086957,0.29347826086956524,0.29347826086956524,0.4673913043478261,0.5,0.8804347826086957,0.7934782608695652,0.6413043478260869,0.43478260869565216,0.13043478260869565,0.05434782608695652,0.11956521739130435,0.29347826086956524,0.5217391304347826,0.43478260869565216,0.782608695652174,0.8913043478260869,0.8478260869565217,0.7934782608695652,0.6304347826086957,0.25,0.08695652173913043,0.14130434782608695,0.1956521739130435,0.7391304347826086,0.7282608695652174,0.5434782608695652,0.8478260869565217,0.8260869565217391,0.75,0.4891304347826087,0.22826086956521738,0.010869565217391304,0.03260869565217391,0.14130434782608695,0.25,0.14130434782608695,0.5543478260869565,0.4891304347826087,0.44565217391304346,0.8152173913043478,0.8152173913043478,0.8043478260869565,0.6630434782608695,0.29347826086956524,0.03260869565217391,0.08695652173913043,0.07608695652173914,0.13043478260869565,0.40217391304347827,0.43478260869565216,0.4891304347826087,0.6630434782608695,0.8478260869565217,0.7717391304347826,0.33695652173913043,0.2717391304347826,0.40217391304347827,0.6847826086956522,0.7717391304347826,0.5217391304347826,0.42391304347826086,0.1956521739130435,0.33695652173913043,0.45652173913043476,0.7717391304347826,0.5760869565217391,0.3695652173913043,0.5652173913043478,0.5217391304347826,0.25,0.33695652173913043,0.3695652173913043,0.18478260869565216,0.08695652173913043,0.06521739130434782,0.043478260869565216,0.5327511259764826
2058-10-01,0.021739130434782608,0.0,0.0,0.0,0.0,0.0,0.05434782608695652,0.14130434782608695,0.021739130434782608,0.0,0.0,0.0,0.0,0.0,0.44565217391304346,0.20652173913043478,0.05434782608695652,0.010869565217391304,0.0,0.0,0.0,0.0,0.0,0.75,0.2608695652173913,0.021739130434782608,0.010869565217391304,0.0,0.0,0.0,0.0,0.0,0.6521739130434783,0.3695652173913043,0.05434782608695652,0.0,0.0,0.0,0.0,0.0,0.0,0.021739130434782608,0.17391304347826086,0.05434782608695652,0.0,0.010869565217391304,0.010869565217391304,0.0,0.0,0.0,0.0,0.0,0.043478260869565216,0.021739130434782608,0.0,0.0,0.0,0.0,0.0,0.0,0.0,0.0,0.010869565217391304,0.0,0.0,0.0,0.0,0.0,0.0,0.0,0.0,0.010869565217391304,0.0,0.0,0.0,0.0,0.0,0.0,0.0,0.0,0.0,0.0,0.05434782608695652,0.0,0.0,0.0,0.0,0.0,0.0,0.0,0.0,0.0,0.0,0.021739130434782608,0.07608695652173914,0.17391304347826086,0.08695652173913043,0.0,0.010869565217391304,0.010869565217391304,0.010869565217391304,0.0,0.0,0.0,0.0,0.0,0.06521739130434782,0.18478260869565216,0.2826086956521739,0.2608695652173913,0.15217391304347827,0.10869565217391304,0.043478260869565216,0.010869565217391304,0.0,0.0,0.0,0.0,0.0,0.29347826086956524,0.2391304347826087,0.2391304347826087,0.16304347826086957,0.09782608695652174,0.07608695652173914,0.03260869565217391,0.03260869565217391,0.010869565217391304,0.0,0.0,0.0,0.16304347826086957,0.21739130434782608,0.1956521739130435,0.13043478260869565,0.043478260869565216,0.010869565217391304,0.021739130434782608,0.043478260869565216,0.05434782608695652,0.0,0.0,0.18478260869565216,0.15217391304347827,0.13043478260869565,0.14130434782608695,0.08695652173913043,0.07608695652173914,0.05434782608695652,0.05434782608695652,0.021739130434782608,0.0,0.0,0.14130434782608695,0.18478260869565216,0.1956521739130435,0.17391304347826086,0.25,0.10869565217391304,0.08695652173913043,0.06521739130434782,0.021739130434782608,0.0,0.0,0.06521739130434782,0.14130434782608695,0.2826086956521739,0.2826086956521739,0.4782608695652174,0.22826086956521738,0.09782608695652174,0.07608695652173914,0.021739130434782608,0.0,0.0,0.043478260869565216,0.043478260869565216,0.05434782608695652,0.05434782608695652,0.14130434782608695,0.14130434782608695,0.22826086956521738,0.09782608695652174,0.03260869565217391,0.06521739130434782,0.043478260869565216,0.010869565217391304,0.010869565217391304,0.010869565217391304,0.043478260869565216,0.13043478260869565,0.09782608695652174,0.03260869565217391,0.03260869565217391,0.021739130434782608,0.043478260869565216,0.043478260869565216,0.07608695652173914,0.0,0.03260869565217391,0.21739130434782608,0.06521739130434782,0.03260869565217391,0.03260869565217391,0.021739130434782608,0.021739130434782608,0.010869565217391304,0.17391304347826086,0.05434782608695652,0.03260869565217391,0.05434782608695652,0.06521739130434782,0.03260869565217391,0.010869565217391304,0.03260869565217391,0.03260869565217391,0.021739130434782608,0.03260869565217391,0.0,0.13606802106838414
2059-01-01,0.06666666666666667,0.06666666666666667,0.05555555555555555,0.1,0.06666666666666667,0.06666666666666667,0.15555555555555556,0.07777777777777778,0.03333333333333333,0.0,0.011111111111111112,0.011111111111111112,0.011111111111111112,0.011111111111111112,0.5333333333333333,0.2222222222222222,0.1111111111111111,0.1,0.08888888888888889,0.022222222222222223,0.022222222222222223,0.0,0.011111111111111112,0.7444444444444445,0.4,0.12222222222222222,0.07777777777777778,0.1111111111111111,0.07777777777777778,0.022222222222222223,0.011111111111111112,0.022222222222222223,0.7666666666666667,0.5333333333333333,0.17777777777777778,0.15555555555555556,0.12222222222222222,0.14444444444444443,0.1111111111111111,0.044444444444444446,0.011111111111111112,0.13333333333333333,0.25555555555555554,0.18888888888888888,0.18888888888888888,0.2111111111111111,0.1111111111111111,0.23333333333333334,0.14444444444444443,0.1,0.011111111111111112,0.06666666666666667,0.16666666666666666,0.2222222222222222,0.2,0.25555555555555554,0.2222222222222222,0.26666666666666666,0.16666666666666666,0.06666666666666667,0.011111111111111112,0.06666666666666667,0.1111111111111111,0.17777777777777778,0.23333333333333334,0.3111111111111111,0.3111111111111111,0.23333333333333334,0.08888888888888889,0.044444444444444446,0.011111111111111112,0.011111111111111112,0.06666666666666667,0.08888888888888889,0.13333333333333333,0.16666666666666666,0.23333333333333334,0.24444444444444444,0.08888888888888889,0.044444444444444446,0.022222222222222223,0.011111111111111112,0.011111111111111112,0.03333333333333333,0.08888888888888889,0.06666666666666667,0.07777777777777778,0.06666666666666667,0.1,0.022222222222222223,0.011111111111111112,0.022222222222222223,0.011111111111111112,0.0,0.0,0.03333333333333333,0.044444444444444446,0.03333333333333333,0.044444444444444446,0.0,0.0,0.011111111111111112,0.011111111111111112,0.011111111111111112,0.0,0.011111111111111112,0.03333333333333333,0.05555555555555555,0.06666666666666667,0.06666666666666667,0.03333333333333333,0.03333333333333333,0.0,0.0,0.0,0.0,0.011111111111111112,0.0,0.0,0.07777777777777778,0.07777777777777778,0.044444444444444446,0.011111111111111112,0.011111111111111112,0.0,0.0,0.0,0.011111111111111112,0.0,0.0,0.011111111111111112,0.08888888888888889,0.05555555555555555,0.022222222222222223,0.0,0.0,0.0,0.0,0.0,0.0,0.0,0.0,0.14444444444444443,0.08888888888888889,0.011111111111111112,0.022222222222222223,0.0,0.0,0.011111111111111112,0.011111111111111112,0.0,0.0,0.0,0.12222222222222222,0.2777777777777778,0.07777777777777778,0.044444444444444446,0.022222222222222223,0.0,0.03333333333333333,0.011111111111111112,0.0,0.0,0.0,0.05555555555555555,0.044444444444444446,0.14444444444444443,0.1111111111111111,0.03333333333333333,0.0,0.022222222222222223,0.011111111111111112,0.0,0.0,0.0,0.06666666666666667,0.14444444444444443,0.07777777777777778,0.022222222222222223,0.06666666666666667,0.011111111111111112,0.0,0.0,0.0,0.011111111111111112,0.0,0.0,0.03333333333333333,0.011111111111111112,0.0,0.06666666666666667,0.05555555555555555,0.0,0.0,0.0,0.0,0.0,0.05555555555555555,0.0,0.0,0.011111111111111112,0.022222222222222223,0.011111111111111112,0.0,0.03333333333333333,0.03333333333333333,0.011111111111111112,0.1,0.011111111111111112,0.0,0.0,0.011111111111111112,0.0,0.044444444444444446,0.0,0.0,0.0,0.0,0.0,0.08805310966021063
2059-04-01,0.0,0.0,0.0,0.0,0.0,0.0,0.07692307692307693,0.21978021978021978,0.02197802197802198,0.01098901098901099,0.04395604395604396,0.04395604395604396,0.07692307692307693,0.01098901098901099,0.32967032967032966,0.6593406593406593,0.4175824175824176,0.1978021978021978,0.12087912087912088,0.10989010989010989,0.0989010989010989,0.0989010989010989,0.0,0.978021978021978,0.7362637362637363,0.3516483516483517,0.25274725274725274,0.15384615384615385,0.13186813186813187,0.10989010989010989,0.10989010989010989,0.03296703296703297,0.978021978021978,0.8241758241758241,0.5164835164835165,0.32967032967032966,0.18681318681318682,0.15384615384615385,0.0989010989010989,0.054945054945054944,0.02197802197802198,0.7252747252747253,0.9340659340659341,0.6813186813186813,0.5164835164835165,0.4065934065934066,0.42857142857142855,0.25274725274725274,0.13186813186813187,0.06593406593406594,0.03296703296703297,0.4945054945054945,0.7362637362637363,0.5824175824175825,0.5604395604395604,0.42857142857142855,0.46153846153846156,0.2967032967032967,0.12087912087912088,0.07692307692307693,0.04395604395604396,0.26373626373626374,0.5934065934065934,0.4945054945054945,0.4725274725274725,0.31868131868131866,0.37362637362637363,0.23076923076923078,0.13186813186813187,0.07692307692307693,0.01098901098901099,0.08791208791208792,0.1978021978021978,0.3516483516483517,0.3516483516483517,0.3516483516483517,0.4945054945054945,0.3956043956043956,0.18681318681318682,0.07692307692307693,0.06593406593406594,0.02197802197802198,0.0989010989010989,0.15384615384615385,0.21978021978021978,0.5274725274725275,0.26373626373626374,0.23076923076923078,0.21978021978021978,0.08791208791208792,0.03296703296703297,0.054945054945054944,0.02197802197802198,0.23076923076923078,0.18681318681318682,0.18681318681318682,0.12087912087912088,0.13186813186813187,0.18681318681318682,0.17582417582417584,0.16483516483516483,0.10989010989010989,0.054945054945054944,0.04395604395604396,0.08791208791208792,0.01098901098901099,0.2087912087912088,0.23076923076923078,0.26373626373626374,0.31868131868131866,0.17582417582417584,0.15384615384615385,0.17582417582417584,0.18681318681318682,0.15384615384615385,0.08791208791208792,0.07692307692307693,0.06593406593406594,0.04395604395604396,0.2857142857142857,0.26373626373626374,0.32967032967032966,0.24175824175824176,0.27472527472527475,0.37362637362637363,0.21978021978021978,0.18681318681318682,0.12087912087912088,0.06593406593406594,0.04395604395604396,0.02197802197802198,0.23076923076923078,0.23076923076923078,0.18681318681318682,0.2087912087912088,0.16483516483516483,0.32967032967032966,0.24175824175824176,0.17582417582417584,0.15384615384615385,0.08791208791208792,0.02197802197802198,0.2967032967032967,0.31868131868131866,0.18681318681318682,0.2857142857142857,0.23076923076923078,0.45054945054945056,0.34065934065934067,0.21978021978021978,0.13186813186813187,0.12087912087912088,0.02197802197802198,0.27472527472527475,0.23076923076923078,0.2967032967032967,0.26373626373626374,0.4835164835164835,0.4945054945054945,0.4175824175824176,0.32967032967032966,0.2087912087912088,0.08791208791208792,0.03296703296703297,0.16483516483516483,0.25274725274725274,0.45054945054945056,0.5934065934065934,0.3956043956043956,0.4835164835164835,0.3516483516483517,0.26373626373626374,0.17582417582417584,0.08791208791208792,0.15384615384615385,0.18681318681318682,0.23076923076923078,0.2087912087912088,0.17582417582417584,0.43956043956043955,0.43956043956043955,0.38461538461538464,0.4835164835164835,0.37362637362637363,0.2967032967032967,0.23076923076923078,0.13186813186813187,0.16483516483516483,0.16483516483516483,0.10989010989010989,0.26373626373626374,0.43956043956043955,0.4065934065934066,0.43956043956043955,0.37362637362637363,0.4065934065934066,0.2857142857142857,0.4065934065934066,0.1978021978021978,0.2967032967032967,0.3956043956043956,0.2967032967032967,0.15384615384615385,0.17582417582417584,0.16483516483516483,0.3516483516483517,0.3076923076923077,0.34065934065934067,0.2087912087912088,0.15384615384615385,0.3076923076923077,0.24175824175824176,0.12087912087912088,0.2857142857142857,0.17582417582417584,0.10989010989010989,0.07692307692307693,0.06593406593406594,0.03296703296703297,0.34404678443006304
2059-07-01,0.0,0.0,0.0,0.0,0.0,0.0,0.05434782608695652,0.40217391304347827,0.06521739130434782,0.021739130434782608,0.03260869565217391,0.03260869565217391,0.03260869565217391,0.0,0.358695652173913,0.9021739130434783,0.5,0.09782608695652174,0.021739130434782608,0.03260869565217391,0.043478260869565216,0.03260869565217391,0.0,1.0,0.9239130434782609,0.15217391304347827,0.043478260869565216,0.021739130434782608,0.043478260869565216,0.043478260869565216,0.021739130434782608,0.0,0.9456521739130435,0.8804347826086957,0.4782608695652174,0.06521739130434782,0.0,0.021739130434782608,0.14130434782608695,0.21739130434782608,0.010869565217391304,0.5869565217391305,0.8369565217391305,0.4891304347826087,0.391304347826087,0.25,0.14130434782608695,0.03260869565217391,0.0,0.0,0.0,0.391304347826087,0.5217391304347826,0.40217391304347827,0.4782608695652174,0.2391304347826087,0.30434782608695654,0.05434782608695652,0.010869565217391304,0.0,0.0,0.13043478260869565,0.30434782608695654,0.34782608695652173,0.5217391304347826,0.13043478260869565,0.34782608695652173,0.14130434782608695,0.08695652173913043,0.010869565217391304,0.0,0.0,0.010869565217391304,0.07608695652173914,0.32608695652173914,0.2391304347826087,0.6195652173913043,0.4782608695652174,0.358695652173913,0.07608695652173914,0.03260869565217391,0.0,0.010869565217391304,0.03260869565217391,0.043478260869565216,0.5652173913043478,0.32608695652173914,0.22826086956521738,0.358695652173913,0.1956521739130435,0.10869565217391304,0.05434782608695652,0.010869565217391304,0.0,0.0,0.08695652173913043,0.13043478260869565,0.07608695652173914,0.25,0.1956521739130435,0.22826086956521738,0.3695652173913043,0.18478260869565216,0.15217391304347827,0.08695652173913043,0.043478260869565216,0.0,0.010869565217391304,0.13043478260869565,0.20652173913043478,0.21739130434782608,0.3804347826086957,0.45652173913043476,0.45652173913043476,0.44565217391304346,0.29347826086956524,0.18478260869565216,0.11956521739130435,0.08695652173913043,0.17391304347826086,0.30434782608695654,0.4673913043478261,0.5,0.6304347826086957,0.717391304347826,0.6521739130434783,0.391304347826087,0.2608695652173913,0.08695652173913043,0.05434782608695652,0.010869565217391304,0.08695652173913043,0.31521739130434784,0.43478260869565216,0.532608695652174,0.5,0.5978260869565217,0.6304347826086957,0.5,0.45652173913043476,0.18478260869565216,0.043478260869565216,0.11956521739130435,0.25,0.30434782608695654,0.5543478260869565,0.5869565217391305,0.8478260869565217,0.7282608695652174,0.6521739130434783,0.41304347826086957,0.21739130434782608,0.05434782608695652,0.14130434782608695,0.2608695652173913,0.4891304347826087,0.4782608695652174,0.9239130434782609,0.8913043478260869,0.8043478260869565,0.7608695652173914,0.5108695652173914,0.2826086956521739,0.10869565217391304,0.08695652173913043,0.14130434782608695,0.782608695652174,0.7717391304347826,0.5543478260869565,0.8478260869565217,0.75,0.7065217391304348,0.42391304347826086,0.2391304347826087,0.021739130434782608,0.021739130434782608,0.07608695652173914,0.18478260869565216,0.16304347826086957,0.5652173913043478,0.4673913043478261,0.3695652173913043,0.8043478260869565,0.782608695652174,0.782608695652174,0.5652173913043478,0.31521739130434784,0.03260869565217391,0.021739130434782608,0.05434782608695652,0.20652173913043478,0.3804347826086957,0.31521739130434784,0.42391304347826086,0.5543478260869565,0.8260869565217391,0.717391304347826,0.2608695652173913,0.09782608695652174,0.2717391304347826,0.5760869565217391,0.6630434782608695,0.5,0.43478260869565216,0.10869565217391304,0.20652173913043478,0.29347826086956524,0.6739130434782609,0.5108695652173914,0.34782608695652173,0.4782608695652174,0.4673913043478261,0.29347826086956524,0.25,0.32608695652173914,0.17391304347826086,0.09782608695652174,0.03260869565217391,0.010869565217391304,0.5069923361232269
2059-10-01,0.021739130434782608,0.0,0.0,0.0,0.0,0.0,0.1956521739130435,0.15217391304347827,0.07608695652173914,0.021739130434782608,0.010869565217391304,0.0,0.0,0.0,0.4673913043478261,0.2391304347826087,0.10869565217391304,0.06521739130434782,0.021739130434782608,0.021739130434782608,0.010869565217391304,0.010869565217391304,0.0,0.7934782608695652,0.2391304347826087,0.06521739130434782,0.05434782608695652,0.010869565217391304,0.010869565217391304,0.010869565217391304,0.010869565217391304,0.0,0.7391304347826086,0.41304347826086957,0.03260869565217391,0.021739130434782608,0.021739130434782608,0.0,0.010869565217391304,0.0,0.0,0.03260869565217391,0.11956521739130435,0.043478260869565216,0.010869565217391304,0.0,0.021739130434782608,0.0,0.0,0.0,0.0,0.0,0.010869565217391304,0.0,0.0,0.0,0.0,0.0,0.0,0.0,0.0,0.0,0.0,0.0,0.0,0.0,0.0,0.0,0.0,0.0,0.0,0.0,0.0,0.0,0.0,0.0,0.010869565217391304,0.0,0.0,0.0,0.0,0.0,0.0,0.0,0.0,0.010869565217391304,0.0,0.0,0.0,0.0,0.0,0.0,0.0,0.010869565217391304,0.021739130434782608,0.07608695652173914,0.03260869565217391,0.0,0.021739130434782608,0.0,0.0,0.0,0.0,0.0,0.0,0.0,0.08695652173913043,0.14130434782608695,0.11956521739130435,0.11956521739130435,0.043478260869565216,0.07608695652173914,0.03260869565217391,0.010869565217391304,0.0,0.0,0.0,0.0,0.0,0.11956521739130435,0.13043478260869565,0.11956521739130435,0.08695652173913043,0.06521739130434782,0.05434782608695652,0.043478260869565216,0.010869565217391304,0.021739130434782608,0.010869565217391304,0.0,0.0,0.043478260869565216,0.10869565217391304,0.05434782608695652,0.07608695652173914,0.05434782608695652,0.06521739130434782,0.043478260869565216,0.043478260869565216,0.05434782608695652,0.03260869565217391,0.0,0.021739130434782608,0.06521739130434782,0.03260869565217391,0.07608695652173914,0.07608695652173914,0.11956521739130435,0.08695652173913043,0.08695652173913043,0.07608695652173914,0.03260869565217391,0.010869565217391304,0.010869565217391304,0.043478260869565216,0.09782608695652174,0.07608695652173914,0.1956521739130435,0.14130434782608695,0.13043478260869565,0.14130434782608695,0.07608695652173914,0.043478260869565216,0.03260869565217391,0.021739130434782608,0.03260869565217391,0.11956521739130435,0.17391304347826086,0.44565217391304346,0.30434782608695654,0.14130434782608695,0.14130434782608695,0.06521739130434782,0.043478260869565216,0.0,0.0,0.0,0.0,0.0,0.021739130434782608,0.13043478260869565,0.16304347826086957,0.13043478260869565,0.10869565217391304,0.16304347826086957,0.06521739130434782,0.05434782608695652,0.0,0.0,0.0,0.010869565217391304,0.0,0.0,0.010869565217391304,0.05434782608695652,0.07608695652173914,0.11956521739130435,0.0,0.0,0.021739130434782608,0.25,0.09782608695652174,0.11956521739130435,0.07608695652173914,0.0,0.0,0.05434782608695652,0.1956521739130435,0.10869565217391304,0.10869565217391304,0.07608695652173914,0.11956521739130435,0.09782608695652174,0.0,0.05434782608695652,0.03260869565217391,0.0,0.0,0.0,0.13446430569907536
2060-01-01,0.08888888888888889,0.1111111111111111,0.1,0.07777777777777778,0.03333333333333333,0.022222222222222223,0.23333333333333334,0.06666666666666667,0.03333333333333333,0.044444444444444446,0.05555555555555555,0.05555555555555555,0.03333333333333333,0.03333333333333333,0.5,0.2222222222222222,0.05555555555555555,0.05555555555555555,0.05555555555555555,0.044444444444444446,0.022222222222222223,0.011111111111111112,0.011111111111111112,0.6777777777777778,0.37777777777777777,0.08888888888888889,0.07777777777777778,0.06666666666666667,0.06666666666666667,0.022222222222222223,0.011111111111111112,0.011111111111111112,0.7666666666666667,0.5555555555555556,0.16666666666666666,0.1111111111111111,0.1,0.08888888888888889,0.022222222222222223,0.011111111111111112,0.011111111111111112,0.25555555555555554,0.3111111111111111,0.3,0.2777777777777778,0.17777777777777778,0.07777777777777778,0.1111111111111111,0.1,0.011111111111111112,0.0,0.13333333333333333,0.3111111111111111,0.3,0.3,0.24444444444444444,0.16666666666666666,0.12222222222222222,0.13333333333333333,0.011111111111111112,0.0,0.12222222222222222,0.24444444444444444,0.26666666666666666,0.28888888888888886,0.23333333333333334,0.2,0.2,0.08888888888888889,0.011111111111111112,0.022222222222222223,0.03333333333333333,0.07777777777777778,0.17777777777777778,0.2111111111111111,0.2,0.15555555555555556,0.17777777777777778,0.13333333333333333,0.06666666666666667,0.022222222222222223,0.0,0.011111111111111112,0.07777777777777778,0.1111111111111111,0.1111111111111111,0.07777777777777778,0.1,0.08888888888888889,0.1111111111111111,0.05555555555555555,0.011111111111111112,0.011111111111111112,0.011111111111111112,0.0,0.011111111111111112,0.0,0.05555555555555555,0.044444444444444446,0.03333333333333333,0.03333333333333333,0.044444444444444446,0.06666666666666667,0.022222222222222223,0.0,0.0,0.0,0.0,0.011111111111111112,0.022222222222222223,0.011111111111111112,0.011111111111111112,0.044444444444444446,0.011111111111111112,0.03333333333333333,0.044444444444444446,0.022222222222222223,0.022222222222222223,0.011111111111111112,0.011111111111111112,0.022222222222222223,0.011111111111111112,0.011111111111111112,0.0,0.0,0.011111111111111112,0.044444444444444446,0.022222222222222223,0.022222222222222223,0.011111111111111112,0.011111111111111112,0.011111111111111112,0.022222222222222223,0.011111111111111112,0.0,0.0,0.0,0.011111111111111112,0.03333333333333333,0.044444444444444446,0.011111111111111112,0.011111111111111112,0.07777777777777778,0.011111111111111112,0.011111111111111112,0.011111111111111112,0.011111111111111112,0.044444444444444446,0.03333333333333333,0.044444444444444446,0.044444444444444446,0.03333333333333333,0.011111111111111112,0.08888888888888889,0.1111111111111111,0.011111111111111112,0.022222222222222223,0.011111111111111112,0.011111111111111112,0.05555555555555555,0.03333333333333333,0.03333333333333333,0.044444444444444446,0.03333333333333333,0.044444444444444446,0.011111111111111112,0.022222222222222223,0.022222222222222223,0.0,0.011111111111111112,0.06666666666666667,0.044444444444444446,0.022222222222222223,0.03333333333333333,0.044444444444444446,0.07777777777777778,0.1,0.06666666666666667,0.0,0.011111111111111112,0.011111111111111112,0.011111111111111112,0.0,0.0,0.0,0.022222222222222223,0.011111111111111112,0.06666666666666667,0.05555555555555555,0.06666666666666667,0.1111111111111111,0.011111111111111112,0.0,0.0,0.0,0.0,0.0,0.06666666666666667,0.0,0.0,0.011111111111111112,0.0,0.0,0.011111111111111112,0.07777777777777778,0.03333333333333333,0.011111111111111112,0.06666666666666667,0.0,0.011111111111111112,0.0,0.0,0.011111111111111112,0.07777777777777778,0.022222222222222223,0.011111111111111112,0.0,0.022222222222222223,0.0,0.077169725202937
2060-04-01,0.03296703296703297,0.02197802197802198,0.01098901098901099,0.02197802197802198,0.06593406593406594,0.03296703296703297,0.2857142857142857,0.46153846153846156,0.10989010989010989,0.04395604395604396,0.03296703296703297,0.04395604395604396,0.07692307692307693,0.03296703296703297,0.4065934065934066,0.5604395604395604,0.4065934065934066,0.25274725274725274,0.17582417582417584,0.12087912087912088,0.0989010989010989,0.06593406593406594,0.02197802197802198,0.978021978021978,0.6813186813186813,0.3516483516483517,0.26373626373626374,0.26373626373626374,0.1978021978021978,0.14285714285714285,0.07692307692307693,0.01098901098901099,0.9340659340659341,0.7472527472527473,0.43956043956043955,0.2967032967032967,0.24175824175824176,0.1978021978021978,0.15384615384615385,0.08791208791208792,0.03296703296703297,0.6703296703296703,0.9230769230769231,0.7142857142857143,0.5934065934065934,0.46153846153846156,0.32967032967032966,0.18681318681318682,0.16483516483516483,0.12087912087912088,0.03296703296703297,0.5054945054945055,0.7362637362637363,0.6373626373626373,0.5274725274725275,0.43956043956043955,0.32967032967032966,0.21978021978021978,0.14285714285714285,0.08791208791208792,0.04395604395604396,0.46153846153846156,0.5494505494505495,0.5384615384615384,0.5384615384615384,0.37362637362637363,0.3076923076923077,0.18681318681318682,0.08791208791208792,0.06593406593406594,0.03296703296703297,0.16483516483516483,0.31868131868131866,0.45054945054945056,0.4725274725274725,0.43956043956043955,0.45054945054945056,0.3516483516483517,0.17582417582417584,0.08791208791208792,0.03296703296703297,0.02197802197802198,0.12087912087912088,0.26373626373626374,0.3076923076923077,0.46153846153846156,0.25274725274725274,0.26373626373626374,0.24175824175824176,0.0989010989010989,0.0,0.01098901098901099,0.02197802197802198,0.07692307692307693,0.14285714285714285,0.14285714285714285,0.13186813186813187,0.16483516483516483,0.17582417582417584,0.14285714285714285,0.15384615384615385,0.12087912087912088,0.02197802197802198,0.02197802197802198,0.02197802197802198,0.02197802197802198,0.10989010989010989,0.13186813186813187,0.26373626373626374,0.2857142857142857,0.18681318681318682,0.18681318681318682,0.18681318681318682,0.15384615384615385,0.0989010989010989,0.07692307692307693,0.08791208791208792,0.03296703296703297,0.01098901098901099,0.31868131868131866,0.2967032967032967,0.37362637362637363,0.26373626373626374,0.21978021978021978,0.2967032967032967,0.14285714285714285,0.12087912087912088,0.0989010989010989,0.07692307692307693,0.02197802197802198,0.02197802197802198,0.1978021978021978,0.2857142857142857,0.2857142857142857,0.24175824175824176,0.16483516483516483,0.2087912087912088,0.10989010989010989,0.12087912087912088,0.13186813186813187,0.08791208791208792,0.04395604395604396,0.3076923076923077,0.32967032967032966,0.1978021978021978,0.26373626373626374,0.31868131868131866,0.4065934065934066,0.27472527472527475,0.2087912087912088,0.15384615384615385,0.12087912087912088,0.04395604395604396,0.2857142857142857,0.3076923076923077,0.38461538461538464,0.34065934065934067,0.5604395604395604,0.5384615384615384,0.4175824175824176,0.32967032967032966,0.21978021978021978,0.07692307692307693,0.054945054945054944,0.24175824175824176,0.16483516483516483,0.5054945054945055,0.5384615384615384,0.43956043956043955,0.5604395604395604,0.3956043956043956,0.25274725274725274,0.15384615384615385,0.07692307692307693,0.07692307692307693,0.14285714285714285,0.21978021978021978,0.27472527472527475,0.14285714285714285,0.3956043956043956,0.42857142857142855,0.42857142857142855,0.6043956043956044,0.4065934065934066,0.3626373626373626,0.2857142857142857,0.10989010989010989,0.0989010989010989,0.12087912087912088,0.17582417582417584,0.31868131868131866,0.43956043956043955,0.43956043956043955,0.5824175824175825,0.5164835164835165,0.43956043956043955,0.37362637362637363,0.3516483516483517,0.3076923076923077,0.4065934065934066,0.6043956043956044,0.42857142857142855,0.3516483516483517,0.17582417582417584,0.27472527472527475,0.3626373626373626,0.45054945054945056,0.46153846153846156,0.2857142857142857,0.12087912087912088,0.3516483516483517,0.25274725274725274,0.10989010989010989,0.2967032967032967,0.21978021978021978,0.0989010989010989,0.03296703296703297,0.04395604395604396,0.03296703296703297,0.38045901948924143
2060-07-01,0.0,0.010869565217391304,0.021739130434782608,0.03260869565217391,0.03260869565217391,0.0,0.14130434782608695,0.6304347826086957,0.16304347826086957,0.06521739130434782,0.043478260869565216,0.05434782608695652,0.09782608695652174,0.03260869565217391,0.5434782608695652,0.9782608695652174,0.6195652173913043,0.1956521739130435,0.10869565217391304,0.07608695652173914,0.10869565217391304,0.07608695652173914,0.0,1.0,0.9782608695652174,0.20652173913043478,0.07608695652173914,0.05434782608695652,0.05434782608695652,0.07608695652173914,0.05434782608695652,0.010869565217391304,0.9891304347826086,0.8586956521739131,0.40217391304347827,0.043478260869565216,0.010869565217391304,0.021739130434782608,0.14130434782608695,0.18478260869565216,0.043478260869565216,0.5652173913043478,0.8369565217391305,0.5760869565217391,0.3804347826086957,0.31521739130434784,0.2608695652173913,0.021739130434782608,0.010869565217391304,0.0,0.010869565217391304,0.32608695652173914,0.45652173913043476,0.43478260869565216,0.3804347826086957,0.22826086956521738,0.3804347826086957,0.06521739130434782,0.010869565217391304,0.0,0.010869565217391304,0.10869565217391304,0.22826086956521738,0.22826086956521738,0.15217391304347827,0.07608695652173914,0.31521739130434784,0.11956521739130435,0.09782608695652174,0.021739130434782608,0.0,0.0,0.010869565217391304,0.043478260869565216,0.16304347826086957,0.09782608695652174,0.1956521739130435,0.32608695652173914,0.2391304347826087,0.03260869565217391,0.03260869565217391,0.021739130434782608,0.0,0.0,0.021739130434782608,0.5,0.40217391304347827,0.08695652173913043,0.05434782608695652,0.021739130434782608,0.043478260869565216,0.06521739130434782,0.043478260869565216,0.0,0.010869565217391304,0.021739130434782608,0.06521739130434782,0.021739130434782608,0.22826086956521738,0.33695652173913043,0.25,0.13043478260869565,0.06521739130434782,0.11956521739130435,0.10869565217391304,0.03260869565217391,0.0,0.021739130434782608,0.021739130434782608,0.2608695652173913,0.15217391304347827,0.33695652173913043,0.44565217391304346,0.5434782608695652,0.358695652173913,0.21739130434782608,0.20652173913043478,0.1956521739130435,0.08695652173913043,0.05434782608695652,0.14130434782608695,0.40217391304347827,0.41304347826086957,0.5217391304347826,0.6521739130434783,0.5652173913043478,0.358695652173913,0.2391304347826087,0.20652173913043478,0.09782608695652174,0.043478260869565216,0.010869565217391304,0.11956521739130435,0.29347826086956524,0.33695652173913043,0.29347826086956524,0.5108695652173914,0.5108695652173914,0.41304347826086957,0.3695652173913043,0.18478260869565216,0.10869565217391304,0.05434782608695652,0.15217391304347827,0.17391304347826086,0.34782608695652173,0.4782608695652174,0.7934782608695652,0.7065217391304348,0.5760869565217391,0.2826086956521739,0.14130434782608695,0.06521739130434782,0.021739130434782608,0.17391304347826086,0.4782608695652174,0.358695652173913,0.782608695652174,0.8804347826086957,0.7391304347826086,0.717391304347826,0.41304347826086957,0.18478260869565216,0.09782608695652174,0.010869565217391304,0.021739130434782608,0.5434782608695652,0.6413043478260869,0.4782608695652174,0.7934782608695652,0.6630434782608695,0.5869565217391305,0.34782608695652173,0.17391304347826086,0.021739130434782608,0.021739130434782608,0.043478260869565216,0.010869565217391304,0.043478260869565216,0.42391304347826086,0.42391304347826086,0.391304347826087,0.6956521739130435,0.6956521739130435,0.6521739130434783,0.4782608695652174,0.29347826086956524,0.021739130434782608,0.010869565217391304,0.0,0.021739130434782608,0.30434782608695654,0.3695652173913043,0.44565217391304346,0.5543478260869565,0.782608695652174,0.6413043478260869,0.16304347826086957,0.09782608695652174,0.29347826086956524,0.5652173913043478,0.5760869565217391,0.4891304347826087,0.42391304347826086,0.03260869565217391,0.18478260869565216,0.40217391304347827,0.6630434782608695,0.532608695652174,0.3695652173913043,0.4782608695652174,0.42391304347826086,0.29347826086956524,0.2391304347826087,0.2717391304347826,0.18478260869565216,0.14130434782608695,0.08695652173913043,0.07608695652173914,0.46774721722769136
2060-10-01,0.010869565217391304,0.0,0.0,0.0,0.0,0.0,0.11956521739130435,0.11956521739130435,0.05434782608695652,0.0,0.0,0.0,0.0,0.0,0.32608695652173914,0.1956521739130435,0.07608695652173914,0.03260869565217391,0.010869565217391304,0.0,0.0,0.0,0.0,0.6413043478260869,0.2391304347826087,0.05434782608695652,0.010869565217391304,0.010869565217391304,0.0,0.0,0.0,0.0,0.6847826086956522,0.41304347826086957,0.03260869565217391,0.0,0.0,0.0,0.0,0.0,0.0,0.010869565217391304,0.06521739130434782,0.0,0.0,0.0,0.0,0.0,0.0,0.0,0.0,0.0,0.0,0.0,0.0,0.0,0.0,0.0,0.0,0.0,0.0,0.0,0.0,0.0,0.0,0.0,0.0,0.0,0.0,0.0,0.0,0.021739130434782608,0.0,0.0,0.010869565217391304,0.0,0.0,0.0,0.0,0.0,0.0,0.0,0.03260869565217391,0.0,0.0,0.043478260869565216,0.0,0.0,0.0,0.0,0.0,0.0,0.0,0.021739130434782608,0.05434782608695652,0.07608695652173914,0.043478260869565216,0.0,0.043478260869565216,0.03260869565217391,0.010869565217391304,0.0,0.0,0.0,0.0,0.0,0.06521739130434782,0.10869565217391304,0.11956521739130435,0.17391304347826086,0.043478260869565216,0.07608695652173914,0.07608695652173914,0.08695652173913043,0.06521739130434782,0.021739130434782608,0.0,0.0,0.0,0.13043478260869565,0.10869565217391304,0.13043478260869565,0.14130434782608695,0.16304347826086957,0.18478260869565216,0.10869565217391304,0.05434782608695652,0.0,0.0,0.0,0.0,0.07608695652173914,0.11956521739130435,0.11956521739130435,0.10869565217391304,0.043478260869565216,0.05434782608695652,0.09782608695652174,0.06521739130434782,0.043478260869565216,0.010869565217391304,0.0,0.10869565217391304,0.08695652173913043,0.010869565217391304,0.010869565217391304,0.05434782608695652,0.15217391304347827,0.15217391304347827,0.11956521739130435,0.043478260869565216,0.021739130434782608,0.0,0.06521739130434782,0.06521739130434782,0.06521739130434782,0.0,0.1956521739130435,0.20652173913043478,0.18478260869565216,0.13043478260869565,0.07608695652173914,0.021739130434782608,0.0,0.021739130434782608,0.021739130434782608,0.07608695652173914,0.10869565217391304,0.41304347826086957,0.2608695652173913,0.20652173913043478,0.15217391304347827,0.06521739130434782,0.021739130434782608,0.0,0.0,0.010869565217391304,0.010869565217391304,0.010869565217391304,0.010869565217391304,0.06521739130434782,0.15217391304347827,0.10869565217391304,0.11956521739130435,0.10869565217391304,0.09782608695652174,0.03260869565217391,0.0,0.0,0.021739130434782608,0.043478260869565216,0.010869565217391304,0.010869565217391304,0.043478260869565216,0.07608695652173914,0.08695652173913043,0.09782608695652174,0.021739130434782608,0.0,0.010869565217391304,0.15217391304347827,0.08695652173913043,0.07608695652173914,0.07608695652173914,0.0,0.0,0.010869565217391304,0.16304347826086957,0.09782608695652174,0.05434782608695652,0.06521739130434782,0.11956521739130435,0.043478260869565216,0.043478260869565216,0.07608695652173914,0.021739130434782608,0.021739130434782608,0.021739130434782608,0.010869565217391304,0.11994026872111725
2061-01-01,0.03333333333333333,0.044444444444444446,0.044444444444444446,0.03333333333333333,0.044444444444444446,0.022222222222222223,0.17777777777777778,0.1111111111111111,0.044444444444444446,0.044444444444444446,0.05555555555555555,0.0,0.0,0.011111111111111112,0.37777777777777777,0.12222222222222222,0.14444444444444443,0.12222222222222222,0.1,0.07777777777777778,0.022222222222222223,0.022222222222222223,0.011111111111111112,0.6111111111111112,0.2222222222222222,0.18888888888888888,0.18888888888888888,0.23333333333333334,0.14444444444444443,0.05555555555555555,0.06666666666666667,0.0,0.6777777777777778,0.4777777777777778,0.2111111111111111,0.2,0.23333333333333334,0.08888888888888889,0.07777777777777778,0.08888888888888889,0.03333333333333333,0.23333333333333334,0.2777777777777778,0.24444444444444444,0.2111111111111111,0.2,0.2111111111111111,0.14444444444444443,0.14444444444444443,0.1,0.044444444444444446,0.1,0.23333333333333334,0.25555555555555554,0.18888888888888888,0.16666666666666666,0.24444444444444444,0.16666666666666666,0.14444444444444443,0.1,0.06666666666666667,0.07777777777777778,0.15555555555555556,0.17777777777777778,0.15555555555555556,0.2222222222222222,0.3111111111111111,0.2,0.12222222222222222,0.05555555555555555,0.022222222222222223,0.07777777777777778,0.1111111111111111,0.12222222222222222,0.1,0.1111111111111111,0.17777777777777778,0.18888888888888888,0.13333333333333333,0.07777777777777778,0.011111111111111112,0.0,0.07777777777777778,0.1,0.07777777777777778,0.06666666666666667,0.044444444444444446,0.07777777777777778,0.08888888888888889,0.07777777777777778,0.03333333333333333,0.011111111111111112,0.0,0.07777777777777778,0.05555555555555555,0.06666666666666667,0.05555555555555555,0.05555555555555555,0.03333333333333333,0.022222222222222223,0.022222222222222223,0.022222222222222223,0.0,0.022222222222222223,0.011111111111111112,0.0,0.06666666666666667,0.07777777777777778,0.08888888888888889,0.05555555555555555,0.044444444444444446,0.022222222222222223,0.011111111111111112,0.0,0.022222222222222223,0.0,0.0,0.0,0.0,0.044444444444444446,0.044444444444444446,0.03333333333333333,0.022222222222222223,0.0,0.0,0.0,0.0,0.0,0.0,0.0,0.0,0.05555555555555555,0.011111111111111112,0.011111111111111112,0.0,0.0,0.0,0.0,0.0,0.0,0.0,0.0,0.06666666666666667,0.011111111111111112,0.0,0.0,0.0,0.011111111111111112,0.0,0.0,0.0,0.0,0.0,0.044444444444444446,0.15555555555555556,0.022222222222222223,0.0,0.0,0.0,0.05555555555555555,0.0,0.0,0.0,0.0,0.011111111111111112,0.044444444444444446,0.022222222222222223,0.022222222222222223,0.0,0.011111111111111112,0.044444444444444446,0.011111111111111112,0.0,0.0,0.07777777777777778,0.13333333333333333,0.13333333333333333,0.03333333333333333,0.0,0.0,0.0,0.0,0.0,0.011111111111111112,0.0,0.0,0.0,0.1111111111111111,0.12222222222222222,0.1111111111111111,0.1111111111111111,0.022222222222222223,0.0,0.011111111111111112,0.0,0.0,0.0,0.08888888888888889,0.0,0.011111111111111112,0.011111111111111112,0.0,0.0,0.0,0.08888888888888889,0.05555555555555555,0.0,0.08888888888888889,0.0,0.0,0.0,0.011111111111111112,0.0,0.011111111111111112,0.0,0.0,0.0,0.0,0.0,0.07384154125804471
2061-04-01,0.02197802197802198,0.01098901098901099,0.02197802197802198,0.0,0.0,0.0,0.08791208791208792,0.27472527472527475,0.054945054945054944,0.02197802197802198,0.03296703296703297,0.03296703296703297,0.02197802197802198,0.0,0.2967032967032967,0.5824175824175825,0.34065934065934067,0.16483516483516483,0.04395604395604396,0.04395604395604396,0.054945054945054944,0.03296703296703297,0.0,0.967032967032967,0.7252747252747253,0.24175824175824176,0.12087912087912088,0.12087912087912088,0.07692307692307693,0.0,0.01098901098901099,0.0,0.9230769230769231,0.7912087912087912,0.5054945054945055,0.23076923076923078,0.07692307692307693,0.03296703296703297,0.0,0.0,0.0,0.6483516483516484,0.8901098901098901,0.7252747252747253,0.6813186813186813,0.4065934065934066,0.2967032967032967,0.13186813186813187,0.03296703296703297,0.0,0.0,0.38461538461538464,0.8021978021978022,0.7252747252747253,0.6593406593406593,0.4725274725274725,0.4175824175824176,0.08791208791208792,0.03296703296703297,0.0,0.0,0.26373626373626374,0.5714285714285714,0.6373626373626373,0.6043956043956044,0.37362637362637363,0.3956043956043956,0.0989010989010989,0.04395604395604396,0.0,0.0,0.06593406593406594,0.14285714285714285,0.32967032967032966,0.5054945054945055,0.4175824175824176,0.42857142857142855,0.3076923076923077,0.08791208791208792,0.03296703296703297,0.0,0.0,0.03296703296703297,0.07692307692307693,0.25274725274725274,0.5604395604395604,0.27472527472527475,0.12087912087912088,0.08791208791208792,0.03296703296703297,0.02197802197802198,0.0,0.0,0.12087912087912088,0.08791208791208792,0.07692307692307693,0.054945054945054944,0.10989010989010989,0.1978021978021978,0.17582417582417584,0.06593406593406594,0.054945054945054944,0.03296703296703297,0.02197802197802198,0.0,0.0,0.10989010989010989,0.14285714285714285,0.1978021978021978,0.17582417582417584,0.16483516483516483,0.15384615384615385,0.14285714285714285,0.14285714285714285,0.07692307692307693,0.04395604395604396,0.01098901098901099,0.0,0.0,0.26373626373626374,0.15384615384615385,0.24175824175824176,0.18681318681318682,0.18681318681318682,0.2087912087912088,0.12087912087912088,0.06593406593406594,0.02197802197802198,0.0,0.0,0.0,0.08791208791208792,0.08791208791208792,0.10989010989010989,0.16483516483516483,0.14285714285714285,0.18681318681318682,0.16483516483516483,0.0989010989010989,0.03296703296703297,0.0,0.0,0.13186813186813187,0.23076923076923078,0.13186813186813187,0.15384615384615385,0.24175824175824176,0.3516483516483517,0.25274725274725274,0.17582417582417584,0.04395604395604396,0.0,0.0,0.17582417582417584,0.25274725274725274,0.1978021978021978,0.23076923076923078,0.5054945054945055,0.4835164835164835,0.3516483516483517,0.32967032967032966,0.10989010989010989,0.04395604395604396,0.01098901098901099,0.13186813186813187,0.0989010989010989,0.3516483516483517,0.5164835164835165,0.26373626373626374,0.46153846153846156,0.3076923076923077,0.23076923076923078,0.10989010989010989,0.04395604395604396,0.0989010989010989,0.13186813186813187,0.25274725274725274,0.18681318681318682,0.10989010989010989,0.32967032967032966,0.3076923076923077,0.2967032967032967,0.4065934065934066,0.3076923076923077,0.34065934065934067,0.2967032967032967,0.07692307692307693,0.10989010989010989,0.07692307692307693,0.10989010989010989,0.13186813186813187,0.2857142857142857,0.32967032967032966,0.37362637362637363,0.3626373626373626,0.37362637362637363,0.2967032967032967,0.24175824175824176,0.1978021978021978,0.24175824175824176,0.3516483516483517,0.2967032967032967,0.17582417582417584,0.0989010989010989,0.12087912087912088,0.25274725274725274,0.2857142857142857,0.32967032967032966,0.2087912087912088,0.04395604395604396,0.3076923076923077,0.24175824175824176,0.03296703296703297,0.3076923076923077,0.24175824175824176,0.06593406593406594,0.0,0.04395604395604396,0.0,0.3069970128055021
2061-07-01,0.0,0.0,0.021739130434782608,0.07608695652173914,0.09782608695652174,0.010869565217391304,0.07608695652173914,0.5108695652173914,0.16304347826086957,0.021739130434782608,0.07608695652173914,0.16304347826086957,0.14130434782608695,0.05434782608695652,0.3804347826086957,0.9130434782608695,0.5978260869565217,0.21739130434782608,0.08695652173913043,0.09782608695652174,0.13043478260869565,0.14130434782608695,0.010869565217391304,1.0,0.9782608695652174,0.22826086956521738,0.07608695652173914,0.06521739130434782,0.05434782608695652,0.11956521739130435,0.18478260869565216,0.05434782608695652,0.9782608695652174,0.8586956521739131,0.33695652173913043,0.043478260869565216,0.010869565217391304,0.06521739130434782,0.2391304347826087,0.2826086956521739,0.06521739130434782,0.6956521739130435,0.9021739130434783,0.5108695652173914,0.42391304347826086,0.2826086956521739,0.22826086956521738,0.08695652173913043,0.05434782608695652,0.043478260869565216,0.010869565217391304,0.4782608695652174,0.6304347826086957,0.5217391304347826,0.5434782608695652,0.33695652173913043,0.43478260869565216,0.13043478260869565,0.03260869565217391,0.021739130434782608,0.0,0.2391304347826087,0.358695652173913,0.4782608695652174,0.5760869565217391,0.2717391304347826,0.532608695652174,0.17391304347826086,0.010869565217391304,0.0,0.0,0.0,0.0,0.06521739130434782,0.20652173913043478,0.20652173913043478,0.5108695652173914,0.4782608695652174,0.17391304347826086,0.0,0.010869565217391304,0.0,0.021739130434782608,0.05434782608695652,0.03260869565217391,0.5760869565217391,0.4782608695652174,0.18478260869565216,0.043478260869565216,0.0,0.043478260869565216,0.021739130434782608,0.010869565217391304,0.0,0.0,0.043478260869565216,0.08695652173913043,0.07608695652173914,0.20652173913043478,0.30434782608695654,0.3695652173913043,0.10869565217391304,0.05434782608695652,0.05434782608695652,0.05434782608695652,0.021739130434782608,0.0,0.0,0.03260869565217391,0.16304347826086957,0.18478260869565216,0.34782608695652173,0.5108695652173914,0.6086956521739131,0.5760869565217391,0.34782608695652173,0.14130434782608695,0.07608695652173914,0.043478260869565216,0.13043478260869565,0.2826086956521739,0.532608695652174,0.41304347826086957,0.6086956521739131,0.75,0.6739130434782609,0.5108695652173914,0.29347826086956524,0.08695652173913043,0.010869565217391304,0.010869565217391304,0.010869565217391304,0.16304347826086957,0.391304347826087,0.4891304347826087,0.3804347826086957,0.6304347826086957,0.6630434782608695,0.5652173913043478,0.41304347826086957,0.16304347826086957,0.03260869565217391,0.05434782608695652,0.16304347826086957,0.1956521739130435,0.5217391304347826,0.6195652173913043,0.9347826086956522,0.8478260869565217,0.7065217391304348,0.3695652173913043,0.14130434782608695,0.043478260869565216,0.03260869565217391,0.17391304347826086,0.4891304347826087,0.5434782608695652,0.8586956521739131,0.9347826086956522,0.9130434782608695,0.8369565217391305,0.5543478260869565,0.16304347826086957,0.07608695652173914,0.0,0.07608695652173914,0.6413043478260869,0.717391304347826,0.717391304347826,0.9130434782608695,0.8478260869565217,0.6956521739130435,0.40217391304347827,0.14130434782608695,0.0,0.0,0.021739130434782608,0.05434782608695652,0.09782608695652174,0.43478260869565216,0.5,0.5543478260869565,0.8804347826086957,0.8804347826086957,0.7608695652173914,0.6195652173913043,0.17391304347826086,0.0,0.010869565217391304,0.0,0.08695652173913043,0.40217391304347827,0.4782608695652174,0.6630434782608695,0.7934782608695652,0.8913043478260869,0.75,0.16304347826086957,0.09782608695652174,0.29347826086956524,0.782608695652174,0.7934782608695652,0.5217391304347826,0.391304347826087,0.06521739130434782,0.1956521739130435,0.40217391304347827,0.7391304347826086,0.5543478260869565,0.3695652173913043,0.5434782608695652,0.5652173913043478,0.3804347826086957,0.2391304347826087,0.32608695652173914,0.21739130434782608,0.08695652173913043,0.06521739130434782,0.021739130434782608,0.5416803065113617
2061-10-01,0.0,0.0,0.0,0.0,0.0,0.0,0.10869565217391304,0.16304347826086957,0.09782608695652174,0.010869565217391304,0.0,0.0,0.0,0.0,0.5,0.2717391304347826,0.03260869565217391,0.0,0.0,0.0,0.0,0.0,0.0,0.7934782608695652,0.2391304347826087,0.010869565217391304,0.0,0.0,0.0,0.0,0.0,0.0,0.8804347826086957,0.6086956521739131,0.09782608695652174,0.010869565217391304,0.0,0.0,0.0,0.0,0.0,0.06521739130434782,0.2391304347826087,0.06521739130434782,0.03260869565217391,0.043478260869565216,0.0,0.0,0.0,0.0,0.0,0.021739130434782608,0.03260869565217391,0.0,0.0,0.0,0.0,0.0,0.0,0.0,0.0,0.0,0.0,0.0,0.0,0.0,0.0,0.0,0.0,0.0,0.0,0.0,0.0,0.0,0.0,0.0,0.0,0.0,0.0,0.0,0.0,0.0,0.05434782608695652,0.03260869565217391,0.0,0.010869565217391304,0.0,0.0,0.0,0.0,0.0,0.0,0.0,0.043478260869565216,0.13043478260869565,0.16304347826086957,0.05434782608695652,0.010869565217391304,0.021739130434782608,0.0,0.0,0.0,0.0,0.0,0.0,0.0,0.13043478260869565,0.22826086956521738,0.25,0.1956521739130435,0.06521739130434782,0.05434782608695652,0.010869565217391304,0.0,0.0,0.0,0.0,0.0,0.0,0.30434782608695654,0.2391304347826087,0.18478260869565216,0.11956521739130435,0.07608695652173914,0.03260869565217391,0.010869565217391304,0.0,0.0,0.0,0.0,0.0,0.25,0.25,0.15217391304347827,0.16304347826086957,0.06521739130434782,0.03260869565217391,0.010869565217391304,0.0,0.03260869565217391,0.0,0.0,0.2826086956521739,0.20652173913043478,0.13043478260869565,0.15217391304347827,0.10869565217391304,0.16304347826086957,0.06521739130434782,0.06521739130434782,0.05434782608695652,0.0,0.0,0.20652173913043478,0.1956521739130435,0.21739130434782608,0.14130434782608695,0.2717391304347826,0.16304347826086957,0.16304347826086957,0.11956521739130435,0.043478260869565216,0.021739130434782608,0.0,0.06521739130434782,0.15217391304347827,0.30434782608695654,0.29347826086956524,0.6195652173913043,0.30434782608695654,0.18478260869565216,0.11956521739130435,0.010869565217391304,0.010869565217391304,0.0,0.0,0.021739130434782608,0.010869565217391304,0.07608695652173914,0.17391304347826086,0.07608695652173914,0.14130434782608695,0.11956521739130435,0.14130434782608695,0.15217391304347827,0.06521739130434782,0.021739130434782608,0.0,0.0,0.0,0.07608695652173914,0.08695652173913043,0.010869565217391304,0.043478260869565216,0.06521739130434782,0.09782608695652174,0.09782608695652174,0.06521739130434782,0.0,0.03260869565217391,0.21739130434782608,0.09782608695652174,0.08695652173913043,0.07608695652173914,0.0,0.0,0.010869565217391304,0.15217391304347827,0.09782608695652174,0.08695652173913043,0.06521739130434782,0.07608695652173914,0.07608695652173914,0.03260869565217391,0.03260869565217391,0.021739130434782608,0.03260869565217391,0.010869565217391304,0.0,0.15022353242219996
2062-01-01,0.044444444444444446,0.044444444444444446,0.06666666666666667,0.06666666666666667,0.07777777777777778,0.03333333333333333,0.1111111111111111,0.07777777777777778,0.022222222222222223,0.022222222222222223,0.044444444444444446,0.022222222222222223,0.044444444444444446,0.022222222222222223,0.28888888888888886,0.1,0.07777777777777778,0.044444444444444446,0.044444444444444446,0.05555555555555555,0.044444444444444446,0.044444444444444446,0.03333333333333333,0.5111111111111111,0.18888888888888888,0.1,0.1111111111111111,0.07777777777777778,0.05555555555555555,0.044444444444444446,0.044444444444444446,0.022222222222222223,0.5888888888888889,0.4111111111111111,0.16666666666666666,0.1,0.08888888888888889,0.05555555555555555,0.06666666666666667,0.07777777777777778,0.022222222222222223,0.18888888888888888,0.24444444444444444,0.2222222222222222,0.18888888888888888,0.15555555555555556,0.08888888888888889,0.1,0.08888888888888889,0.044444444444444446,0.022222222222222223,0.2111111111111111,0.26666666666666666,0.24444444444444444,0.24444444444444444,0.17777777777777778,0.17777777777777778,0.1111111111111111,0.1111111111111111,0.05555555555555555,0.022222222222222223,0.14444444444444443,0.16666666666666666,0.18888888888888888,0.2,0.2,0.17777777777777778,0.08888888888888889,0.06666666666666667,0.05555555555555555,0.011111111111111112,0.1,0.15555555555555556,0.15555555555555556,0.15555555555555556,0.13333333333333333,0.16666666666666666,0.1111111111111111,0.08888888888888889,0.03333333333333333,0.05555555555555555,0.03333333333333333,0.05555555555555555,0.15555555555555556,0.12222222222222222,0.1,0.07777777777777778,0.06666666666666667,0.07777777777777778,0.03333333333333333,0.022222222222222223,0.06666666666666667,0.03333333333333333,0.022222222222222223,0.044444444444444446,0.044444444444444446,0.03333333333333333,0.044444444444444446,0.011111111111111112,0.0,0.0,0.0,0.0,0.0,0.03333333333333333,0.044444444444444446,0.044444444444444446,0.06666666666666667,0.07777777777777778,0.044444444444444446,0.011111111111111112,0.011111111111111112,0.0,0.0,0.0,0.0,0.0,0.022222222222222223,0.044444444444444446,0.044444444444444446,0.022222222222222223,0.0,0.0,0.0,0.0,0.0,0.0,0.0,0.0,0.011111111111111112,0.0,0.03333333333333333,0.022222222222222223,0.022222222222222223,0.0,0.0,0.011111111111111112,0.0,0.0,0.0,0.0,0.011111111111111112,0.1,0.022222222222222223,0.011111111111111112,0.0,0.011111111111111112,0.022222222222222223,0.011111111111111112,0.0,0.0,0.0,0.0,0.06666666666666667,0.2,0.03333333333333333,0.03333333333333333,0.011111111111111112,0.011111111111111112,0.03333333333333333,0.011111111111111112,0.0,0.0,0.0,0.05555555555555555,0.022222222222222223,0.03333333333333333,0.011111111111111112,0.0,0.011111111111111112,0.022222222222222223,0.022222222222222223,0.0,0.0,0.05555555555555555,0.1,0.1,0.044444444444444446,0.0,0.022222222222222223,0.022222222222222223,0.0,0.0,0.022222222222222223,0.011111111111111112,0.0,0.0,0.05555555555555555,0.03333333333333333,0.07777777777777778,0.05555555555555555,0.022222222222222223,0.0,0.022222222222222223,0.0,0.022222222222222223,0.0,0.05555555555555555,0.03333333333333333,0.0,0.03333333333333333,0.011111111111111112,0.022222222222222223,0.011111111111111112,0.05555555555555555,0.03333333333333333,0.022222222222222223,0.1,0.044444444444444446,0.022222222222222223,0.011111111111111112,0.044444444444444446,0.0,0.05555555555555555,0.022222222222222223,0.0,0.0,0.0,0.0,0.06858543760818092
2062-04-01,0.0,0.0,0.0,0.0,0.0,0.0,0.07692307692307693,0.17582417582417584,0.0,0.0,0.0,0.0,0.01098901098901099,0.0,0.17582417582417584,0.3956043956043956,0.31868131868131866,0.10989010989010989,0.04395604395604396,0.0,0.0,0.03296703296703297,0.0,0.945054945054945,0.7252747252747253,0.21978021978021978,0.12087912087912088,0.06593406593406594,0.01098901098901099,0.02197802197802198,0.03296703296703297,0.0,0.967032967032967,0.7692307692307693,0.5274725274725275,0.18681318681318682,0.054945054945054944,0.0,0.02197802197802198,0.02197802197802198,0.0,0.6813186813186813,0.8571428571428571,0.7252747252747253,0.6373626373626373,0.4945054945054945,0.23076923076923078,0.04395604395604396,0.0,0.02197802197802198,0.0,0.4945054945054945,0.7142857142857143,0.6043956043956044,0.6373626373626373,0.5054945054945055,0.43956043956043955,0.12087912087912088,0.01098901098901099,0.0,0.0,0.32967032967032966,0.5274725274725275,0.5604395604395604,0.5934065934065934,0.42857142857142855,0.4065934065934066,0.07692307692307693,0.0,0.0,0.0,0.03296703296703297,0.17582417582417584,0.3076923076923077,0.4175824175824176,0.3516483516483517,0.42857142857142855,0.2857142857142857,0.06593406593406594,0.0,0.0,0.0,0.02197802197802198,0.16483516483516483,0.24175824175824176,0.4835164835164835,0.27472527472527475,0.18681318681318682,0.10989010989010989,0.01098901098901099,0.0,0.0,0.0,0.18681318681318682,0.13186813186813187,0.10989010989010989,0.054945054945054944,0.13186813186813187,0.0989010989010989,0.04395604395604396,0.06593406593406594,0.02197802197802198,0.0,0.0,0.0,0.0,0.1978021978021978,0.24175824175824176,0.31868131868131866,0.23076923076923078,0.10989010989010989,0.07692307692307693,0.03296703296703297,0.0989010989010989,0.08791208791208792,0.01098901098901099,0.01098901098901099,0.01098901098901099,0.0,0.3076923076923077,0.26373626373626374,0.21978021978021978,0.12087912087912088,0.15384615384615385,0.23076923076923078,0.15384615384615385,0.0989010989010989,0.054945054945054944,0.02197802197802198,0.0,0.0,0.13186813186813187,0.18681318681318682,0.14285714285714285,0.10989010989010989,0.12087912087912088,0.18681318681318682,0.14285714285714285,0.14285714285714285,0.13186813186813187,0.04395604395604396,0.0,0.18681318681318682,0.26373626373626374,0.07692307692307693,0.1978021978021978,0.2087912087912088,0.3516483516483517,0.2857142857142857,0.23076923076923078,0.14285714285714285,0.01098901098901099,0.0,0.1978021978021978,0.24175824175824176,0.2967032967032967,0.17582417582417584,0.38461538461538464,0.4065934065934066,0.38461538461538464,0.31868131868131866,0.15384615384615385,0.02197802197802198,0.0,0.13186813186813187,0.13186813186813187,0.45054945054945056,0.4175824175824176,0.27472527472527475,0.4065934065934066,0.3516483516483517,0.24175824175824176,0.15384615384615385,0.01098901098901099,0.04395604395604396,0.07692307692307693,0.21978021978021978,0.1978021978021978,0.0989010989010989,0.38461538461538464,0.25274725274725274,0.1978021978021978,0.4175824175824176,0.3516483516483517,0.31868131868131866,0.1978021978021978,0.054945054945054944,0.06593406593406594,0.06593406593406594,0.12087912087912088,0.18681318681318682,0.17582417582417584,0.24175824175824176,0.2967032967032967,0.3516483516483517,0.3516483516483517,0.26373626373626374,0.18681318681318682,0.06593406593406594,0.21978021978021978,0.3516483516483517,0.31868131868131866,0.2087912087912088,0.10989010989010989,0.13186813186813187,0.26373626373626374,0.27472527472527475,0.34065934065934067,0.2087912087912088,0.07692307692307693,0.25274725274725274,0.16483516483516483,0.07692307692307693,0.27472527472527475,0.17582417582417584,0.054945054945054944,0.0,0.03296703296703297,0.0,0.29548930941716667
2062-07-01,0.0,0.0,0.0,0.0,0.0,0.0,0.08695652173913043,0.5434782608695652,0.17391304347826086,0.0,0.021739130434782608,0.03260869565217391,0.13043478260869565,0.05434782608695652,0.25,0.967391304347826,0.6413043478260869,0.11956521739130435,0.0,0.010869565217391304,0.0,0.03260869565217391,0.0,1.0,0.9565217391304348,0.2717391304347826,0.05434782608695652,0.010869565217391304,0.010869565217391304,0.021739130434782608,0.03260869565217391,0.0,0.9782608695652174,0.9021739130434783,0.5760869565217391,0.14130434782608695,0.03260869565217391,0.021739130434782608,0.13043478260869565,0.16304347826086957,0.010869565217391304,0.7934782608695652,0.8695652173913043,0.6521739130434783,0.45652173913043476,0.44565217391304346,0.29347826086956524,0.06521739130434782,0.010869565217391304,0.0,0.0,0.5760869565217391,0.6847826086956522,0.42391304347826086,0.5,0.34782608695652173,0.5434782608695652,0.06521739130434782,0.010869565217391304,0.0,0.0,0.22826086956521738,0.41304347826086957,0.41304347826086957,0.5652173913043478,0.25,0.4782608695652174,0.11956521739130435,0.010869565217391304,0.010869565217391304,0.0,0.0,0.021739130434782608,0.09782608695652174,0.32608695652173914,0.41304347826086957,0.5760869565217391,0.5543478260869565,0.34782608695652173,0.07608695652173914,0.021739130434782608,0.0,0.03260869565217391,0.07608695652173914,0.08695652173913043,0.6413043478260869,0.532608695652174,0.40217391304347827,0.30434782608695654,0.08695652173913043,0.021739130434782608,0.010869565217391304,0.0,0.0,0.010869565217391304,0.03260869565217391,0.15217391304347827,0.07608695652173914,0.2608695652173913,0.34782608695652173,0.358695652173913,0.33695652173913043,0.11956521739130435,0.08695652173913043,0.03260869565217391,0.021739130434782608,0.0,0.010869565217391304,0.09782608695652174,0.2391304347826087,0.2391304347826087,0.30434782608695654,0.43478260869565216,0.6195652173913043,0.5543478260869565,0.34782608695652173,0.2391304347826087,0.17391304347826086,0.08695652173913043,0.11956521739130435,0.1956521739130435,0.44565217391304346,0.40217391304347827,0.5978260869565217,0.7608695652173914,0.6847826086956522,0.42391304347826086,0.31521739130434784,0.11956521739130435,0.06521739130434782,0.0,0.043478260869565216,0.20652173913043478,0.33695652173913043,0.391304347826087,0.33695652173913043,0.5760869565217391,0.5652173913043478,0.44565217391304346,0.3804347826086957,0.15217391304347827,0.043478260869565216,0.043478260869565216,0.22826086956521738,0.17391304347826086,0.3804347826086957,0.5,0.8804347826086957,0.75,0.6086956521739131,0.33695652173913043,0.09782608695652174,0.03260869565217391,0.010869565217391304,0.25,0.5108695652173914,0.3804347826086957,0.7717391304347826,0.8260869565217391,0.8369565217391305,0.7282608695652174,0.44565217391304346,0.16304347826086957,0.07608695652173914,0.010869565217391304,0.10869565217391304,0.6521739130434783,0.6086956521739131,0.4891304347826087,0.8695652173913043,0.7282608695652174,0.6195652173913043,0.31521739130434784,0.10869565217391304,0.0,0.0,0.07608695652173914,0.11956521739130435,0.09782608695652174,0.42391304347826086,0.42391304347826086,0.42391304347826086,0.7717391304347826,0.75,0.6956521739130435,0.532608695652174,0.17391304347826086,0.0,0.0,0.043478260869565216,0.13043478260869565,0.33695652173913043,0.358695652173913,0.4673913043478261,0.5434782608695652,0.782608695652174,0.7065217391304348,0.2826086956521739,0.2391304347826087,0.32608695652173914,0.6195652173913043,0.6521739130434783,0.4673913043478261,0.2826086956521739,0.09782608695652174,0.2391304347826087,0.3804347826086957,0.6195652173913043,0.5434782608695652,0.2608695652173913,0.5108695652173914,0.4782608695652174,0.20652173913043478,0.1956521739130435,0.32608695652173914,0.16304347826086957,0.06521739130434782,0.010869565217391304,0.0,0.4978494365502182
2062-10-01,0.06521739130434782,0.06521739130434782,0.043478260869565216,0.010869565217391304,0.0,0.0,0.2608695652173913,0.22826086956521738,0.09782608695652174,0.043478260869565216,0.021739130434782608,0.03260869565217391,0.03260869565217391,0.03260869565217391,0.7282608695652174,0.44565217391304346,0.20652173913043478,0.021739130434782608,0.021739130434782608,0.021739130434782608,0.010869565217391304,0.021739130434782608,0.0,0.8695652173913043,0.42391304347826086,0.06521739130434782,0.0,0.010869565217391304,0.021739130434782608,0.0,0.0,0.0,0.7065217391304348,0.43478260869565216,0.043478260869565216,0.0,0.0,0.0,0.0,0.0,0.0,0.010869565217391304,0.13043478260869565,0.010869565217391304,0.010869565217391304,0.010869565217391304,0.0,0.0,0.0,0.0,0.0,0.03260869565217391,0.010869565217391304,0.021739130434782608,0.021739130434782608,0.0,0.0,0.0,0.0,0.0,0.0,0.021739130434782608,0.0,0.0,0.0,0.0,0.0,0.0,0.0,0.0,0.0,0.09782608695652174,0.07608695652173914,0.0,0.03260869565217391,0.0,0.05434782608695652,0.0,0.0,0.0,0.0,0.0,0.1956521739130435,0.13043478260869565,0.09782608695652174,0.13043478260869565,0.021739130434782608,0.010869565217391304,0.0,0.0,0.0,0.0,0.0,0.17391304347826086,0.2717391304347826,0.2826086956521739,0.18478260869565216,0.14130434782608695,0.16304347826086957,0.09782608695652174,0.0,0.0,0.0,0.0,0.0,0.0,0.21739130434782608,0.31521739130434784,0.32608695652173914,0.29347826086956524,0.2391304347826087,0.2391304347826087,0.17391304347826086,0.06521739130434782,0.021739130434782608,0.0,0.0,0.0,0.0,0.29347826086956524,0.2717391304347826,0.30434782608695654,0.20652173913043478,0.16304347826086957,0.13043478260869565,0.06521739130434782,0.010869565217391304,0.0,0.0,0.0,0.0,0.2717391304347826,0.2608695652173913,0.25,0.20652173913043478,0.13043478260869565,0.08695652173913043,0.07608695652173914,0.06521739130434782,0.010869565217391304,0.0,0.0,0.20652173913043478,0.22826086956521738,0.18478260869565216,0.25,0.18478260869565216,0.11956521739130435,0.09782608695652174,0.07608695652173914,0.03260869565217391,0.0,0.0,0.15217391304347827,0.20652173913043478,0.29347826086956524,0.2717391304347826,0.25,0.18478260869565216,0.11956521739130435,0.05434782608695652,0.021739130434782608,0.0,0.0,0.08695652173913043,0.14130434782608695,0.40217391304347827,0.358695652173913,0.5543478260869565,0.2826086956521739,0.14130434782608695,0.07608695652173914,0.03260869565217391,0.0,0.0,0.0,0.043478260869565216,0.03260869565217391,0.11956521739130435,0.22826086956521738,0.18478260869565216,0.2826086956521739,0.15217391304347827,0.11956521739130435,0.06521739130434782,0.03260869565217391,0.0,0.0,0.021739130434782608,0.03260869565217391,0.21739130434782608,0.09782608695652174,0.043478260869565216,0.07608695652173914,0.07608695652173914,0.021739130434782608,0.03260869565217391,0.13043478260869565,0.03260869565217391,0.05434782608695652,0.18478260869565216,0.010869565217391304,0.021739130434782608,0.0,0.021739130434782608,0.07608695652173914,0.03260869565217391,0.06521739130434782,0.021739130434782608,0.010869565217391304,0.043478260869565216,0.043478260869565216,0.010869565217391304,0.021739130434782608,0.010869565217391304,0.0,0.0,0.0,0.0,0.15994526979474696
2063-01-01,0.1,0.05555555555555555,0.06666666666666667,0.044444444444444446,0.011111111111111112,0.0,0.2222222222222222,0.15555555555555556,0.06666666666666667,0.011111111111111112,0.0,0.0,0.0,0.0,0.4,0.2222222222222222,0.15555555555555556,0.13333333333333333,0.08888888888888889,0.03333333333333333,0.0,0.0,0.011111111111111112,0.6666666666666666,0.26666666666666666,0.14444444444444443,0.1,0.07777777777777778,0.07777777777777778,0.03333333333333333,0.0,0.03333333333333333,0.6888888888888889,0.43333333333333335,0.17777777777777778,0.12222222222222222,0.1,0.14444444444444443,0.08888888888888889,0.011111111111111112,0.03333333333333333,0.15555555555555556,0.25555555555555554,0.2222222222222222,0.2,0.17777777777777778,0.12222222222222222,0.2111111111111111,0.15555555555555556,0.05555555555555555,0.05555555555555555,0.08888888888888889,0.16666666666666666,0.17777777777777778,0.15555555555555556,0.17777777777777778,0.23333333333333334,0.18888888888888888,0.12222222222222222,0.07777777777777778,0.05555555555555555,0.06666666666666667,0.12222222222222222,0.15555555555555556,0.17777777777777778,0.17777777777777778,0.26666666666666666,0.2111111111111111,0.13333333333333333,0.06666666666666667,0.044444444444444446,0.011111111111111112,0.06666666666666667,0.1,0.08888888888888889,0.16666666666666666,0.18888888888888888,0.16666666666666666,0.15555555555555556,0.1111111111111111,0.06666666666666667,0.022222222222222223,0.0,0.022222222222222223,0.06666666666666667,0.07777777777777778,0.06666666666666667,0.12222222222222222,0.1111111111111111,0.1,0.07777777777777778,0.03333333333333333,0.011111111111111112,0.0,0.0,0.03333333333333333,0.03333333333333333,0.03333333333333333,0.06666666666666667,0.044444444444444446,0.044444444444444446,0.05555555555555555,0.06666666666666667,0.07777777777777778,0.05555555555555555,0.011111111111111112,0.011111111111111112,0.044444444444444446,0.06666666666666667,0.05555555555555555,0.044444444444444446,0.044444444444444446,0.022222222222222223,0.044444444444444446,0.05555555555555555,0.044444444444444446,0.044444444444444446,0.022222222222222223,0.022222222222222223,0.06666666666666667,0.05555555555555555,0.06666666666666667,0.044444444444444446,0.022222222222222223,0.03333333333333333,0.05555555555555555,0.07777777777777778,0.05555555555555555,0.022222222222222223,0.022222222222222223,0.0,0.044444444444444446,0.044444444444444446,0.03333333333333333,0.022222222222222223,0.011111111111111112,0.022222222222222223,0.022222222222222223,0.044444444444444446,0.022222222222222223,0.0,0.0,0.044444444444444446,0.044444444444444446,0.0,0.011111111111111112,0.022222222222222223,0.03333333333333333,0.03333333333333333,0.011111111111111112,0.011111111111111112,0.022222222222222223,0.022222222222222223,0.05555555555555555,0.18888888888888888,0.044444444444444446,0.06666666666666667,0.05555555555555555,0.03333333333333333,0.044444444444444446,0.03333333333333333,0.022222222222222223,0.022222222222222223,0.011111111111111112,0.022222222222222223,0.03333333333333333,0.08888888888888889,0.08888888888888889,0.05555555555555555,0.03333333333333333,0.05555555555555555,0.03333333333333333,0.0,0.011111111111111112,0.03333333333333333,0.1,0.08888888888888889,0.022222222222222223,0.022222222222222223,0.044444444444444446,0.05555555555555555,0.05555555555555555,0.03333333333333333,0.022222222222222223,0.011111111111111112,0.0,0.0,0.08888888888888889,0.05555555555555555,0.08888888888888889,0.07777777777777778,0.08888888888888889,0.03333333333333333,0.044444444444444446,0.03333333333333333,0.0,0.0,0.06666666666666667,0.011111111111111112,0.03333333333333333,0.022222222222222223,0.0,0.0,0.0,0.044444444444444446,0.05555555555555555,0.03333333333333333,0.06666666666666667,0.011111111111111112,0.0,0.011111111111111112,0.011111111111111112,0.011111111111111112,0.022222222222222223,0.011111111111111112,0.011111111111111112,0.011111111111111112,0.011111111111111112,0.011111111111111112,0.0868238251064073
2063-04-01,0.02197802197802198,0.02197802197802198,0.01098901098901099,0.0,0.0,0.0,0.0989010989010989,0.27472527472527475,0.04395604395604396,0.03296703296703297,0.01098901098901099,0.0,0.02197802197802198,0.01098901098901099,0.3956043956043956,0.5054945054945055,0.3516483516483517,0.07692307692307693,0.03296703296703297,0.02197802197802198,0.01098901098901099,0.01098901098901099,0.0,0.9340659340659341,0.7472527472527473,0.26373626373626374,0.13186813186813187,0.03296703296703297,0.03296703296703297,0.0,0.0,0.0,0.9120879120879121,0.7472527472527473,0.4945054945054945,0.2857142857142857,0.12087912087912088,0.02197802197802198,0.0,0.0,0.0,0.6813186813186813,0.7802197802197802,0.6483516483516484,0.5934065934065934,0.5274725274725275,0.34065934065934067,0.10989010989010989,0.03296703296703297,0.02197802197802198,0.0,0.5164835164835165,0.7362637362637363,0.7252747252747253,0.7032967032967034,0.6043956043956044,0.5274725274725275,0.14285714285714285,0.04395604395604396,0.02197802197802198,0.0,0.34065934065934067,0.6483516483516484,0.6813186813186813,0.7252747252747253,0.6043956043956044,0.4945054945054945,0.1978021978021978,0.0989010989010989,0.0,0.0,0.18681318681318682,0.21978021978021978,0.4725274725274725,0.5274725274725275,0.5714285714285714,0.6813186813186813,0.5494505494505495,0.31868131868131866,0.07692307692307693,0.01098901098901099,0.0,0.13186813186813187,0.15384615384615385,0.34065934065934067,0.5494505494505495,0.34065934065934067,0.3076923076923077,0.24175824175824176,0.0989010989010989,0.01098901098901099,0.0,0.0,0.1978021978021978,0.13186813186813187,0.15384615384615385,0.13186813186813187,0.13186813186813187,0.25274725274725274,0.17582417582417584,0.16483516483516483,0.12087912087912088,0.03296703296703297,0.03296703296703297,0.02197802197802198,0.01098901098901099,0.16483516483516483,0.16483516483516483,0.21978021978021978,0.3076923076923077,0.15384615384615385,0.24175824175824176,0.24175824175824176,0.1978021978021978,0.14285714285714285,0.12087912087912088,0.07692307692307693,0.04395604395604396,0.01098901098901099,0.21978021978021978,0.18681318681318682,0.31868131868131866,0.25274725274725274,0.3076923076923077,0.34065934065934067,0.31868131868131866,0.3076923076923077,0.18681318681318682,0.04395604395604396,0.02197802197802198,0.0,0.13186813186813187,0.15384615384615385,0.2087912087912088,0.21978021978021978,0.18681318681318682,0.32967032967032966,0.3076923076923077,0.32967032967032966,0.2857142857142857,0.0989010989010989,0.02197802197802198,0.1978021978021978,0.18681318681318682,0.15384615384615385,0.3076923076923077,0.3516483516483517,0.4945054945054945,0.45054945054945056,0.37362637362637363,0.25274725274725274,0.10989010989010989,0.03296703296703297,0.15384615384615385,0.27472527472527475,0.2967032967032967,0.3076923076923077,0.4945054945054945,0.5054945054945055,0.4945054945054945,0.5164835164835165,0.34065934065934067,0.14285714285714285,0.03296703296703297,0.10989010989010989,0.1978021978021978,0.5164835164835165,0.5604395604395604,0.32967032967032966,0.5604395604395604,0.4725274725274725,0.4175824175824176,0.23076923076923078,0.12087912087912088,0.03296703296703297,0.06593406593406594,0.13186813186813187,0.24175824175824176,0.2087912087912088,0.3956043956043956,0.4175824175824176,0.32967032967032966,0.5274725274725275,0.5054945054945055,0.4945054945054945,0.34065934065934067,0.15384615384615385,0.03296703296703297,0.07692307692307693,0.16483516483516483,0.3076923076923077,0.38461538461538464,0.46153846153846156,0.4175824175824176,0.45054945054945056,0.5274725274725275,0.4725274725274725,0.45054945054945056,0.37362637362637363,0.3516483516483517,0.46153846153846156,0.46153846153846156,0.32967032967032966,0.1978021978021978,0.3626373626373626,0.37362637362637363,0.4065934065934066,0.5164835164835165,0.3516483516483517,0.23076923076923078,0.38461538461538464,0.3626373626373626,0.2087912087912088,0.38461538461538464,0.32967032967032966,0.16483516483516483,0.06593406593406594,0.08791208791208792,0.03296703296703297,0.39373613017259723
2063-07-01,0.010869565217391304,0.010869565217391304,0.0,0.043478260869565216,0.07608695652173914,0.043478260869565216,0.10869565217391304,0.5108695652173914,0.10869565217391304,0.021739130434782608,0.0,0.07608695652173914,0.13043478260869565,0.06521739130434782,0.3804347826086957,0.8804347826086957,0.6086956521739131,0.17391304347826086,0.03260869565217391,0.043478260869565216,0.09782608695652174,0.09782608695652174,0.03260869565217391,1.0,0.9239130434782609,0.22826086956521738,0.08695652173913043,0.06521739130434782,0.07608695652173914,0.05434782608695652,0.11956521739130435,0.03260869565217391,0.9782608695652174,0.9347826086956522,0.5108695652173914,0.13043478260869565,0.05434782608695652,0.06521739130434782,0.15217391304347827,0.18478260869565216,0.03260869565217391,0.6521739130434783,0.9021739130434783,0.6195652173913043,0.5543478260869565,0.391304347826087,0.2608695652173913,0.08695652173913043,0.06521739130434782,0.010869565217391304,0.0,0.45652173913043476,0.717391304347826,0.5978260869565217,0.6847826086956522,0.42391304347826086,0.44565217391304346,0.14130434782608695,0.03260869565217391,0.0,0.0,0.32608695652173914,0.5108695652173914,0.5543478260869565,0.5543478260869565,0.2608695652173913,0.45652173913043476,0.09782608695652174,0.11956521739130435,0.07608695652173914,0.03260869565217391,0.043478260869565216,0.08695652173913043,0.15217391304347827,0.30434782608695654,0.30434782608695654,0.5,0.5543478260869565,0.29347826086956524,0.17391304347826086,0.043478260869565216,0.021739130434782608,0.07608695652173914,0.09782608695652174,0.06521739130434782,0.6739130434782609,0.41304347826086957,0.2391304347826087,0.31521739130434784,0.21739130434782608,0.13043478260869565,0.043478260869565216,0.021739130434782608,0.0,0.0,0.06521739130434782,0.15217391304347827,0.07608695652173914,0.3804347826086957,0.40217391304347827,0.33695652173913043,0.30434782608695654,0.25,0.21739130434782608,0.09782608695652174,0.06521739130434782,0.0,0.0,0.09782608695652174,0.2391304347826087,0.20652173913043478,0.358695652173913,0.532608695652174,0.5217391304347826,0.5108695652173914,0.358695652173913,0.25,0.11956521739130435,0.08695652173913043,0.15217391304347827,0.31521739130434784,0.5,0.5434782608695652,0.6630434782608695,0.7391304347826086,0.6521739130434783,0.4891304347826087,0.33695652173913043,0.1956521739130435,0.021739130434782608,0.010869565217391304,0.021739130434782608,0.33695652173913043,0.42391304347826086,0.532608695652174,0.45652173913043476,0.6521739130434783,0.6195652173913043,0.5543478260869565,0.43478260869565216,0.20652173913043478,0.043478260869565216,0.03260869565217391,0.31521739130434784,0.29347826086956524,0.5543478260869565,0.6304347826086957,0.8804347826086957,0.6956521739130435,0.6521739130434783,0.3695652173913043,0.18478260869565216,0.03260869565217391,0.043478260869565216,0.25,0.5108695652173914,0.5,0.8369565217391305,0.8913043478260869,0.8043478260869565,0.7282608695652174,0.5217391304347826,0.21739130434782608,0.08695652173913043,0.06521739130434782,0.13043478260869565,0.7934782608695652,0.7391304347826086,0.6521739130434783,0.8478260869565217,0.6847826086956522,0.6195652173913043,0.3695652173913043,0.18478260869565216,0.03260869565217391,0.021739130434782608,0.08695652173913043,0.20652173913043478,0.09782608695652174,0.5760869565217391,0.44565217391304346,0.41304347826086957,0.7717391304347826,0.6521739130434783,0.6304347826086957,0.4782608695652174,0.2608695652173913,0.010869565217391304,0.021739130434782608,0.03260869565217391,0.13043478260869565,0.40217391304347827,0.40217391304347827,0.4782608695652174,0.6413043478260869,0.6956521739130435,0.6195652173913043,0.32608695652173914,0.18478260869565216,0.34782608695652173,0.6086956521739131,0.6195652173913043,0.4673913043478261,0.32608695652173914,0.14130434782608695,0.29347826086956524,0.42391304347826086,0.6304347826086957,0.5,0.30434782608695654,0.5,0.4673913043478261,0.2717391304347826,0.3804347826086957,0.33695652173913043,0.16304347826086957,0.07608695652173914,0.11956521739130435,0.021739130434782608,0.5079936781808702
2063-10-01,0.010869565217391304,0.010869565217391304,0.0,0.0,0.0,0.0,0.06521739130434782,0.07608695652173914,0.010869565217391304,0.0,0.0,0.0,0.0,0.0,0.4782608695652174,0.29347826086956524,0.05434782608695652,0.0,0.0,0.0,0.0,0.0,0.0,0.717391304347826,0.30434782608695654,0.09782608695652174,0.0,0.0,0.0,0.0,0.0,0.0,0.6847826086956522,0.391304347826087,0.07608695652173914,0.010869565217391304,0.0,0.0,0.0,0.0,0.0,0.021739130434782608,0.11956521739130435,0.03260869565217391,0.043478260869565216,0.021739130434782608,0.0,0.0,0.0,0.0,0.0,0.0,0.021739130434782608,0.03260869565217391,0.010869565217391304,0.0,0.0,0.0,0.0,0.0,0.0,0.0,0.010869565217391304,0.010869565217391304,0.021739130434782608,0.0,0.0,0.03260869565217391,0.0,0.0,0.0,0.021739130434782608,0.0,0.0,0.0,0.0,0.0,0.0,0.03260869565217391,0.0,0.0,0.0,0.06521739130434782,0.010869565217391304,0.0,0.03260869565217391,0.021739130434782608,0.0,0.0,0.0,0.0,0.0,0.0,0.043478260869565216,0.09782608695652174,0.11956521739130435,0.05434782608695652,0.0,0.05434782608695652,0.010869565217391304,0.0,0.0,0.0,0.0,0.0,0.0,0.14130434782608695,0.15217391304347827,0.14130434782608695,0.20652173913043478,0.06521739130434782,0.15217391304347827,0.08695652173913043,0.010869565217391304,0.0,0.0,0.0,0.0,0.0,0.13043478260869565,0.16304347826086957,0.2391304347826087,0.16304347826086957,0.10869565217391304,0.043478260869565216,0.010869565217391304,0.0,0.0,0.0,0.0,0.0,0.10869565217391304,0.17391304347826086,0.1956521739130435,0.15217391304347827,0.08695652173913043,0.03260869565217391,0.021739130434782608,0.021739130434782608,0.010869565217391304,0.0,0.0,0.10869565217391304,0.11956521739130435,0.09782608695652174,0.11956521739130435,0.17391304347826086,0.11956521739130435,0.09782608695652174,0.05434782608695652,0.021739130434782608,0.0,0.0,0.05434782608695652,0.08695652173913043,0.15217391304347827,0.14130434782608695,0.29347826086956524,0.14130434782608695,0.15217391304347827,0.08695652173913043,0.043478260869565216,0.03260869565217391,0.0,0.021739130434782608,0.05434782608695652,0.25,0.25,0.5108695652173914,0.20652173913043478,0.10869565217391304,0.05434782608695652,0.03260869565217391,0.010869565217391304,0.0,0.021739130434782608,0.010869565217391304,0.0,0.021739130434782608,0.06521739130434782,0.08695652173913043,0.15217391304347827,0.06521739130434782,0.05434782608695652,0.05434782608695652,0.05434782608695652,0.03260869565217391,0.0,0.0,0.021739130434782608,0.09782608695652174,0.05434782608695652,0.043478260869565216,0.06521739130434782,0.07608695652173914,0.06521739130434782,0.05434782608695652,0.06521739130434782,0.0,0.0,0.14130434782608695,0.05434782608695652,0.05434782608695652,0.03260869565217391,0.0,0.010869565217391304,0.03260869565217391,0.13043478260869565,0.043478260869565216,0.03260869565217391,0.043478260869565216,0.03260869565217391,0.0,0.0,0.0,0.0,0.010869565217391304,0.0,0.0,0.11682397207118633
2064-01-01,0.044444444444444446,0.022222222222222223,0.022222222222222223,0.044444444444444446,0.044444444444444446,0.011111111111111112,0.13333333333333333,0.1111111111111111,0.05555555555555555,0.0,0.022222222222222223,0.03333333333333333,0.022222222222222223,0.0,0.4111111111111111,0.18888888888888888,0.07777777777777778,0.08888888888888889,0.06666666666666667,0.044444444444444446,0.03333333333333333,0.022222222222222223,0.0,0.6888888888888889,0.26666666666666666,0.1111111111111111,0.1111111111111111,0.06666666666666667,0.07777777777777778,0.022222222222222223,0.011111111111111112,0.0,0.7111111111111111,0.4222222222222222,0.13333333333333333,0.12222222222222222,0.08888888888888889,0.07777777777777778,0.022222222222222223,0.022222222222222223,0.0,0.13333333333333333,0.26666666666666666,0.12222222222222222,0.12222222222222222,0.12222222222222222,0.1,0.08888888888888889,0.1111111111111111,0.03333333333333333,0.0,0.1,0.1,0.06666666666666667,0.08888888888888889,0.14444444444444443,0.1111111111111111,0.12222222222222222,0.1,0.03333333333333333,0.0,0.12222222222222222,0.05555555555555555,0.07777777777777778,0.1111111111111111,0.14444444444444443,0.08888888888888889,0.26666666666666666,0.06666666666666667,0.022222222222222223,0.0,0.022222222222222223,0.07777777777777778,0.03333333333333333,0.06666666666666667,0.08888888888888889,0.1,0.07777777777777778,0.17777777777777778,0.06666666666666667,0.011111111111111112,0.0,0.011111111111111112,0.05555555555555555,0.0,0.022222222222222223,0.044444444444444446,0.06666666666666667,0.044444444444444446,0.06666666666666667,0.011111111111111112,0.0,0.0,0.022222222222222223,0.044444444444444446,0.044444444444444446,0.022222222222222223,0.0,0.0,0.0,0.0,0.011111111111111112,0.011111111111111112,0.011111111111111112,0.0,0.0,0.044444444444444446,0.05555555555555555,0.07777777777777778,0.05555555555555555,0.022222222222222223,0.011111111111111112,0.011111111111111112,0.011111111111111112,0.0,0.011111111111111112,0.0,0.0,0.0,0.03333333333333333,0.03333333333333333,0.011111111111111112,0.011111111111111112,0.03333333333333333,0.044444444444444446,0.0,0.0,0.0,0.0,0.0,0.0,0.011111111111111112,0.0,0.0,0.0,0.03333333333333333,0.05555555555555555,0.03333333333333333,0.03333333333333333,0.03333333333333333,0.0,0.0,0.05555555555555555,0.0,0.0,0.022222222222222223,0.044444444444444446,0.06666666666666667,0.05555555555555555,0.06666666666666667,0.022222222222222223,0.0,0.0,0.05555555555555555,0.17777777777777778,0.011111111111111112,0.022222222222222223,0.03333333333333333,0.05555555555555555,0.044444444444444446,0.07777777777777778,0.011111111111111112,0.0,0.0,0.03333333333333333,0.011111111111111112,0.03333333333333333,0.022222222222222223,0.022222222222222223,0.03333333333333333,0.08888888888888889,0.05555555555555555,0.022222222222222223,0.0,0.12222222222222222,0.14444444444444443,0.12222222222222222,0.08888888888888889,0.011111111111111112,0.03333333333333333,0.022222222222222223,0.022222222222222223,0.0,0.03333333333333333,0.06666666666666667,0.011111111111111112,0.0,0.15555555555555556,0.06666666666666667,0.044444444444444446,0.1,0.06666666666666667,0.022222222222222223,0.011111111111111112,0.0,0.022222222222222223,0.011111111111111112,0.044444444444444446,0.044444444444444446,0.0,0.022222222222222223,0.011111111111111112,0.0,0.011111111111111112,0.044444444444444446,0.044444444444444446,0.011111111111111112,0.044444444444444446,0.0,0.0,0.0,0.0,0.0,0.022222222222222223,0.0,0.0,0.0,0.0,0.0,0.08144741355003074
2064-04-01,0.01098901098901099,0.01098901098901099,0.01098901098901099,0.03296703296703297,0.02197802197802198,0.02197802197802198,0.17582417582417584,0.3516483516483517,0.054945054945054944,0.03296703296703297,0.04395604395604396,0.07692307692307693,0.10989010989010989,0.01098901098901099,0.3516483516483517,0.5934065934065934,0.5054945054945055,0.2857142857142857,0.14285714285714285,0.08791208791208792,0.14285714285714285,0.12087912087912088,0.04395604395604396,0.945054945054945,0.7912087912087912,0.42857142857142855,0.27472527472527475,0.21978021978021978,0.14285714285714285,0.10989010989010989,0.054945054945054944,0.06593406593406594,0.945054945054945,0.8681318681318682,0.5714285714285714,0.2967032967032967,0.18681318681318682,0.15384615384615385,0.07692307692307693,0.03296703296703297,0.04395604395604396,0.6923076923076923,0.9230769230769231,0.8351648351648352,0.6483516483516484,0.4725274725274725,0.3956043956043956,0.21978021978021978,0.08791208791208792,0.06593406593406594,0.02197802197802198,0.4945054945054945,0.7692307692307693,0.7692307692307693,0.7142857142857143,0.5714285714285714,0.43956043956043955,0.23076923076923078,0.04395604395604396,0.07692307692307693,0.02197802197802198,0.38461538461538464,0.6153846153846154,0.6593406593406593,0.6263736263736264,0.4835164835164835,0.3626373626373626,0.12087912087912088,0.04395604395604396,0.07692307692307693,0.03296703296703297,0.13186813186813187,0.2857142857142857,0.5054945054945055,0.4835164835164835,0.4065934065934066,0.3956043956043956,0.2967032967032967,0.0989010989010989,0.01098901098901099,0.01098901098901099,0.03296703296703297,0.08791208791208792,0.21978021978021978,0.4175824175824176,0.5164835164835165,0.31868131868131866,0.16483516483516483,0.0989010989010989,0.02197802197802198,0.0,0.0,0.03296703296703297,0.24175824175824176,0.12087912087912088,0.14285714285714285,0.13186813186813187,0.21978021978021978,0.2967032967032967,0.08791208791208792,0.06593406593406594,0.02197802197802198,0.01098901098901099,0.0,0.02197802197802198,0.02197802197802198,0.27472527472527475,0.2857142857142857,0.42857142857142855,0.3956043956043956,0.27472527472527475,0.18681318681318682,0.06593406593406594,0.08791208791208792,0.07692307692307693,0.054945054945054944,0.04395604395604396,0.04395604395604396,0.02197802197802198,0.4725274725274725,0.37362637362637363,0.4065934065934066,0.17582417582417584,0.13186813186813187,0.21978021978021978,0.13186813186813187,0.13186813186813187,0.07692307692307693,0.04395604395604396,0.0,0.0,0.0989010989010989,0.15384615384615385,0.23076923076923078,0.15384615384615385,0.06593406593406594,0.10989010989010989,0.0989010989010989,0.13186813186813187,0.0989010989010989,0.04395604395604396,0.02197802197802198,0.23076923076923078,0.23076923076923078,0.10989010989010989,0.14285714285714285,0.16483516483516483,0.32967032967032966,0.24175824175824176,0.21978021978021978,0.16483516483516483,0.02197802197802198,0.01098901098901099,0.21978021978021978,0.25274725274725274,0.31868131868131866,0.23076923076923078,0.42857142857142855,0.37362637362637363,0.32967032967032966,0.37362637362637363,0.23076923076923078,0.04395604395604396,0.02197802197802198,0.2087912087912088,0.21978021978021978,0.38461538461538464,0.42857142857142855,0.27472527472527475,0.32967032967032966,0.23076923076923078,0.16483516483516483,0.0989010989010989,0.04395604395604396,0.17582417582417584,0.1978021978021978,0.2967032967032967,0.2857142857142857,0.2087912087912088,0.4175824175824176,0.31868131868131866,0.25274725274725274,0.3516483516483517,0.25274725274725274,0.23076923076923078,0.2087912087912088,0.02197802197802198,0.17582417582417584,0.2087912087912088,0.21978021978021978,0.3076923076923077,0.38461538461538464,0.31868131868131866,0.2967032967032967,0.32967032967032966,0.27472527472527475,0.26373626373626374,0.3626373626373626,0.25274725274725274,0.2857142857142857,0.34065934065934067,0.1978021978021978,0.17582417582417584,0.0989010989010989,0.27472527472527475,0.4175824175824176,0.3626373626373626,0.3076923076923077,0.1978021978021978,0.08791208791208792,0.34065934065934067,0.18681318681318682,0.0989010989010989,0.3516483516483517,0.1978021978021978,0.04395604395604396,0.01098901098901099,0.06593406593406594,0.02197802197802198,0.32223975160006363
2064-07-01,0.0,0.0,0.0,0.0,0.021739130434782608,0.03260869565217391,0.021739130434782608,0.5108695652173914,0.08695652173913043,0.010869565217391304,0.05434782608695652,0.14130434782608695,0.1956521739130435,0.05434782608695652,0.5869565217391305,0.9565217391304348,0.6304347826086957,0.13043478260869565,0.021739130434782608,0.09782608695652174,0.20652173913043478,0.2608695652173913,0.043478260869565216,1.0,0.9456521739130435,0.29347826086956524,0.043478260869565216,0.043478260869565216,0.09782608695652174,0.20652173913043478,0.25,0.06521739130434782,0.9565217391304348,0.8043478260869565,0.44565217391304346,0.05434782608695652,0.0,0.05434782608695652,0.31521739130434784,0.30434782608695654,0.06521739130434782,0.7065217391304348,0.8804347826086957,0.5217391304347826,0.45652173913043476,0.391304347826087,0.2826086956521739,0.07608695652173914,0.09782608695652174,0.021739130434782608,0.0,0.4673913043478261,0.6413043478260869,0.4782608695652174,0.5869565217391305,0.40217391304347827,0.5108695652173914,0.1956521739130435,0.043478260869565216,0.010869565217391304,0.0,0.08695652173913043,0.33695652173913043,0.4673913043478261,0.5978260869565217,0.42391304347826086,0.6086956521739131,0.25,0.21739130434782608,0.07608695652173914,0.043478260869565216,0.03260869565217391,0.043478260869565216,0.08695652173913043,0.21739130434782608,0.22826086956521738,0.6847826086956522,0.5543478260869565,0.391304347826087,0.18478260869565216,0.06521739130434782,0.043478260869565216,0.043478260869565216,0.07608695652173914,0.03260869565217391,0.6630434782608695,0.7391304347826086,0.5760869565217391,0.43478260869565216,0.22826086956521738,0.10869565217391304,0.06521739130434782,0.06521739130434782,0.010869565217391304,0.03260869565217391,0.043478260869565216,0.14130434782608695,0.043478260869565216,0.34782608695652173,0.44565217391304346,0.5434782608695652,0.45652173913043476,0.358695652173913,0.2391304347826087,0.10869565217391304,0.10869565217391304,0.0,0.010869565217391304,0.06521739130434782,0.33695652173913043,0.29347826086956524,0.391304347826087,0.5108695652173914,0.6413043478260869,0.6086956521739131,0.5760869565217391,0.41304347826086957,0.1956521739130435,0.15217391304347827,0.16304347826086957,0.34782608695652173,0.5108695652173914,0.5217391304347826,0.6521739130434783,0.8695652173913043,0.782608695652174,0.6304347826086957,0.43478260869565216,0.2391304347826087,0.11956521739130435,0.03260869565217391,0.010869565217391304,0.2826086956521739,0.5543478260869565,0.5869565217391305,0.5543478260869565,0.782608695652174,0.8260869565217391,0.6956521739130435,0.5,0.1956521739130435,0.07608695652173914,0.06521739130434782,0.3804347826086957,0.4673913043478261,0.6304347826086957,0.7391304347826086,0.9347826086956522,0.8804347826086957,0.7065217391304348,0.3695652173913043,0.18478260869565216,0.06521739130434782,0.043478260869565216,0.25,0.6521739130434783,0.6739130434782609,0.8478260869565217,0.9021739130434783,0.8804347826086957,0.7717391304347826,0.5108695652173914,0.18478260869565216,0.07608695652173914,0.043478260869565216,0.13043478260869565,0.7717391304347826,0.7608695652173914,0.6739130434782609,0.9130434782608695,0.782608695652174,0.6739130434782609,0.34782608695652173,0.11956521739130435,0.0,0.0,0.11956521739130435,0.14130434782608695,0.13043478260869565,0.6304347826086957,0.6086956521739131,0.5652173913043478,0.8804347826086957,0.8586956521739131,0.7391304347826086,0.6195652173913043,0.25,0.010869565217391304,0.0,0.021739130434782608,0.13043478260869565,0.4782608695652174,0.5217391304347826,0.5869565217391305,0.6739130434782609,0.9130434782608695,0.75,0.34782608695652173,0.22826086956521738,0.3804347826086957,0.6630434782608695,0.6413043478260869,0.4891304347826087,0.42391304347826086,0.21739130434782608,0.33695652173913043,0.391304347826087,0.6304347826086957,0.4891304347826087,0.2391304347826087,0.40217391304347827,0.3695652173913043,0.20652173913043478,0.2826086956521739,0.20652173913043478,0.09782608695652174,0.07608695652173914,0.010869565217391304,0.0,0.5429146732827578
2064-10-01,0.021739130434782608,0.0,0.0,0.0,0.0,0.0,0.16304347826086957,0.22826086956521738,0.10869565217391304,0.043478260869565216,0.010869565217391304,0.0,0.010869565217391304,0.0,0.6086956521739131,0.41304347826086957,0.17391304347826086,0.08695652173913043,0.05434782608695652,0.03260869565217391,0.010869565217391304,0.010869565217391304,0.0,0.7717391304347826,0.40217391304347827,0.11956521739130435,0.03260869565217391,0.021739130434782608,0.010869565217391304,0.0,0.0,0.0,0.782608695652174,0.5108695652173914,0.06521739130434782,0.010869565217391304,0.010869565217391304,0.010869565217391304,0.0,0.0,0.0,0.010869565217391304,0.11956521739130435,0.021739130434782608,0.010869565217391304,0.0,0.0,0.010869565217391304,0.0,0.0,0.0,0.0,0.021739130434782608,0.021739130434782608,0.0,0.0,0.0,0.0,0.0,0.0,0.0,0.0,0.0,0.0,0.0,0.0,0.0,0.0,0.0,0.0,0.0,0.010869565217391304,0.0,0.0,0.0,0.0,0.0,0.0,0.0,0.0,0.0,0.0,0.0,0.0,0.0,0.010869565217391304,0.0,0.0,0.0,0.0,0.0,0.0,0.0,0.043478260869565216,0.05434782608695652,0.13043478260869565,0.03260869565217391,0.0,0.010869565217391304,0.021739130434782608,0.0,0.010869565217391304,0.0,0.0,0.0,0.0,0.08695652173913043,0.16304347826086957,0.1956521739130435,0.16304347826086957,0.043478260869565216,0.05434782608695652,0.021739130434782608,0.010869565217391304,0.010869565217391304,0.010869565217391304,0.0,0.0,0.0,0.17391304347826086,0.20652173913043478,0.15217391304347827,0.08695652173913043,0.06521739130434782,0.05434782608695652,0.021739130434782608,0.010869565217391304,0.010869565217391304,0.0,0.0,0.0,0.13043478260869565,0.14130434782608695,0.15217391304347827,0.13043478260869565,0.05434782608695652,0.05434782608695652,0.06521739130434782,0.021739130434782608,0.05434782608695652,0.03260869565217391,0.0,0.10869565217391304,0.13043478260869565,0.07608695652173914,0.09782608695652174,0.09782608695652174,0.07608695652173914,0.06521739130434782,0.08695652173913043,0.03260869565217391,0.0,0.0,0.043478260869565216,0.09782608695652174,0.11956521739130435,0.06521739130434782,0.1956521739130435,0.09782608695652174,0.10869565217391304,0.07608695652173914,0.010869565217391304,0.0,0.0,0.03260869565217391,0.05434782608695652,0.1956521739130435,0.2391304347826087,0.4891304347826087,0.21739130434782608,0.08695652173913043,0.07608695652173914,0.021739130434782608,0.0,0.0,0.021739130434782608,0.021739130434782608,0.010869565217391304,0.010869565217391304,0.08695652173913043,0.09782608695652174,0.2391304347826087,0.03260869565217391,0.021739130434782608,0.06521739130434782,0.021739130434782608,0.010869565217391304,0.0,0.010869565217391304,0.043478260869565216,0.043478260869565216,0.043478260869565216,0.010869565217391304,0.010869565217391304,0.010869565217391304,0.0,0.021739130434782608,0.07608695652173914,0.010869565217391304,0.03260869565217391,0.17391304347826086,0.021739130434782608,0.021739130434782608,0.0,0.0,0.043478260869565216,0.0,0.13043478260869565,0.021739130434782608,0.0,0.021739130434782608,0.06521739130434782,0.0,0.0,0.0,0.0,0.0,0.0,0.0,0.12149756971526798
2065-01-01,0.2777777777777778,0.23333333333333334,0.2,0.23333333333333334,0.23333333333333334,0.13333333333333333,0.3111111111111111,0.24444444444444444,0.15555555555555556,0.05555555555555555,0.08888888888888889,0.06666666666666667,0.044444444444444446,0.03333333333333333,0.6,0.3,0.23333333333333334,0.17777777777777778,0.08888888888888889,0.14444444444444443,0.13333333333333333,0.07777777777777778,0.07777777777777778,0.7666666666666667,0.3888888888888889,0.25555555555555554,0.26666666666666666,0.24444444444444444,0.2222222222222222,0.17777777777777778,0.1111111111111111,0.1111111111111111,0.8111111111111111,0.7333333333333333,0.37777777777777777,0.3111111111111111,0.3,0.3,0.24444444444444444,0.07777777777777778,0.12222222222222222,0.25555555555555554,0.4,0.3333333333333333,0.3333333333333333,0.3333333333333333,0.32222222222222224,0.32222222222222224,0.32222222222222224,0.15555555555555556,0.1111111111111111,0.16666666666666666,0.3111111111111111,0.3111111111111111,0.3333333333333333,0.3,0.36666666666666664,0.4,0.3888888888888889,0.2111111111111111,0.12222222222222222,0.14444444444444443,0.24444444444444444,0.3,0.26666666666666666,0.25555555555555554,0.36666666666666664,0.4666666666666667,0.28888888888888886,0.14444444444444443,0.12222222222222222,0.06666666666666667,0.14444444444444443,0.18888888888888888,0.2777777777777778,0.17777777777777778,0.2111111111111111,0.3111111111111111,0.3333333333333333,0.16666666666666666,0.14444444444444443,0.06666666666666667,0.03333333333333333,0.1111111111111111,0.14444444444444443,0.07777777777777778,0.07777777777777778,0.1111111111111111,0.16666666666666666,0.15555555555555556,0.13333333333333333,0.07777777777777778,0.05555555555555555,0.03333333333333333,0.011111111111111112,0.05555555555555555,0.03333333333333333,0.03333333333333333,0.011111111111111112,0.03333333333333333,0.044444444444444446,0.1,0.07777777777777778,0.06666666666666667,0.05555555555555555,0.044444444444444446,0.1,0.12222222222222222,0.12222222222222222,0.07777777777777778,0.022222222222222223,0.03333333333333333,0.044444444444444446,0.05555555555555555,0.05555555555555555,0.05555555555555555,0.06666666666666667,0.044444444444444446,0.044444444444444446,0.1111111111111111,0.08888888888888889,0.03333333333333333,0.011111111111111112,0.044444444444444446,0.044444444444444446,0.044444444444444446,0.05555555555555555,0.03333333333333333,0.011111111111111112,0.022222222222222223,0.011111111111111112,0.08888888888888889,0.044444444444444446,0.044444444444444446,0.022222222222222223,0.022222222222222223,0.044444444444444446,0.044444444444444446,0.044444444444444446,0.044444444444444446,0.011111111111111112,0.011111111111111112,0.12222222222222222,0.044444444444444446,0.022222222222222223,0.03333333333333333,0.022222222222222223,0.044444444444444446,0.044444444444444446,0.044444444444444446,0.022222222222222223,0.044444444444444446,0.011111111111111112,0.1111111111111111,0.17777777777777778,0.044444444444444446,0.07777777777777778,0.022222222222222223,0.05555555555555555,0.07777777777777778,0.05555555555555555,0.022222222222222223,0.03333333333333333,0.022222222222222223,0.06666666666666667,0.022222222222222223,0.1111111111111111,0.08888888888888889,0.044444444444444446,0.07777777777777778,0.08888888888888889,0.022222222222222223,0.0,0.0,0.044444444444444446,0.05555555555555555,0.1111111111111111,0.12222222222222222,0.03333333333333333,0.06666666666666667,0.07777777777777778,0.08888888888888889,0.05555555555555555,0.06666666666666667,0.05555555555555555,0.011111111111111112,0.0,0.022222222222222223,0.07777777777777778,0.15555555555555556,0.16666666666666666,0.07777777777777778,0.05555555555555555,0.1,0.1,0.044444444444444446,0.05555555555555555,0.14444444444444443,0.07777777777777778,0.05555555555555555,0.06666666666666667,0.06666666666666667,0.03333333333333333,0.022222222222222223,0.2,0.18888888888888888,0.13333333333333333,0.08888888888888889,0.044444444444444446,0.03333333333333333,0.08888888888888889,0.03333333333333333,0.06666666666666667,0.2111111111111111,0.05555555555555555,0.044444444444444446,0.044444444444444446,0.05555555555555555,0.03333333333333333,0.12877498114411845
2065-04-01,0.054945054945054944,0.054945054945054944,0.054945054945054944,0.06593406593406594,0.04395604395604396,0.04395604395604396,0.16483516483516483,0.32967032967032966,0.07692307692307693,0.0,0.0,0.01098901098901099,0.01098901098901099,0.0,0.26373626373626374,0.5384615384615384,0.42857142857142855,0.2087912087912088,0.08791208791208792,0.06593406593406594,0.01098901098901099,0.0,0.0,0.978021978021978,0.7692307692307693,0.3626373626373626,0.2967032967032967,0.23076923076923078,0.15384615384615385,0.01098901098901099,0.0,0.0,0.989010989010989,0.9010989010989011,0.6923076923076923,0.4175824175824176,0.25274725274725274,0.17582417582417584,0.04395604395604396,0.0,0.0,0.7582417582417582,0.945054945054945,0.9230769230769231,0.7692307692307693,0.5714285714285714,0.4175824175824176,0.2087912087912088,0.14285714285714285,0.03296703296703297,0.0,0.5494505494505495,0.9340659340659341,0.8901098901098901,0.7582417582417582,0.6483516483516484,0.4835164835164835,0.27472527472527475,0.15384615384615385,0.07692307692307693,0.0,0.43956043956043955,0.8241758241758241,0.7912087912087912,0.7032967032967034,0.4725274725274725,0.4945054945054945,0.26373626373626374,0.08791208791208792,0.06593406593406594,0.01098901098901099,0.15384615384615385,0.3626373626373626,0.5714285714285714,0.6263736263736264,0.5274725274725275,0.38461538461538464,0.42857142857142855,0.13186813186813187,0.06593406593406594,0.03296703296703297,0.0,0.15384615384615385,0.2967032967032967,0.5054945054945055,0.6593406593406593,0.31868131868131866,0.21978021978021978,0.18681318681318682,0.07692307692307693,0.054945054945054944,0.03296703296703297,0.0,0.3516483516483517,0.31868131868131866,0.27472527472527475,0.2087912087912088,0.4065934065934066,0.3956043956043956,0.1978021978021978,0.14285714285714285,0.07692307692307693,0.07692307692307693,0.04395604395604396,0.0,0.0,0.34065934065934067,0.32967032967032966,0.3516483516483517,0.38461538461538464,0.45054945054945056,0.3626373626373626,0.31868131868131866,0.23076923076923078,0.14285714285714285,0.13186813186813187,0.04395604395604396,0.0,0.0,0.4725274725274725,0.3516483516483517,0.5494505494505495,0.38461538461538464,0.37362637362637363,0.31868131868131866,0.18681318681318682,0.13186813186813187,0.054945054945054944,0.01098901098901099,0.01098901098901099,0.0,0.23076923076923078,0.2967032967032967,0.2857142857142857,0.25274725274725274,0.12087912087912088,0.21978021978021978,0.18681318681318682,0.16483516483516483,0.07692307692307693,0.03296703296703297,0.01098901098901099,0.2967032967032967,0.32967032967032966,0.1978021978021978,0.25274725274725274,0.23076923076923078,0.34065934065934067,0.24175824175824176,0.23076923076923078,0.07692307692307693,0.03296703296703297,0.0,0.31868131868131866,0.3626373626373626,0.34065934065934067,0.27472527472527475,0.42857142857142855,0.38461538461538464,0.32967032967032966,0.2967032967032967,0.14285714285714285,0.04395604395604396,0.0,0.31868131868131866,0.31868131868131866,0.45054945054945056,0.4725274725274725,0.32967032967032966,0.43956043956043955,0.3076923076923077,0.21978021978021978,0.07692307692307693,0.02197802197802198,0.13186813186813187,0.27472527472527475,0.46153846153846156,0.42857142857142855,0.32967032967032966,0.38461538461538464,0.3626373626373626,0.31868131868131866,0.42857142857142855,0.3076923076923077,0.26373626373626374,0.14285714285714285,0.02197802197802198,0.25274725274725274,0.3626373626373626,0.34065934065934067,0.45054945054945056,0.45054945054945056,0.37362637362637363,0.31868131868131866,0.25274725274725274,0.2967032967032967,0.2087912087912088,0.4945054945054945,0.31868131868131866,0.2967032967032967,0.34065934065934067,0.24175824175824176,0.13186813186813187,0.07692307692307693,0.3516483516483517,0.38461538461538464,0.37362637362637363,0.3076923076923077,0.13186813186813187,0.054945054945054944,0.3076923076923077,0.17582417582417584,0.054945054945054944,0.2857142857142857,0.16483516483516483,0.04395604395604396,0.01098901098901099,0.01098901098901099,0.01098901098901099,0.35087662653808654
2065-07-01,0.0,0.0,0.0,0.03260869565217391,0.021739130434782608,0.0,0.17391304347826086,0.40217391304347827,0.13043478260869565,0.06521739130434782,0.03260869565217391,0.09782608695652174,0.09782608695652174,0.010869565217391304,0.2826086956521739,0.8043478260869565,0.5108695652173914,0.13043478260869565,0.05434782608695652,0.021739130434782608,0.05434782608695652,0.021739130434782608,0.0,0.9891304347826086,0.7934782608695652,0.18478260869565216,0.021739130434782608,0.010869565217391304,0.0,0.0,0.03260869565217391,0.0,0.967391304347826,0.8260869565217391,0.4673913043478261,0.14130434782608695,0.010869565217391304,0.010869565217391304,0.09782608695652174,0.16304347826086957,0.010869565217391304,0.5869565217391305,0.9021739130434783,0.6304347826086957,0.4782608695652174,0.3695652173913043,0.25,0.07608695652173914,0.010869565217391304,0.0,0.0,0.31521739130434784,0.5652173913043478,0.34782608695652173,0.44565217391304346,0.32608695652173914,0.34782608695652173,0.05434782608695652,0.0,0.0,0.0,0.14130434782608695,0.25,0.20652173913043478,0.40217391304347827,0.18478260869565216,0.31521739130434784,0.13043478260869565,0.03260869565217391,0.0,0.0,0.0,0.03260869565217391,0.07608695652173914,0.16304347826086957,0.17391304347826086,0.43478260869565216,0.42391304347826086,0.22826086956521738,0.13043478260869565,0.021739130434782608,0.0,0.043478260869565216,0.06521739130434782,0.03260869565217391,0.6521739130434783,0.31521739130434784,0.2826086956521739,0.25,0.15217391304347827,0.15217391304347827,0.06521739130434782,0.0,0.03260869565217391,0.03260869565217391,0.08695652173913043,0.14130434782608695,0.10869565217391304,0.358695652173913,0.358695652173913,0.40217391304347827,0.22826086956521738,0.14130434782608695,0.14130434782608695,0.06521739130434782,0.021739130434782608,0.021739130434782608,0.06521739130434782,0.17391304347826086,0.31521739130434784,0.29347826086956524,0.3804347826086957,0.45652173913043476,0.5434782608695652,0.42391304347826086,0.2717391304347826,0.16304347826086957,0.06521739130434782,0.0,0.2608695652173913,0.3695652173913043,0.41304347826086957,0.358695652173913,0.43478260869565216,0.6304347826086957,0.5543478260869565,0.3804347826086957,0.22826086956521738,0.07608695652173914,0.03260869565217391,0.0,0.13043478260869565,0.2608695652173913,0.32608695652173914,0.40217391304347827,0.358695652173913,0.5,0.5217391304347826,0.43478260869565216,0.2826086956521739,0.09782608695652174,0.05434782608695652,0.2391304347826087,0.34782608695652173,0.2391304347826087,0.4673913043478261,0.532608695652174,0.782608695652174,0.6304347826086957,0.4891304347826087,0.29347826086956524,0.10869565217391304,0.03260869565217391,0.10869565217391304,0.44565217391304346,0.5760869565217391,0.4891304347826087,0.7282608695652174,0.8369565217391305,0.717391304347826,0.6304347826086957,0.3695652173913043,0.11956521739130435,0.043478260869565216,0.15217391304347827,0.31521739130434784,0.7717391304347826,0.7934782608695652,0.6086956521739131,0.7608695652173914,0.6195652173913043,0.4891304347826087,0.32608695652173914,0.09782608695652174,0.010869565217391304,0.043478260869565216,0.25,0.2717391304347826,0.33695652173913043,0.6630434782608695,0.5434782608695652,0.45652173913043476,0.7282608695652174,0.6195652173913043,0.6521739130434783,0.44565217391304346,0.16304347826086957,0.010869565217391304,0.05434782608695652,0.13043478260869565,0.31521739130434784,0.5869565217391305,0.44565217391304346,0.4673913043478261,0.5652173913043478,0.7065217391304348,0.5543478260869565,0.45652173913043476,0.33695652173913043,0.40217391304347827,0.5652173913043478,0.5978260869565217,0.33695652173913043,0.18478260869565216,0.2608695652173913,0.40217391304347827,0.40217391304347827,0.5869565217391305,0.358695652173913,0.20652173913043478,0.391304347826087,0.391304347826087,0.18478260869565216,0.2608695652173913,0.21739130434782608,0.09782608695652174,0.043478260869565216,0.021739130434782608,0.0,0.47672821832036155
2065-10-01,0.03260869565217391,0.010869565217391304,0.0,0.0,0.0,0.0,0.25,0.22826086956521738,0.09782608695652174,0.010869565217391304,0.0,0.0,0.0,0.0,0.44565217391304346,0.31521739130434784,0.13043478260869565,0.05434782608695652,0.021739130434782608,0.021739130434782608,0.010869565217391304,0.010869565217391304,0.010869565217391304,0.6195652173913043,0.33695652173913043,0.05434782608695652,0.03260869565217391,0.010869565217391304,0.021739130434782608,0.010869565217391304,0.010869565217391304,0.010869565217391304,0.5869565217391305,0.358695652173913,0.043478260869565216,0.0,0.0,0.0,0.0,0.0,0.0,0.0,0.07608695652173914,0.0,0.0,0.0,0.0,0.0,0.0,0.0,0.0,0.010869565217391304,0.0,0.0,0.0,0.0,0.0,0.0,0.0,0.0,0.0,0.0,0.0,0.0,0.0,0.0,0.0,0.0,0.0,0.0,0.0,0.010869565217391304,0.0,0.0,0.0,0.0,0.0,0.0,0.0,0.0,0.0,0.0,0.05434782608695652,0.0,0.0,0.05434782608695652,0.0,0.0,0.0,0.0,0.0,0.0,0.010869565217391304,0.05434782608695652,0.10869565217391304,0.16304347826086957,0.07608695652173914,0.03260869565217391,0.07608695652173914,0.021739130434782608,0.010869565217391304,0.0,0.0,0.0,0.0,0.0,0.06521739130434782,0.18478260869565216,0.1956521739130435,0.1956521739130435,0.09782608695652174,0.10869565217391304,0.043478260869565216,0.010869565217391304,0.0,0.0,0.0,0.0,0.0,0.16304347826086957,0.15217391304347827,0.13043478260869565,0.11956521739130435,0.05434782608695652,0.03260869565217391,0.0,0.0,0.0,0.0,0.0,0.0,0.06521739130434782,0.13043478260869565,0.09782608695652174,0.08695652173913043,0.03260869565217391,0.03260869565217391,0.010869565217391304,0.0,0.021739130434782608,0.0,0.0,0.05434782608695652,0.05434782608695652,0.06521739130434782,0.07608695652173914,0.043478260869565216,0.07608695652173914,0.043478260869565216,0.05434782608695652,0.0,0.0,0.0,0.043478260869565216,0.09782608695652174,0.11956521739130435,0.14130434782608695,0.25,0.10869565217391304,0.09782608695652174,0.03260869565217391,0.0,0.0,0.0,0.021739130434782608,0.08695652173913043,0.17391304347826086,0.25,0.4673913043478261,0.2608695652173913,0.06521739130434782,0.043478260869565216,0.010869565217391304,0.0,0.010869565217391304,0.0,0.0,0.0,0.03260869565217391,0.11956521739130435,0.13043478260869565,0.1956521739130435,0.06521739130434782,0.021739130434782608,0.043478260869565216,0.010869565217391304,0.0,0.0,0.0,0.0,0.07608695652173914,0.07608695652173914,0.010869565217391304,0.07608695652173914,0.03260869565217391,0.010869565217391304,0.010869565217391304,0.07608695652173914,0.0,0.05434782608695652,0.11956521739130435,0.010869565217391304,0.0,0.010869565217391304,0.0,0.043478260869565216,0.010869565217391304,0.09782608695652174,0.0,0.010869565217391304,0.021739130434782608,0.021739130434782608,0.0,0.0,0.0,0.0,0.0,0.0,0.0,0.10311195612252384
2086-01-01,0.24444444444444444,0.23333333333333334,0.2111111111111111,0.18888888888888888,0.08888888888888889,0.05555555555555555,0.28888888888888886,0.2,0.1,0.07777777777777778,0.06666666666666667,0.011111111111111112,0.0,0.022222222222222223,0.4666666666666667,0.23333333333333334,0.05555555555555555,0.1111111111111111,0.13333333333333333,0.12222222222222222,0.06666666666666667,0.03333333333333333,0.044444444444444446,0.6,0.18888888888888888,0.05555555555555555,0.12222222222222222,0.18888888888888888,0.17777777777777778,0.13333333333333333,0.08888888888888889,0.03333333333333333,0.6888888888888889,0.4444444444444444,0.2111111111111111,0.15555555555555556,0.17777777777777778,0.2111111111111111,0.15555555555555556,0.1,0.03333333333333333,0.3,0.4,0.32222222222222224,0.25555555555555554,0.2,0.12222222222222222,0.2111111111111111,0.17777777777777778,0.12222222222222222,0.06666666666666667,0.26666666666666666,0.34444444444444444,0.3111111111111111,0.2777777777777778,0.25555555555555554,0.25555555555555554,0.28888888888888886,0.2222222222222222,0.13333333333333333,0.044444444444444446,0.24444444444444444,0.32222222222222224,0.2777777777777778,0.3111111111111111,0.35555555555555557,0.3333333333333333,0.34444444444444444,0.16666666666666666,0.06666666666666667,0.022222222222222223,0.1111111111111111,0.2,0.23333333333333334,0.23333333333333334,0.28888888888888886,0.32222222222222224,0.34444444444444444,0.2777777777777778,0.06666666666666667,0.044444444444444446,0.022222222222222223,0.06666666666666667,0.12222222222222222,0.14444444444444443,0.13333333333333333,0.14444444444444443,0.18888888888888888,0.23333333333333334,0.07777777777777778,0.011111111111111112,0.044444444444444446,0.022222222222222223,0.05555555555555555,0.06666666666666667,0.05555555555555555,0.07777777777777778,0.1111111111111111,0.06666666666666667,0.05555555555555555,0.05555555555555555,0.044444444444444446,0.011111111111111112,0.022222222222222223,0.022222222222222223,0.022222222222222223,0.08888888888888889,0.08888888888888889,0.07777777777777778,0.03333333333333333,0.05555555555555555,0.022222222222222223,0.0,0.0,0.011111111111111112,0.03333333333333333,0.022222222222222223,0.022222222222222223,0.0,0.06666666666666667,0.03333333333333333,0.044444444444444446,0.0,0.0,0.011111111111111112,0.011111111111111112,0.03333333333333333,0.011111111111111112,0.011111111111111112,0.0,0.0,0.07777777777777778,0.03333333333333333,0.022222222222222223,0.0,0.0,0.0,0.011111111111111112,0.03333333333333333,0.011111111111111112,0.0,0.0,0.1111111111111111,0.022222222222222223,0.022222222222222223,0.022222222222222223,0.022222222222222223,0.011111111111111112,0.011111111111111112,0.03333333333333333,0.03333333333333333,0.011111111111111112,0.0,0.06666666666666667,0.15555555555555556,0.03333333333333333,0.011111111111111112,0.03333333333333333,0.022222222222222223,0.03333333333333333,0.022222222222222223,0.022222222222222223,0.011111111111111112,0.0,0.044444444444444446,0.022222222222222223,0.05555555555555555,0.03333333333333333,0.03333333333333333,0.011111111111111112,0.044444444444444446,0.022222222222222223,0.011111111111111112,0.0,0.06666666666666667,0.1111111111111111,0.13333333333333333,0.044444444444444446,0.011111111111111112,0.0,0.03333333333333333,0.044444444444444446,0.011111111111111112,0.011111111111111112,0.022222222222222223,0.022222222222222223,0.0,0.1,0.1111111111111111,0.1111111111111111,0.1,0.022222222222222223,0.022222222222222223,0.03333333333333333,0.022222222222222223,0.0,0.0,0.1111111111111111,0.022222222222222223,0.044444444444444446,0.022222222222222223,0.011111111111111112,0.011111111111111112,0.011111111111111112,0.13333333333333333,0.07777777777777778,0.03333333333333333,0.1,0.03333333333333333,0.0,0.022222222222222223,0.044444444444444446,0.022222222222222223,0.044444444444444446,0.03333333333333333,0.022222222222222223,0.03333333333333333,0.022222222222222223,0.022222222222222223,0.0919294202104907
2086-04-01,0.0,0.0,0.0,0.0,0.0,0.0,0.0989010989010989,0.3956043956043956,0.07692307692307693,0.04395604395604396,0.03296703296703297,0.04395604395604396,0.07692307692307693,0.01098901098901099,0.32967032967032966,0.5714285714285714,0.42857142857142855,0.23076923076923078,0.13186813186813187,0.0989010989010989,0.0989010989010989,0.07692307692307693,0.04395604395604396,0.989010989010989,0.8021978021978022,0.45054945054945056,0.2857142857142857,0.2087912087912088,0.17582417582417584,0.12087912087912088,0.07692307692307693,0.07692307692307693,0.9560439560439561,0.8461538461538461,0.6263736263736264,0.46153846153846156,0.24175824175824176,0.1978021978021978,0.0989010989010989,0.054945054945054944,0.07692307692307693,0.8021978021978022,0.9230769230769231,0.7692307692307693,0.6813186813186813,0.6483516483516484,0.5604395604395604,0.26373626373626374,0.14285714285714285,0.08791208791208792,0.054945054945054944,0.6483516483516484,0.8791208791208791,0.7692307692307693,0.7142857142857143,0.6593406593406593,0.6043956043956044,0.2967032967032967,0.17582417582417584,0.10989010989010989,0.02197802197802198,0.46153846153846156,0.7252747252747253,0.6813186813186813,0.6923076923076923,0.5604395604395604,0.5274725274725275,0.27472527472527475,0.18681318681318682,0.08791208791208792,0.054945054945054944,0.15384615384615385,0.31868131868131866,0.5604395604395604,0.5384615384615384,0.42857142857142855,0.4835164835164835,0.38461538461538464,0.17582417582417584,0.054945054945054944,0.04395604395604396,0.02197802197802198,0.15384615384615385,0.21978021978021978,0.37362637362637363,0.5164835164835165,0.2967032967032967,0.1978021978021978,0.16483516483516483,0.04395604395604396,0.02197802197802198,0.01098901098901099,0.0,0.02197802197802198,0.12087912087912088,0.16483516483516483,0.15384615384615385,0.16483516483516483,0.17582417582417584,0.14285714285714285,0.12087912087912088,0.07692307692307693,0.03296703296703297,0.054945054945054944,0.054945054945054944,0.03296703296703297,0.07692307692307693,0.12087912087912088,0.16483516483516483,0.23076923076923078,0.17582417582417584,0.1978021978021978,0.21978021978021978,0.14285714285714285,0.06593406593406594,0.054945054945054944,0.12087912087912088,0.08791208791208792,0.054945054945054944,0.27472527472527475,0.23076923076923078,0.25274725274725274,0.24175824175824176,0.26373626373626374,0.25274725274725274,0.15384615384615385,0.10989010989010989,0.13186813186813187,0.07692307692307693,0.01098901098901099,0.0,0.14285714285714285,0.14285714285714285,0.16483516483516483,0.21978021978021978,0.13186813186813187,0.2087912087912088,0.10989010989010989,0.13186813186813187,0.12087912087912088,0.054945054945054944,0.0,0.13186813186813187,0.21978021978021978,0.10989010989010989,0.18681318681318682,0.24175824175824176,0.37362637362637363,0.23076923076923078,0.25274725274725274,0.15384615384615385,0.06593406593406594,0.01098901098901099,0.12087912087912088,0.24175824175824176,0.26373626373626374,0.21978021978021978,0.37362637362637363,0.38461538461538464,0.31868131868131866,0.32967032967032966,0.21978021978021978,0.06593406593406594,0.02197802197802198,0.14285714285714285,0.14285714285714285,0.3076923076923077,0.3076923076923077,0.23076923076923078,0.34065934065934067,0.23076923076923078,0.25274725274725274,0.10989010989010989,0.06593406593406594,0.0989010989010989,0.13186813186813187,0.26373626373626374,0.32967032967032966,0.15384615384615385,0.25274725274725274,0.24175824175824176,0.21978021978021978,0.3076923076923077,0.27472527472527475,0.27472527472527475,0.1978021978021978,0.07692307692307693,0.15384615384615385,0.14285714285714285,0.25274725274725274,0.27472527472527475,0.21978021978021978,0.2967032967032967,0.27472527472527475,0.24175824175824176,0.2857142857142857,0.25274725274725274,0.32967032967032966,0.18681318681318682,0.23076923076923078,0.2967032967032967,0.2857142857142857,0.17582417582417584,0.13186813186813187,0.27472527472527475,0.3516483516483517,0.2087912087912088,0.26373626373626374,0.1978021978021978,0.14285714285714285,0.1978021978021978,0.17582417582417584,0.12087912087912088,0.1978021978021978,0.12087912087912088,0.06593406593406594,0.04395604395604396,0.04395604395604396,0.02197802197802198,0.3023653093944435
2086-07-01,0.0,0.0,0.0,0.010869565217391304,0.0,0.0,0.13043478260869565,0.6413043478260869,0.10869565217391304,0.0,0.010869565217391304,0.03260869565217391,0.03260869565217391,0.010869565217391304,0.5543478260869565,0.9891304347826086,0.7608695652173914,0.17391304347826086,0.05434782608695652,0.03260869565217391,0.03260869565217391,0.021739130434782608,0.0,1.0,0.9565217391304348,0.2608695652173913,0.10869565217391304,0.11956521739130435,0.09782608695652174,0.08695652173913043,0.08695652173913043,0.0,0.9456521739130435,0.8478260869565217,0.358695652173913,0.15217391304347827,0.03260869565217391,0.06521739130434782,0.2608695652173913,0.22826086956521738,0.043478260869565216,0.6956521739130435,0.8478260869565217,0.5,0.5217391304347826,0.3804347826086957,0.34782608695652173,0.11956521739130435,0.06521739130434782,0.021739130434782608,0.0,0.40217391304347827,0.7282608695652174,0.5652173913043478,0.6086956521739131,0.44565217391304346,0.5760869565217391,0.09782608695652174,0.03260869565217391,0.0,0.0,0.1956521739130435,0.41304347826086957,0.5652173913043478,0.6956521739130435,0.29347826086956524,0.5434782608695652,0.11956521739130435,0.010869565217391304,0.010869565217391304,0.0,0.03260869565217391,0.05434782608695652,0.10869565217391304,0.30434782608695654,0.2391304347826087,0.5652173913043478,0.43478260869565216,0.18478260869565216,0.03260869565217391,0.0,0.0,0.06521739130434782,0.09782608695652174,0.08695652173913043,0.7608695652173914,0.3804347826086957,0.18478260869565216,0.11956521739130435,0.0,0.03260869565217391,0.010869565217391304,0.021739130434782608,0.0,0.0,0.09782608695652174,0.17391304347826086,0.06521739130434782,0.5434782608695652,0.44565217391304346,0.2826086956521739,0.14130434782608695,0.06521739130434782,0.08695652173913043,0.043478260869565216,0.021739130434782608,0.0,0.021739130434782608,0.10869565217391304,0.2608695652173913,0.2717391304347826,0.5434782608695652,0.717391304347826,0.6304347826086957,0.40217391304347827,0.1956521739130435,0.15217391304347827,0.11956521739130435,0.043478260869565216,0.13043478260869565,0.18478260869565216,0.4673913043478261,0.5108695652173914,0.782608695652174,0.8369565217391305,0.6956521739130435,0.391304347826087,0.2826086956521739,0.13043478260869565,0.043478260869565216,0.010869565217391304,0.03260869565217391,0.2391304347826087,0.2717391304347826,0.44565217391304346,0.358695652173913,0.5978260869565217,0.5652173913043478,0.42391304347826086,0.5,0.1956521739130435,0.06521739130434782,0.09782608695652174,0.17391304347826086,0.16304347826086957,0.3804347826086957,0.5,0.8586956521739131,0.7282608695652174,0.6304347826086957,0.3804347826086957,0.18478260869565216,0.06521739130434782,0.021739130434782608,0.21739130434782608,0.44565217391304346,0.3804347826086957,0.7608695652173914,0.8804347826086957,0.8152173913043478,0.6956521739130435,0.5217391304347826,0.1956521739130435,0.07608695652173914,0.010869565217391304,0.06521739130434782,0.6304347826086957,0.6630434782608695,0.43478260869565216,0.8586956521739131,0.7065217391304348,0.5978260869565217,0.33695652173913043,0.11956521739130435,0.010869565217391304,0.0,0.1956521739130435,0.10869565217391304,0.021739130434782608,0.5,0.33695652173913043,0.2826086956521739,0.75,0.7065217391304348,0.6847826086956522,0.5543478260869565,0.18478260869565216,0.043478260869565216,0.010869565217391304,0.0,0.03260869565217391,0.29347826086956524,0.32608695652173914,0.43478260869565216,0.5434782608695652,0.7717391304347826,0.6847826086956522,0.11956521739130435,0.05434782608695652,0.29347826086956524,0.6195652173913043,0.6086956521739131,0.42391304347826086,0.33695652173913043,0.043478260869565216,0.1956521739130435,0.40217391304347827,0.6739130434782609,0.5543478260869565,0.29347826086956524,0.5217391304347826,0.5978260869565217,0.33695652173913043,0.2608695652173913,0.3695652173913043,0.22826086956521738,0.16304347826086957,0.15217391304347827,0.08695652173913043,0.5062324585102012
2086-10-01,0.09782608695652174,0.06521739130434782,0.08695652173913043,0.03260869565217391,0.021739130434782608,0.0,0.25,0.18478260869565216,0.15217391304347827,0.05434782608695652,0.03260869565217391,0.021739130434782608,0.010869565217391304,0.010869565217391304,0.6086956521739131,0.358695652173913,0.10869565217391304,0.043478260869565216,0.010869565217391304,0.010869565217391304,0.010869565217391304,0.0,0.0,0.8043478260869565,0.41304347826086957,0.05434782608695652,0.021739130434782608,0.0,0.0,0.0,0.0,0.0,0.8260869565217391,0.5217391304347826,0.08695652173913043,0.043478260869565216,0.0,0.0,0.0,0.0,0.0,0.0,0.07608695652173914,0.021739130434782608,0.021739130434782608,0.043478260869565216,0.021739130434782608,0.0,0.0,0.0,0.0,0.0,0.0,0.0,0.010869565217391304,0.0,0.03260869565217391,0.0,0.0,0.0,0.0,0.0,0.0,0.0,0.0,0.0,0.0,0.0,0.0,0.0,0.0,0.03260869565217391,0.0,0.0,0.010869565217391304,0.0,0.0,0.010869565217391304,0.0,0.0,0.0,0.0,0.05434782608695652,0.05434782608695652,0.0,0.06521739130434782,0.03260869565217391,0.0,0.0,0.0,0.0,0.0,0.0,0.09782608695652174,0.15217391304347827,0.21739130434782608,0.10869565217391304,0.0,0.07608695652173914,0.05434782608695652,0.043478260869565216,0.010869565217391304,0.0,0.0,0.0,0.0,0.14130434782608695,0.2391304347826087,0.2826086956521739,0.29347826086956524,0.13043478260869565,0.16304347826086957,0.10869565217391304,0.07608695652173914,0.021739130434782608,0.010869565217391304,0.010869565217391304,0.0,0.0,0.22826086956521738,0.2717391304347826,0.22826086956521738,0.1956521739130435,0.15217391304347827,0.11956521739130435,0.043478260869565216,0.043478260869565216,0.03260869565217391,0.0,0.0,0.0,0.15217391304347827,0.2391304347826087,0.2826086956521739,0.22826086956521738,0.16304347826086957,0.14130434782608695,0.05434782608695652,0.03260869565217391,0.05434782608695652,0.010869565217391304,0.0,0.11956521739130435,0.18478260869565216,0.21739130434782608,0.20652173913043478,0.25,0.2391304347826087,0.14130434782608695,0.07608695652173914,0.021739130434782608,0.021739130434782608,0.0,0.11956521739130435,0.15217391304347827,0.21739130434782608,0.22826086956521738,0.358695652173913,0.2826086956521739,0.21739130434782608,0.11956521739130435,0.043478260869565216,0.021739130434782608,0.010869565217391304,0.043478260869565216,0.10869565217391304,0.32608695652173914,0.33695652173913043,0.6304347826086957,0.3804347826086957,0.25,0.14130434782608695,0.021739130434782608,0.021739130434782608,0.06521739130434782,0.05434782608695652,0.03260869565217391,0.021739130434782608,0.05434782608695652,0.13043478260869565,0.16304347826086957,0.30434782608695654,0.20652173913043478,0.18478260869565216,0.17391304347826086,0.06521739130434782,0.0,0.08695652173913043,0.06521739130434782,0.043478260869565216,0.11956521739130435,0.09782608695652174,0.03260869565217391,0.10869565217391304,0.14130434782608695,0.10869565217391304,0.11956521739130435,0.11956521739130435,0.010869565217391304,0.08695652173913043,0.29347826086956524,0.11956521739130435,0.08695652173913043,0.05434782608695652,0.0,0.03260869565217391,0.08695652173913043,0.2391304347826087,0.07608695652173914,0.05434782608695652,0.06521739130434782,0.06521739130434782,0.0,0.021739130434782608,0.010869565217391304,0.0,0.0,0.0,0.0,0.1839692420522842
2087-01-01,0.06666666666666667,0.044444444444444446,0.03333333333333333,0.03333333333333333,0.03333333333333333,0.0,0.2,0.07777777777777778,0.05555555555555555,0.022222222222222223,0.022222222222222223,0.022222222222222223,0.022222222222222223,0.0,0.5777777777777777,0.2,0.1,0.07777777777777778,0.011111111111111112,0.011111111111111112,0.011111111111111112,0.011111111111111112,0.0,0.7111111111111111,0.2777777777777778,0.1,0.06666666666666667,0.03333333333333333,0.044444444444444446,0.03333333333333333,0.011111111111111112,0.0,0.7777777777777778,0.5333333333333333,0.07777777777777778,0.07777777777777778,0.044444444444444446,0.13333333333333333,0.06666666666666667,0.022222222222222223,0.0,0.17777777777777778,0.17777777777777778,0.12222222222222222,0.1111111111111111,0.06666666666666667,0.044444444444444446,0.13333333333333333,0.07777777777777778,0.05555555555555555,0.0,0.13333333333333333,0.13333333333333333,0.13333333333333333,0.13333333333333333,0.13333333333333333,0.1111111111111111,0.1111111111111111,0.1,0.08888888888888889,0.011111111111111112,0.1,0.07777777777777778,0.12222222222222222,0.1,0.17777777777777778,0.15555555555555556,0.15555555555555556,0.08888888888888889,0.044444444444444446,0.011111111111111112,0.022222222222222223,0.08888888888888889,0.07777777777777778,0.15555555555555556,0.1111111111111111,0.15555555555555556,0.12222222222222222,0.06666666666666667,0.03333333333333333,0.03333333333333333,0.0,0.03333333333333333,0.06666666666666667,0.08888888888888889,0.08888888888888889,0.08888888888888889,0.06666666666666667,0.03333333333333333,0.022222222222222223,0.011111111111111112,0.011111111111111112,0.0,0.0,0.022222222222222223,0.03333333333333333,0.044444444444444446,0.044444444444444446,0.044444444444444446,0.011111111111111112,0.0,0.0,0.0,0.0,0.0,0.0,0.011111111111111112,0.06666666666666667,0.05555555555555555,0.044444444444444446,0.044444444444444446,0.03333333333333333,0.0,0.0,0.0,0.0,0.0,0.0,0.0,0.05555555555555555,0.044444444444444446,0.044444444444444446,0.022222222222222223,0.0,0.0,0.0,0.011111111111111112,0.022222222222222223,0.011111111111111112,0.0,0.0,0.07777777777777778,0.06666666666666667,0.022222222222222223,0.011111111111111112,0.011111111111111112,0.0,0.0,0.044444444444444446,0.03333333333333333,0.011111111111111112,0.0,0.07777777777777778,0.05555555555555555,0.011111111111111112,0.011111111111111112,0.0,0.022222222222222223,0.044444444444444446,0.06666666666666667,0.022222222222222223,0.011111111111111112,0.0,0.044444444444444446,0.1111111111111111,0.011111111111111112,0.022222222222222223,0.011111111111111112,0.022222222222222223,0.1,0.011111111111111112,0.0,0.0,0.0,0.022222222222222223,0.022222222222222223,0.07777777777777778,0.044444444444444446,0.011111111111111112,0.011111111111111112,0.044444444444444446,0.03333333333333333,0.0,0.0,0.022222222222222223,0.044444444444444446,0.05555555555555555,0.03333333333333333,0.0,0.044444444444444446,0.044444444444444446,0.022222222222222223,0.011111111111111112,0.011111111111111112,0.022222222222222223,0.0,0.0,0.03333333333333333,0.03333333333333333,0.05555555555555555,0.1,0.03333333333333333,0.03333333333333333,0.03333333333333333,0.022222222222222223,0.011111111111111112,0.022222222222222223,0.044444444444444446,0.011111111111111112,0.022222222222222223,0.011111111111111112,0.011111111111111112,0.022222222222222223,0.0,0.022222222222222223,0.011111111111111112,0.011111111111111112,0.07777777777777778,0.022222222222222223,0.0,0.0,0.0,0.0,0.0,0.0,0.0,0.0,0.0,0.0,0.07751831323649046
2087-04-01,0.01098901098901099,0.01098901098901099,0.0,0.0,0.01098901098901099,0.0,0.14285714285714285,0.3516483516483517,0.0989010989010989,0.054945054945054944,0.06593406593406594,0.04395604395604396,0.03296703296703297,0.02197802197802198,0.34065934065934067,0.5824175824175825,0.37362637362637363,0.16483516483516483,0.054945054945054944,0.07692307692307693,0.06593406593406594,0.03296703296703297,0.0,0.9340659340659341,0.7252747252747253,0.2087912087912088,0.2087912087912088,0.10989010989010989,0.07692307692307693,0.054945054945054944,0.04395604395604396,0.0,0.8681318681318682,0.7472527472527473,0.5054945054945055,0.18681318681318682,0.10989010989010989,0.07692307692307693,0.08791208791208792,0.02197802197802198,0.0,0.7142857142857143,0.8791208791208791,0.7252747252747253,0.6703296703296703,0.38461538461538464,0.23076923076923078,0.12087912087912088,0.10989010989010989,0.07692307692307693,0.0,0.45054945054945056,0.8131868131868132,0.8131868131868132,0.7362637362637363,0.5494505494505495,0.3076923076923077,0.12087912087912088,0.0989010989010989,0.06593406593406594,0.0,0.34065934065934067,0.6373626373626373,0.7142857142857143,0.7582417582417582,0.5054945054945055,0.34065934065934067,0.12087912087912088,0.08791208791208792,0.06593406593406594,0.01098901098901099,0.12087912087912088,0.24175824175824176,0.45054945054945056,0.5274725274725275,0.5164835164835165,0.45054945054945056,0.32967032967032966,0.1978021978021978,0.07692307692307693,0.054945054945054944,0.01098901098901099,0.15384615384615385,0.1978021978021978,0.2857142857142857,0.5054945054945055,0.31868131868131866,0.24175824175824176,0.16483516483516483,0.10989010989010989,0.04395604395604396,0.054945054945054944,0.02197802197802198,0.3076923076923077,0.25274725274725274,0.27472527472527475,0.2087912087912088,0.24175824175824176,0.27472527472527475,0.10989010989010989,0.08791208791208792,0.03296703296703297,0.03296703296703297,0.06593406593406594,0.02197802197802198,0.02197802197802198,0.2967032967032967,0.2967032967032967,0.34065934065934067,0.37362637362637363,0.37362637362637363,0.27472527472527475,0.21978021978021978,0.15384615384615385,0.08791208791208792,0.08791208791208792,0.07692307692307693,0.054945054945054944,0.04395604395604396,0.38461538461538464,0.3626373626373626,0.5164835164835165,0.32967032967032966,0.2857142857142857,0.23076923076923078,0.15384615384615385,0.16483516483516483,0.13186813186813187,0.06593406593406594,0.04395604395604396,0.02197802197802198,0.1978021978021978,0.26373626373626374,0.4065934065934066,0.38461538461538464,0.25274725274725274,0.25274725274725274,0.24175824175824176,0.25274725274725274,0.21978021978021978,0.10989010989010989,0.04395604395604396,0.21978021978021978,0.32967032967032966,0.2967032967032967,0.4175824175824176,0.37362637362637363,0.46153846153846156,0.42857142857142855,0.3516483516483517,0.2087912087912088,0.10989010989010989,0.07692307692307693,0.17582417582417584,0.25274725274725274,0.38461538461538464,0.37362637362637363,0.5494505494505495,0.5604395604395604,0.5274725274725275,0.45054945054945056,0.27472527472527475,0.13186813186813187,0.08791208791208792,0.054945054945054944,0.13186813186813187,0.5054945054945055,0.5824175824175825,0.43956043956043955,0.5274725274725275,0.42857142857142855,0.3516483516483517,0.16483516483516483,0.10989010989010989,0.10989010989010989,0.13186813186813187,0.16483516483516483,0.12087912087912088,0.10989010989010989,0.38461538461538464,0.45054945054945056,0.3076923076923077,0.4945054945054945,0.42857142857142855,0.4065934065934066,0.3076923076923077,0.15384615384615385,0.16483516483516483,0.054945054945054944,0.03296703296703297,0.0989010989010989,0.34065934065934067,0.3626373626373626,0.3956043956043956,0.3516483516483517,0.46153846153846156,0.4065934065934066,0.27472527472527475,0.12087912087912088,0.23076923076923078,0.4065934065934066,0.38461538461538464,0.25274725274725274,0.16483516483516483,0.07692307692307693,0.2857142857142857,0.3076923076923077,0.4065934065934066,0.2857142857142857,0.14285714285714285,0.3626373626373626,0.3076923076923077,0.17582417582417584,0.34065934065934067,0.15384615384615385,0.0989010989010989,0.054945054945054944,0.054945054945054944,0.03296703296703297,0.3753232663598874
2087-07-01,0.0,0.0,0.0,0.0,0.010869565217391304,0.021739130434782608,0.11956521739130435,0.532608695652174,0.13043478260869565,0.010869565217391304,0.021739130434782608,0.06521739130434782,0.09782608695652174,0.05434782608695652,0.5869565217391305,0.9021739130434783,0.6086956521739131,0.14130434782608695,0.03260869565217391,0.03260869565217391,0.06521739130434782,0.06521739130434782,0.0,1.0,0.9565217391304348,0.22826086956521738,0.08695652173913043,0.021739130434782608,0.021739130434782608,0.08695652173913043,0.10869565217391304,0.010869565217391304,0.9891304347826086,0.8260869565217391,0.358695652173913,0.06521739130434782,0.0,0.021739130434782608,0.2391304347826087,0.22826086956521738,0.021739130434782608,0.5869565217391305,0.8369565217391305,0.5108695652173914,0.41304347826086957,0.2608695652173913,0.21739130434782608,0.043478260869565216,0.021739130434782608,0.021739130434782608,0.0,0.4673913043478261,0.6304347826086957,0.45652173913043476,0.5,0.2717391304347826,0.43478260869565216,0.08695652173913043,0.0,0.0,0.0,0.18478260869565216,0.3695652173913043,0.40217391304347827,0.4782608695652174,0.18478260869565216,0.42391304347826086,0.15217391304347827,0.021739130434782608,0.010869565217391304,0.0,0.03260869565217391,0.03260869565217391,0.11956521739130435,0.21739130434782608,0.1956521739130435,0.4782608695652174,0.5108695652173914,0.2608695652173913,0.05434782608695652,0.0,0.0,0.05434782608695652,0.08695652173913043,0.021739130434782608,0.6956521739130435,0.4673913043478261,0.29347826086956524,0.32608695652173914,0.11956521739130435,0.021739130434782608,0.010869565217391304,0.03260869565217391,0.0,0.021739130434782608,0.06521739130434782,0.14130434782608695,0.043478260869565216,0.3695652173913043,0.43478260869565216,0.33695652173913043,0.25,0.09782608695652174,0.05434782608695652,0.08695652173913043,0.03260869565217391,0.021739130434782608,0.03260869565217391,0.06521739130434782,0.2717391304347826,0.2826086956521739,0.532608695652174,0.6304347826086957,0.6956521739130435,0.532608695652174,0.29347826086956524,0.15217391304347827,0.10869565217391304,0.05434782608695652,0.11956521739130435,0.2826086956521739,0.5,0.5652173913043478,0.7282608695652174,0.8586956521739131,0.75,0.5,0.32608695652173914,0.11956521739130435,0.03260869565217391,0.0,0.043478260869565216,0.16304347826086957,0.391304347826087,0.5,0.3804347826086957,0.6304347826086957,0.6847826086956522,0.5,0.42391304347826086,0.18478260869565216,0.021739130434782608,0.05434782608695652,0.18478260869565216,0.2608695652173913,0.4673913043478261,0.5978260869565217,0.9130434782608695,0.7717391304347826,0.6413043478260869,0.40217391304347827,0.14130434782608695,0.010869565217391304,0.03260869565217391,0.09782608695652174,0.31521739130434784,0.33695652173913043,0.7608695652173914,0.7717391304347826,0.7934782608695652,0.8152173913043478,0.5760869565217391,0.21739130434782608,0.07608695652173914,0.0,0.05434782608695652,0.6195652173913043,0.6195652173913043,0.5217391304347826,0.8043478260869565,0.6847826086956522,0.6630434782608695,0.391304347826087,0.16304347826086957,0.0,0.0,0.021739130434782608,0.03260869565217391,0.03260869565217391,0.41304347826086957,0.391304347826087,0.2826086956521739,0.6956521739130435,0.717391304347826,0.7282608695652174,0.6304347826086957,0.32608695652173914,0.0,0.0,0.010869565217391304,0.043478260869565216,0.32608695652173914,0.2826086956521739,0.3695652173913043,0.4782608695652174,0.7934782608695652,0.782608695652174,0.15217391304347827,0.05434782608695652,0.1956521739130435,0.5108695652173914,0.6630434782608695,0.5652173913043478,0.4673913043478261,0.010869565217391304,0.13043478260869565,0.2717391304347826,0.6521739130434783,0.5978260869565217,0.45652173913043476,0.391304347826087,0.5543478260869565,0.34782608695652173,0.18478260869565216,0.358695652173913,0.2608695652173913,0.11956521739130435,0.043478260869565216,0.08695652173913043,0.49266522804084084
2087-10-01,0.08695652173913043,0.06521739130434782,0.043478260869565216,0.043478260869565216,0.010869565217391304,0.010869565217391304,0.14130434782608695,0.06521739130434782,0.021739130434782608,0.021739130434782608,0.03260869565217391,0.043478260869565216,0.03260869565217391,0.0,0.6630434782608695,0.30434782608695654,0.043478260869565216,0.0,0.0,0.010869565217391304,0.021739130434782608,0.010869565217391304,0.0,0.8695652173913043,0.40217391304347827,0.06521739130434782,0.0,0.0,0.0,0.010869565217391304,0.010869565217391304,0.0,0.8152173913043478,0.5434782608695652,0.09782608695652174,0.0,0.0,0.0,0.010869565217391304,0.0,0.0,0.03260869565217391,0.17391304347826086,0.043478260869565216,0.03260869565217391,0.010869565217391304,0.0,0.0,0.0,0.0,0.0,0.043478260869565216,0.03260869565217391,0.021739130434782608,0.010869565217391304,0.0,0.0,0.0,0.0,0.0,0.0,0.043478260869565216,0.010869565217391304,0.0,0.0,0.0,0.0,0.0,0.0,0.0,0.0,0.11956521739130435,0.07608695652173914,0.0,0.0,0.0,0.010869565217391304,0.0,0.0,0.0,0.0,0.0,0.1956521739130435,0.10869565217391304,0.010869565217391304,0.05434782608695652,0.0,0.0,0.0,0.0,0.0,0.0,0.0,0.10869565217391304,0.17391304347826086,0.25,0.18478260869565216,0.03260869565217391,0.06521739130434782,0.043478260869565216,0.0,0.0,0.0,0.0,0.0,0.0,0.07608695652173914,0.21739130434782608,0.2717391304347826,0.29347826086956524,0.13043478260869565,0.1956521739130435,0.18478260869565216,0.08695652173913043,0.0,0.0,0.0,0.0,0.0,0.22826086956521738,0.2608695652173913,0.25,0.2608695652173913,0.21739130434782608,0.14130434782608695,0.09782608695652174,0.03260869565217391,0.0,0.0,0.0,0.0,0.15217391304347827,0.25,0.25,0.22826086956521738,0.14130434782608695,0.13043478260869565,0.11956521739130435,0.05434782608695652,0.03260869565217391,0.0,0.0,0.09782608695652174,0.1956521739130435,0.2391304347826087,0.21739130434782608,0.1956521739130435,0.21739130434782608,0.15217391304347827,0.13043478260869565,0.05434782608695652,0.0,0.0,0.06521739130434782,0.15217391304347827,0.2717391304347826,0.20652173913043478,0.2608695652173913,0.25,0.1956521739130435,0.17391304347826086,0.07608695652173914,0.03260869565217391,0.0,0.043478260869565216,0.07608695652173914,0.2608695652173913,0.2826086956521739,0.5108695652173914,0.32608695652173914,0.21739130434782608,0.17391304347826086,0.07608695652173914,0.010869565217391304,0.0,0.021739130434782608,0.021739130434782608,0.043478260869565216,0.043478260869565216,0.17391304347826086,0.2391304347826087,0.2391304347826087,0.2391304347826087,0.17391304347826086,0.17391304347826086,0.10869565217391304,0.03260869565217391,0.021739130434782608,0.021739130434782608,0.05434782608695652,0.08695652173913043,0.09782608695652174,0.043478260869565216,0.10869565217391304,0.18478260869565216,0.16304347826086957,0.16304347826086957,0.03260869565217391,0.010869565217391304,0.09782608695652174,0.29347826086956524,0.14130434782608695,0.09782608695652174,0.07608695652173914,0.021739130434782608,0.021739130434782608,0.07608695652173914,0.17391304347826086,0.07608695652173914,0.05434782608695652,0.14130434782608695,0.11956521739130435,0.05434782608695652,0.09782608695652174,0.06521739130434782,0.043478260869565216,0.0,0.021739130434782608,0.0,0.18144324723071845
2088-01-01,0.1111111111111111,0.1111111111111111,0.07777777777777778,0.044444444444444446,0.022222222222222223,0.022222222222222223,0.18888888888888888,0.15555555555555556,0.08888888888888889,0.06666666666666667,0.06666666666666667,0.044444444444444446,0.011111111111111112,0.011111111111111112,0.35555555555555557,0.14444444444444443,0.1,0.08888888888888889,0.12222222222222222,0.12222222222222222,0.06666666666666667,0.011111111111111112,0.011111111111111112,0.5444444444444444,0.28888888888888886,0.1111111111111111,0.12222222222222222,0.15555555555555556,0.13333333333333333,0.1111111111111111,0.05555555555555555,0.03333333333333333,0.5111111111111111,0.4111111111111111,0.14444444444444443,0.18888888888888888,0.16666666666666666,0.16666666666666666,0.1111111111111111,0.044444444444444446,0.03333333333333333,0.1,0.15555555555555556,0.1111111111111111,0.13333333333333333,0.2,0.12222222222222222,0.2111111111111111,0.1,0.05555555555555555,0.03333333333333333,0.1,0.1,0.1,0.1111111111111111,0.17777777777777778,0.18888888888888888,0.18888888888888888,0.1,0.06666666666666667,0.05555555555555555,0.05555555555555555,0.08888888888888889,0.1111111111111111,0.1111111111111111,0.25555555555555554,0.25555555555555554,0.2,0.13333333333333333,0.07777777777777778,0.022222222222222223,0.022222222222222223,0.044444444444444446,0.05555555555555555,0.05555555555555555,0.1111111111111111,0.17777777777777778,0.14444444444444443,0.08888888888888889,0.1,0.07777777777777778,0.0,0.011111111111111112,0.03333333333333333,0.07777777777777778,0.044444444444444446,0.05555555555555555,0.06666666666666667,0.06666666666666667,0.044444444444444446,0.044444444444444446,0.06666666666666667,0.011111111111111112,0.0,0.0,0.0,0.0,0.011111111111111112,0.011111111111111112,0.011111111111111112,0.011111111111111112,0.0,0.0,0.011111111111111112,0.03333333333333333,0.011111111111111112,0.011111111111111112,0.03333333333333333,0.022222222222222223,0.022222222222222223,0.011111111111111112,0.0,0.0,0.0,0.0,0.0,0.0,0.0,0.011111111111111112,0.011111111111111112,0.0,0.011111111111111112,0.0,0.0,0.03333333333333333,0.011111111111111112,0.011111111111111112,0.05555555555555555,0.0,0.0,0.0,0.03333333333333333,0.011111111111111112,0.011111111111111112,0.0,0.0,0.011111111111111112,0.022222222222222223,0.05555555555555555,0.13333333333333333,0.0,0.0,0.044444444444444446,0.011111111111111112,0.0,0.0,0.011111111111111112,0.022222222222222223,0.1,0.06666666666666667,0.044444444444444446,0.0,0.0,0.044444444444444446,0.15555555555555556,0.011111111111111112,0.0,0.011111111111111112,0.022222222222222223,0.1111111111111111,0.044444444444444446,0.0,0.0,0.0,0.05555555555555555,0.0,0.022222222222222223,0.011111111111111112,0.0,0.011111111111111112,0.07777777777777778,0.05555555555555555,0.0,0.0,0.03333333333333333,0.16666666666666666,0.1111111111111111,0.06666666666666667,0.044444444444444446,0.011111111111111112,0.0,0.0,0.0,0.0,0.044444444444444446,0.0,0.0,0.08888888888888889,0.08888888888888889,0.1111111111111111,0.1111111111111111,0.03333333333333333,0.0,0.0,0.0,0.0,0.022222222222222223,0.08888888888888889,0.011111111111111112,0.0,0.011111111111111112,0.011111111111111112,0.0,0.0,0.05555555555555555,0.011111111111111112,0.0,0.06666666666666667,0.0,0.0,0.0,0.022222222222222223,0.0,0.0,0.0,0.0,0.0,0.0,0.0,0.07208990565416203
2088-04-01,0.0,0.0,0.0,0.02197802197802198,0.01098901098901099,0.0,0.12087912087912088,0.26373626373626374,0.07692307692307693,0.03296703296703297,0.054945054945054944,0.07692307692307693,0.04395604395604396,0.02197802197802198,0.27472527472527475,0.5384615384615384,0.37362637362637363,0.13186813186813187,0.0989010989010989,0.14285714285714285,0.13186813186813187,0.054945054945054944,0.01098901098901099,0.945054945054945,0.6813186813186813,0.21978021978021978,0.15384615384615385,0.13186813186813187,0.16483516483516483,0.14285714285714285,0.04395604395604396,0.02197802197802198,0.8901098901098901,0.7692307692307693,0.46153846153846156,0.25274725274725274,0.1978021978021978,0.16483516483516483,0.10989010989010989,0.02197802197802198,0.02197802197802198,0.6923076923076923,0.8791208791208791,0.7252747252747253,0.5824175824175825,0.46153846153846156,0.3956043956043956,0.17582417582417584,0.10989010989010989,0.06593406593406594,0.03296703296703297,0.4725274725274725,0.7912087912087912,0.6813186813186813,0.6593406593406593,0.4945054945054945,0.5054945054945055,0.1978021978021978,0.0989010989010989,0.054945054945054944,0.054945054945054944,0.37362637362637363,0.4725274725274725,0.5054945054945055,0.5274725274725275,0.34065934065934067,0.45054945054945056,0.1978021978021978,0.06593406593406594,0.0989010989010989,0.054945054945054944,0.02197802197802198,0.14285714285714285,0.37362637362637363,0.4175824175824176,0.3076923076923077,0.37362637362637363,0.26373626373626374,0.14285714285714285,0.01098901098901099,0.054945054945054944,0.04395604395604396,0.054945054945054944,0.14285714285714285,0.27472527472527475,0.43956043956043955,0.0989010989010989,0.06593406593406594,0.02197802197802198,0.054945054945054944,0.01098901098901099,0.01098901098901099,0.03296703296703297,0.13186813186813187,0.054945054945054944,0.07692307692307693,0.054945054945054944,0.15384615384615385,0.21978021978021978,0.12087912087912088,0.054945054945054944,0.02197802197802198,0.0,0.01098901098901099,0.0,0.03296703296703297,0.02197802197802198,0.04395604395604396,0.0989010989010989,0.15384615384615385,0.14285714285714285,0.15384615384615385,0.12087912087912088,0.14285714285714285,0.054945054945054944,0.02197802197802198,0.03296703296703297,0.02197802197802198,0.02197802197802198,0.13186813186813187,0.15384615384615385,0.15384615384615385,0.10989010989010989,0.17582417582417584,0.23076923076923078,0.12087912087912088,0.08791208791208792,0.054945054945054944,0.03296703296703297,0.01098901098901099,0.01098901098901099,0.08791208791208792,0.14285714285714285,0.13186813186813187,0.16483516483516483,0.13186813186813187,0.21978021978021978,0.10989010989010989,0.0989010989010989,0.10989010989010989,0.04395604395604396,0.01098901098901099,0.17582417582417584,0.2087912087912088,0.06593406593406594,0.2087912087912088,0.23076923076923078,0.4065934065934066,0.3076923076923077,0.21978021978021978,0.08791208791208792,0.054945054945054944,0.01098901098901099,0.14285714285714285,0.23076923076923078,0.23076923076923078,0.25274725274725274,0.42857142857142855,0.4065934065934066,0.3076923076923077,0.2967032967032967,0.1978021978021978,0.06593406593406594,0.054945054945054944,0.13186813186813187,0.14285714285714285,0.3956043956043956,0.4835164835164835,0.31868131868131866,0.37362637362637363,0.3076923076923077,0.24175824175824176,0.15384615384615385,0.07692307692307693,0.0989010989010989,0.10989010989010989,0.17582417582417584,0.23076923076923078,0.17582417582417584,0.31868131868131866,0.31868131868131866,0.32967032967032966,0.37362637362637363,0.32967032967032966,0.27472527472527475,0.24175824175824176,0.10989010989010989,0.08791208791208792,0.08791208791208792,0.16483516483516483,0.27472527472527475,0.32967032967032966,0.2967032967032967,0.34065934065934067,0.32967032967032966,0.3626373626373626,0.25274725274725274,0.34065934065934067,0.17582417582417584,0.26373626373626374,0.4065934065934066,0.34065934065934067,0.2087912087912088,0.15384615384615385,0.25274725274725274,0.2967032967032967,0.34065934065934067,0.3956043956043956,0.2087912087912088,0.12087912087912088,0.3076923076923077,0.23076923076923078,0.06593406593406594,0.25274725274725274,0.14285714285714285,0.04395604395604396,0.02197802197802198,0.054945054945054944,0.01098901098901099,0.3061568049052623
2088-07-01,0.0,0.0,0.0,0.0,0.0,0.0,0.021739130434782608,0.6413043478260869,0.2391304347826087,0.03260869565217391,0.05434782608695652,0.08695652173913043,0.043478260869565216,0.0,0.34782608695652173,0.9565217391304348,0.6847826086956522,0.2717391304347826,0.05434782608695652,0.07608695652173914,0.10869565217391304,0.06521739130434782,0.0,1.0,0.9456521739130435,0.3804347826086957,0.14130434782608695,0.08695652173913043,0.07608695652173914,0.10869565217391304,0.13043478260869565,0.010869565217391304,0.9456521739130435,0.8804347826086957,0.43478260869565216,0.09782608695652174,0.06521739130434782,0.08695652173913043,0.2391304347826087,0.1956521739130435,0.0,0.7608695652173914,0.8586956521739131,0.5,0.32608695652173914,0.29347826086956524,0.33695652173913043,0.13043478260869565,0.06521739130434782,0.05434782608695652,0.010869565217391304,0.532608695652174,0.5978260869565217,0.42391304347826086,0.43478260869565216,0.30434782608695654,0.44565217391304346,0.14130434782608695,0.010869565217391304,0.03260869565217391,0.03260869565217391,0.29347826086956524,0.42391304347826086,0.3804347826086957,0.43478260869565216,0.18478260869565216,0.44565217391304346,0.11956521739130435,0.021739130434782608,0.03260869565217391,0.0,0.010869565217391304,0.043478260869565216,0.18478260869565216,0.3804347826086957,0.33695652173913043,0.5,0.45652173913043476,0.25,0.08695652173913043,0.043478260869565216,0.010869565217391304,0.0,0.0,0.07608695652173914,0.6413043478260869,0.31521739130434784,0.07608695652173914,0.16304347826086957,0.06521739130434782,0.021739130434782608,0.021739130434782608,0.0,0.0,0.0,0.0,0.010869565217391304,0.06521739130434782,0.30434782608695654,0.2717391304347826,0.17391304347826086,0.05434782608695652,0.021739130434782608,0.021739130434782608,0.03260869565217391,0.021739130434782608,0.0,0.0,0.010869565217391304,0.15217391304347827,0.14130434782608695,0.25,0.33695652173913043,0.4782608695652174,0.2391304347826087,0.09782608695652174,0.043478260869565216,0.07608695652173914,0.03260869565217391,0.06521739130434782,0.16304347826086957,0.358695652173913,0.31521739130434784,0.45652173913043476,0.5869565217391305,0.43478260869565216,0.2391304347826087,0.09782608695652174,0.06521739130434782,0.0,0.0,0.010869565217391304,0.08695652173913043,0.22826086956521738,0.2391304347826087,0.20652173913043478,0.4891304347826087,0.45652173913043476,0.2608695652173913,0.30434782608695654,0.09782608695652174,0.010869565217391304,0.021739130434782608,0.10869565217391304,0.13043478260869565,0.30434782608695654,0.42391304347826086,0.8260869565217391,0.6521739130434783,0.532608695652174,0.34782608695652173,0.08695652173913043,0.0,0.0,0.15217391304347827,0.31521739130434784,0.30434782608695654,0.8152173913043478,0.8586956521739131,0.7391304347826086,0.6739130434782609,0.5543478260869565,0.09782608695652174,0.021739130434782608,0.010869565217391304,0.08695652173913043,0.45652173913043476,0.6413043478260869,0.5108695652173914,0.8152173913043478,0.6413043478260869,0.5543478260869565,0.358695652173913,0.09782608695652174,0.0,0.0,0.021739130434782608,0.10869565217391304,0.07608695652173914,0.40217391304347827,0.42391304347826086,0.391304347826087,0.7934782608695652,0.717391304347826,0.6739130434782609,0.532608695652174,0.1956521739130435,0.0,0.0,0.010869565217391304,0.10869565217391304,0.29347826086956524,0.43478260869565216,0.5217391304347826,0.5869565217391305,0.7934782608695652,0.6630434782608695,0.2391304347826087,0.15217391304347827,0.30434782608695654,0.7282608695652174,0.6739130434782609,0.4891304347826087,0.358695652173913,0.11956521739130435,0.2826086956521739,0.4891304347826087,0.7282608695652174,0.532608695652174,0.33695652173913043,0.6086956521739131,0.4891304347826087,0.2717391304347826,0.4782608695652174,0.3695652173913043,0.16304347826086957,0.043478260869565216,0.08695652173913043,0.03260869565217391,0.4851822414549027
2088-10-01,0.09782608695652174,0.043478260869565216,0.043478260869565216,0.010869565217391304,0.0,0.0,0.18478260869565216,0.13043478260869565,0.07608695652173914,0.021739130434782608,0.03260869565217391,0.03260869565217391,0.010869565217391304,0.0,0.4782608695652174,0.22826086956521738,0.043478260869565216,0.0,0.0,0.021739130434782608,0.021739130434782608,0.010869565217391304,0.0,0.7608695652173914,0.22826086956521738,0.0,0.0,0.0,0.010869565217391304,0.010869565217391304,0.010869565217391304,0.0,0.7934782608695652,0.3804347826086957,0.021739130434782608,0.0,0.0,0.0,0.0,0.0,0.0,0.0,0.06521739130434782,0.05434782608695652,0.010869565217391304,0.010869565217391304,0.0,0.0,0.0,0.0,0.0,0.0,0.021739130434782608,0.021739130434782608,0.010869565217391304,0.0,0.0,0.0,0.0,0.0,0.0,0.0,0.0,0.010869565217391304,0.010869565217391304,0.0,0.0,0.0,0.0,0.0,0.0,0.0,0.0,0.0,0.0,0.0,0.0,0.0,0.0,0.0,0.0,0.0,0.03260869565217391,0.0,0.0,0.0,0.0,0.0,0.0,0.0,0.0,0.0,0.0,0.0,0.043478260869565216,0.08695652173913043,0.021739130434782608,0.0,0.0,0.0,0.0,0.0,0.0,0.0,0.0,0.0,0.043478260869565216,0.11956521739130435,0.10869565217391304,0.10869565217391304,0.03260869565217391,0.043478260869565216,0.0,0.0,0.0,0.0,0.0,0.0,0.0,0.07608695652173914,0.06521739130434782,0.10869565217391304,0.06521739130434782,0.05434782608695652,0.03260869565217391,0.0,0.0,0.0,0.0,0.0,0.0,0.06521739130434782,0.043478260869565216,0.07608695652173914,0.06521739130434782,0.03260869565217391,0.043478260869565216,0.010869565217391304,0.0,0.0,0.0,0.0,0.07608695652173914,0.06521739130434782,0.043478260869565216,0.05434782608695652,0.06521739130434782,0.06521739130434782,0.05434782608695652,0.05434782608695652,0.0,0.0,0.0,0.043478260869565216,0.043478260869565216,0.07608695652173914,0.09782608695652174,0.09782608695652174,0.07608695652173914,0.11956521739130435,0.06521739130434782,0.010869565217391304,0.0,0.0,0.010869565217391304,0.05434782608695652,0.15217391304347827,0.21739130434782608,0.5217391304347826,0.20652173913043478,0.08695652173913043,0.06521739130434782,0.0,0.0,0.0,0.010869565217391304,0.010869565217391304,0.0,0.010869565217391304,0.06521739130434782,0.10869565217391304,0.18478260869565216,0.06521739130434782,0.043478260869565216,0.06521739130434782,0.021739130434782608,0.0,0.010869565217391304,0.0,0.021739130434782608,0.03260869565217391,0.021739130434782608,0.0,0.03260869565217391,0.05434782608695652,0.05434782608695652,0.07608695652173914,0.03260869565217391,0.0,0.021739130434782608,0.1956521739130435,0.06521739130434782,0.06521739130434782,0.010869565217391304,0.0,0.0,0.043478260869565216,0.14130434782608695,0.03260869565217391,0.010869565217391304,0.05434782608695652,0.05434782608695652,0.0,0.043478260869565216,0.03260869565217391,0.010869565217391304,0.0,0.010869565217391304,0.0,0.10688069780012426
2089-01-01,0.1,0.06666666666666667,0.044444444444444446,0.044444444444444446,0.05555555555555555,0.08888888888888889,0.18888888888888888,0.13333333333333333,0.022222222222222223,0.022222222222222223,0.022222222222222223,0.0,0.0,0.03333333333333333,0.36666666666666664,0.16666666666666666,0.12222222222222222,0.08888888888888889,0.05555555555555555,0.07777777777777778,0.044444444444444446,0.0,0.03333333333333333,0.6444444444444445,0.26666666666666666,0.13333333333333333,0.1111111111111111,0.12222222222222222,0.15555555555555556,0.05555555555555555,0.011111111111111112,0.03333333333333333,0.7111111111111111,0.5,0.2,0.15555555555555556,0.15555555555555556,0.17777777777777778,0.06666666666666667,0.03333333333333333,0.03333333333333333,0.12222222222222222,0.23333333333333334,0.2,0.18888888888888888,0.15555555555555556,0.2,0.25555555555555554,0.13333333333333333,0.05555555555555555,0.022222222222222223,0.1,0.15555555555555556,0.15555555555555556,0.14444444444444443,0.2,0.2,0.14444444444444443,0.1111111111111111,0.03333333333333333,0.03333333333333333,0.08888888888888889,0.1,0.12222222222222222,0.1111111111111111,0.18888888888888888,0.2222222222222222,0.18888888888888888,0.07777777777777778,0.03333333333333333,0.0,0.044444444444444446,0.08888888888888889,0.08888888888888889,0.06666666666666667,0.08888888888888889,0.16666666666666666,0.14444444444444443,0.07777777777777778,0.05555555555555555,0.0,0.0,0.022222222222222223,0.06666666666666667,0.06666666666666667,0.06666666666666667,0.03333333333333333,0.03333333333333333,0.03333333333333333,0.06666666666666667,0.022222222222222223,0.0,0.0,0.011111111111111112,0.011111111111111112,0.022222222222222223,0.03333333333333333,0.044444444444444446,0.022222222222222223,0.011111111111111112,0.011111111111111112,0.011111111111111112,0.022222222222222223,0.0,0.0,0.011111111111111112,0.011111111111111112,0.011111111111111112,0.022222222222222223,0.05555555555555555,0.022222222222222223,0.0,0.0,0.0,0.0,0.0,0.011111111111111112,0.0,0.022222222222222223,0.011111111111111112,0.022222222222222223,0.022222222222222223,0.0,0.0,0.0,0.0,0.0,0.044444444444444446,0.022222222222222223,0.0,0.022222222222222223,0.03333333333333333,0.011111111111111112,0.011111111111111112,0.0,0.011111111111111112,0.011111111111111112,0.011111111111111112,0.03333333333333333,0.07777777777777778,0.022222222222222223,0.0,0.044444444444444446,0.011111111111111112,0.0,0.0,0.0,0.0,0.011111111111111112,0.022222222222222223,0.03333333333333333,0.011111111111111112,0.011111111111111112,0.03333333333333333,0.16666666666666666,0.011111111111111112,0.011111111111111112,0.0,0.0,0.044444444444444446,0.03333333333333333,0.011111111111111112,0.011111111111111112,0.011111111111111112,0.022222222222222223,0.05555555555555555,0.03333333333333333,0.011111111111111112,0.0,0.0,0.044444444444444446,0.03333333333333333,0.0,0.011111111111111112,0.022222222222222223,0.05555555555555555,0.08888888888888889,0.022222222222222223,0.022222222222222223,0.03333333333333333,0.011111111111111112,0.011111111111111112,0.0,0.011111111111111112,0.044444444444444446,0.0,0.011111111111111112,0.07777777777777778,0.06666666666666667,0.06666666666666667,0.044444444444444446,0.03333333333333333,0.03333333333333333,0.022222222222222223,0.0,0.0,0.011111111111111112,0.05555555555555555,0.022222222222222223,0.011111111111111112,0.0,0.011111111111111112,0.011111111111111112,0.0,0.06666666666666667,0.022222222222222223,0.0,0.15555555555555556,0.044444444444444446,0.0,0.0,0.05555555555555555,0.011111111111111112,0.0,0.0,0.0,0.011111111111111112,0.0,0.0,0.08185236215160728
2089-04-01,0.03296703296703297,0.03296703296703297,0.03296703296703297,0.04395604395604396,0.03296703296703297,0.01098901098901099,0.15384615384615385,0.27472527472527475,0.01098901098901099,0.0,0.0,0.02197802197802198,0.13186813186813187,0.06593406593406594,0.37362637362637363,0.6593406593406593,0.4725274725274725,0.15384615384615385,0.06593406593406594,0.054945054945054944,0.04395604395604396,0.07692307692307693,0.06593406593406594,1.0,0.8571428571428571,0.45054945054945056,0.27472527472527475,0.17582417582417584,0.10989010989010989,0.10989010989010989,0.04395604395604396,0.08791208791208792,0.978021978021978,0.9010989010989011,0.6373626373626373,0.3516483516483517,0.21978021978021978,0.13186813186813187,0.12087912087912088,0.02197802197802198,0.07692307692307693,0.7692307692307693,0.9120879120879121,0.6813186813186813,0.6043956043956044,0.5384615384615384,0.4065934065934066,0.27472527472527475,0.2087912087912088,0.06593406593406594,0.07692307692307693,0.5274725274725275,0.7362637362637363,0.6483516483516484,0.6153846153846154,0.5494505494505495,0.5164835164835165,0.23076923076923078,0.07692307692307693,0.054945054945054944,0.054945054945054944,0.25274725274725274,0.5274725274725275,0.5494505494505495,0.7142857142857143,0.43956043956043955,0.45054945054945056,0.27472527472527475,0.06593406593406594,0.04395604395604396,0.03296703296703297,0.01098901098901099,0.0989010989010989,0.3076923076923077,0.5164835164835165,0.5164835164835165,0.6813186813186813,0.4835164835164835,0.17582417582417584,0.08791208791208792,0.04395604395604396,0.02197802197802198,0.02197802197802198,0.04395604395604396,0.15384615384615385,0.6703296703296703,0.5054945054945055,0.3956043956043956,0.2967032967032967,0.15384615384615385,0.0989010989010989,0.04395604395604396,0.06593406593406594,0.17582417582417584,0.10989010989010989,0.0989010989010989,0.054945054945054944,0.10989010989010989,0.32967032967032966,0.3076923076923077,0.31868131868131866,0.21978021978021978,0.13186813186813187,0.13186813186813187,0.08791208791208792,0.054945054945054944,0.10989010989010989,0.0989010989010989,0.14285714285714285,0.18681318681318682,0.13186813186813187,0.2087912087912088,0.23076923076923078,0.3516483516483517,0.21978021978021978,0.17582417582417584,0.16483516483516483,0.13186813186813187,0.054945054945054944,0.1978021978021978,0.2857142857142857,0.34065934065934067,0.24175824175824176,0.3516483516483517,0.34065934065934067,0.26373626373626374,0.23076923076923078,0.2087912087912088,0.10989010989010989,0.054945054945054944,0.03296703296703297,0.14285714285714285,0.21978021978021978,0.26373626373626374,0.2967032967032967,0.27472527472527475,0.31868131868131866,0.3076923076923077,0.27472527472527475,0.23076923076923078,0.12087912087912088,0.054945054945054944,0.25274725274725274,0.27472527472527475,0.1978021978021978,0.34065934065934067,0.38461538461538464,0.46153846153846156,0.4065934065934066,0.37362637362637363,0.2087912087912088,0.12087912087912088,0.03296703296703297,0.13186813186813187,0.2967032967032967,0.37362637362637363,0.31868131868131866,0.5054945054945055,0.5164835164835165,0.5274725274725275,0.5714285714285714,0.3626373626373626,0.12087912087912088,0.02197802197802198,0.10989010989010989,0.21978021978021978,0.5054945054945055,0.5274725274725275,0.4725274725274725,0.5934065934065934,0.4945054945054945,0.43956043956043955,0.23076923076923078,0.08791208791208792,0.04395604395604396,0.054945054945054944,0.2967032967032967,0.3076923076923077,0.24175824175824176,0.4065934065934066,0.5164835164835165,0.4725274725274725,0.5824175824175825,0.4725274725274725,0.4945054945054945,0.37362637362637363,0.10989010989010989,0.06593406593406594,0.14285714285714285,0.18681318681318682,0.27472527472527475,0.4835164835164835,0.4945054945054945,0.5604395604395604,0.5164835164835165,0.5384615384615384,0.42857142857142855,0.46153846153846156,0.3626373626373626,0.37362637362637363,0.4945054945054945,0.43956043956043955,0.31868131868131866,0.2087912087912088,0.23076923076923078,0.4065934065934066,0.45054945054945056,0.42857142857142855,0.32967032967032966,0.21978021978021978,0.31868131868131866,0.32967032967032966,0.17582417582417584,0.3626373626373626,0.25274725274725274,0.13186813186813187,0.03296703296703297,0.04395604395604396,0.0,0.40696878181801366
2089-07-01,0.0,0.0,0.0,0.05434782608695652,0.03260869565217391,0.010869565217391304,0.16304347826086957,0.6956521739130435,0.14130434782608695,0.010869565217391304,0.03260869565217391,0.06521739130434782,0.08695652173913043,0.03260869565217391,0.42391304347826086,0.9565217391304348,0.7282608695652174,0.25,0.021739130434782608,0.05434782608695652,0.08695652173913043,0.06521739130434782,0.0,1.0,0.967391304347826,0.358695652173913,0.05434782608695652,0.021739130434782608,0.06521739130434782,0.06521739130434782,0.08695652173913043,0.0,0.9782608695652174,0.9347826086956522,0.44565217391304346,0.021739130434782608,0.010869565217391304,0.043478260869565216,0.10869565217391304,0.15217391304347827,0.010869565217391304,0.5978260869565217,0.8152173913043478,0.5760869565217391,0.40217391304347827,0.18478260869565216,0.17391304347826086,0.06521739130434782,0.043478260869565216,0.010869565217391304,0.0,0.4782608695652174,0.5543478260869565,0.42391304347826086,0.42391304347826086,0.2608695652173913,0.31521739130434784,0.05434782608695652,0.021739130434782608,0.010869565217391304,0.0,0.2608695652173913,0.358695652173913,0.40217391304347827,0.44565217391304346,0.18478260869565216,0.31521739130434784,0.11956521739130435,0.021739130434782608,0.0,0.0,0.05434782608695652,0.05434782608695652,0.1956521739130435,0.29347826086956524,0.33695652173913043,0.5,0.4673913043478261,0.2391304347826087,0.05434782608695652,0.0,0.0,0.06521739130434782,0.06521739130434782,0.09782608695652174,0.5543478260869565,0.33695652173913043,0.21739130434782608,0.11956521739130435,0.07608695652173914,0.0,0.0,0.0,0.043478260869565216,0.043478260869565216,0.13043478260869565,0.11956521739130435,0.05434782608695652,0.1956521739130435,0.22826086956521738,0.17391304347826086,0.07608695652173914,0.08695652173913043,0.043478260869565216,0.010869565217391304,0.0,0.07608695652173914,0.09782608695652174,0.17391304347826086,0.22826086956521738,0.20652173913043478,0.2391304347826087,0.31521739130434784,0.3804347826086957,0.25,0.16304347826086957,0.07608695652173914,0.0,0.010869565217391304,0.2391304347826087,0.25,0.4673913043478261,0.3695652173913043,0.44565217391304346,0.5978260869565217,0.4891304347826087,0.18478260869565216,0.07608695652173914,0.010869565217391304,0.0,0.0,0.14130434782608695,0.2608695652173913,0.30434782608695654,0.32608695652173914,0.21739130434782608,0.358695652173913,0.4782608695652174,0.32608695652173914,0.22826086956521738,0.05434782608695652,0.0,0.10869565217391304,0.30434782608695654,0.22826086956521738,0.34782608695652173,0.391304347826087,0.75,0.7391304347826086,0.5652173913043478,0.25,0.07608695652173914,0.0,0.043478260869565216,0.34782608695652173,0.391304347826087,0.358695652173913,0.6847826086956522,0.8152173913043478,0.8260869565217391,0.7934782608695652,0.4673913043478261,0.14130434782608695,0.05434782608695652,0.021739130434782608,0.18478260869565216,0.5652173913043478,0.5652173913043478,0.41304347826086957,0.782608695652174,0.7282608695652174,0.6630434782608695,0.32608695652173914,0.14130434782608695,0.06521739130434782,0.05434782608695652,0.08695652173913043,0.09782608695652174,0.11956521739130435,0.30434782608695654,0.358695652173913,0.2608695652173913,0.75,0.7717391304347826,0.7608695652173914,0.5543478260869565,0.2826086956521739,0.07608695652173914,0.03260869565217391,0.021739130434782608,0.09782608695652174,0.2608695652173913,0.31521739130434784,0.391304347826087,0.4782608695652174,0.7717391304347826,0.7608695652173914,0.06521739130434782,0.010869565217391304,0.18478260869565216,0.5652173913043478,0.6304347826086957,0.43478260869565216,0.29347826086956524,0.0,0.13043478260869565,0.25,0.6521739130434783,0.5543478260869565,0.2717391304347826,0.45652173913043476,0.4782608695652174,0.21739130434782608,0.20652173913043478,0.29347826086956524,0.13043478260869565,0.05434782608695652,0.05434782608695652,0.03260869565217391,0.47979346626951513
2089-10-01,0.021739130434782608,0.0,0.0,0.0,0.0,0.0,0.18478260869565216,0.1956521739130435,0.05434782608695652,0.010869565217391304,0.0,0.0,0.0,0.0,0.45652173913043476,0.31521739130434784,0.09782608695652174,0.0,0.0,0.0,0.0,0.0,0.0,0.6630434782608695,0.40217391304347827,0.06521739130434782,0.0,0.0,0.0,0.0,0.0,0.0,0.6630434782608695,0.41304347826086957,0.08695652173913043,0.021739130434782608,0.0,0.0,0.0,0.0,0.0,0.0,0.13043478260869565,0.06521739130434782,0.043478260869565216,0.03260869565217391,0.0,0.0,0.0,0.0,0.0,0.021739130434782608,0.010869565217391304,0.021739130434782608,0.021739130434782608,0.010869565217391304,0.0,0.0,0.0,0.0,0.0,0.03260869565217391,0.0,0.0,0.0,0.0,0.0,0.0,0.0,0.0,0.0,0.08695652173913043,0.05434782608695652,0.010869565217391304,0.0,0.0,0.0,0.0,0.0,0.0,0.0,0.0,0.14130434782608695,0.15217391304347827,0.043478260869565216,0.06521739130434782,0.0,0.0,0.0,0.0,0.0,0.0,0.0,0.07608695652173914,0.14130434782608695,0.2391304347826087,0.20652173913043478,0.07608695652173914,0.10869565217391304,0.021739130434782608,0.0,0.0,0.0,0.0,0.0,0.0,0.09782608695652174,0.18478260869565216,0.2391304347826087,0.2826086956521739,0.17391304347826086,0.1956521739130435,0.16304347826086957,0.11956521739130435,0.03260869565217391,0.0,0.0,0.0,0.0,0.2608695652173913,0.2391304347826087,0.2717391304347826,0.21739130434782608,0.18478260869565216,0.13043478260869565,0.09782608695652174,0.06521739130434782,0.021739130434782608,0.0,0.0,0.0,0.11956521739130435,0.21739130434782608,0.20652173913043478,0.16304347826086957,0.11956521739130435,0.14130434782608695,0.10869565217391304,0.05434782608695652,0.05434782608695652,0.021739130434782608,0.0,0.13043478260869565,0.14130434782608695,0.11956521739130435,0.17391304347826086,0.22826086956521738,0.20652173913043478,0.17391304347826086,0.09782608695652174,0.05434782608695652,0.05434782608695652,0.021739130434782608,0.043478260869565216,0.13043478260869565,0.22826086956521738,0.1956521739130435,0.34782608695652173,0.30434782608695654,0.1956521739130435,0.13043478260869565,0.043478260869565216,0.03260869565217391,0.021739130434782608,0.021739130434782608,0.08695652173913043,0.30434782608695654,0.22826086956521738,0.532608695652174,0.3804347826086957,0.2608695652173913,0.14130434782608695,0.05434782608695652,0.021739130434782608,0.0,0.0,0.0,0.0,0.03260869565217391,0.13043478260869565,0.13043478260869565,0.1956521739130435,0.08695652173913043,0.16304347826086957,0.11956521739130435,0.03260869565217391,0.010869565217391304,0.0,0.0,0.010869565217391304,0.07608695652173914,0.06521739130434782,0.03260869565217391,0.043478260869565216,0.09782608695652174,0.08695652173913043,0.07608695652173914,0.043478260869565216,0.0,0.03260869565217391,0.1956521739130435,0.07608695652173914,0.06521739130434782,0.010869565217391304,0.0,0.021739130434782608,0.021739130434782608,0.18478260869565216,0.05434782608695652,0.021739130434782608,0.021739130434782608,0.05434782608695652,0.0,0.021739130434782608,0.0,0.0,0.0,0.0,0.0,0.1556620315975018
2090-01-01,0.05555555555555555,0.044444444444444446,0.03333333333333333,0.03333333333333333,0.022222222222222223,0.022222222222222223,0.13333333333333333,0.03333333333333333,0.022222222222222223,0.022222222222222223,0.022222222222222223,0.022222222222222223,0.011111111111111112,0.0,0.43333333333333335,0.13333333333333333,0.08888888888888889,0.044444444444444446,0.03333333333333333,0.03333333333333333,0.022222222222222223,0.0,0.011111111111111112,0.6777777777777778,0.24444444444444444,0.14444444444444443,0.13333333333333333,0.05555555555555555,0.022222222222222223,0.022222222222222223,0.011111111111111112,0.011111111111111112,0.7111111111111111,0.5555555555555556,0.2,0.12222222222222222,0.044444444444444446,0.07777777777777778,0.03333333333333333,0.022222222222222223,0.011111111111111112,0.16666666666666666,0.28888888888888886,0.26666666666666666,0.23333333333333334,0.14444444444444443,0.07777777777777778,0.1111111111111111,0.03333333333333333,0.044444444444444446,0.011111111111111112,0.06666666666666667,0.2222222222222222,0.26666666666666666,0.25555555555555554,0.2222222222222222,0.17777777777777778,0.16666666666666666,0.05555555555555555,0.044444444444444446,0.011111111111111112,0.044444444444444446,0.15555555555555556,0.17777777777777778,0.23333333333333334,0.25555555555555554,0.24444444444444444,0.15555555555555556,0.044444444444444446,0.022222222222222223,0.011111111111111112,0.022222222222222223,0.022222222222222223,0.05555555555555555,0.13333333333333333,0.18888888888888888,0.24444444444444444,0.15555555555555556,0.13333333333333333,0.044444444444444446,0.0,0.0,0.011111111111111112,0.022222222222222223,0.044444444444444446,0.07777777777777778,0.06666666666666667,0.1,0.1,0.05555555555555555,0.011111111111111112,0.0,0.0,0.022222222222222223,0.022222222222222223,0.022222222222222223,0.0,0.03333333333333333,0.03333333333333333,0.011111111111111112,0.022222222222222223,0.022222222222222223,0.011111111111111112,0.0,0.0,0.0,0.03333333333333333,0.05555555555555555,0.07777777777777778,0.03333333333333333,0.011111111111111112,0.011111111111111112,0.011111111111111112,0.011111111111111112,0.0,0.0,0.0,0.0,0.0,0.06666666666666667,0.03333333333333333,0.022222222222222223,0.011111111111111112,0.0,0.03333333333333333,0.0,0.0,0.0,0.0,0.0,0.0,0.044444444444444446,0.044444444444444446,0.03333333333333333,0.0,0.0,0.0,0.0,0.0,0.0,0.0,0.0,0.1,0.03333333333333333,0.011111111111111112,0.0,0.0,0.0,0.0,0.0,0.011111111111111112,0.0,0.0,0.12222222222222222,0.2,0.05555555555555555,0.022222222222222223,0.011111111111111112,0.0,0.011111111111111112,0.0,0.0,0.0,0.0,0.07777777777777778,0.022222222222222223,0.044444444444444446,0.022222222222222223,0.011111111111111112,0.0,0.0,0.0,0.0,0.0,0.03333333333333333,0.1,0.17777777777777778,0.1111111111111111,0.022222222222222223,0.044444444444444446,0.022222222222222223,0.022222222222222223,0.0,0.0,0.0,0.0,0.0,0.1111111111111111,0.12222222222222222,0.14444444444444443,0.13333333333333333,0.06666666666666667,0.044444444444444446,0.022222222222222223,0.0,0.0,0.0,0.12222222222222222,0.011111111111111112,0.0,0.011111111111111112,0.0,0.0,0.0,0.022222222222222223,0.011111111111111112,0.0,0.08888888888888889,0.011111111111111112,0.0,0.0,0.011111111111111112,0.0,0.011111111111111112,0.0,0.0,0.0,0.0,0.0,0.07642684424710099
2090-04-01,0.0,0.0,0.0,0.0,0.0,0.02197802197802198,0.18681318681318682,0.31868131868131866,0.04395604395604396,0.01098901098901099,0.01098901098901099,0.04395604395604396,0.10989010989010989,0.04395604395604396,0.23076923076923078,0.5384615384615384,0.4065934065934066,0.14285714285714285,0.08791208791208792,0.054945054945054944,0.13186813186813187,0.10989010989010989,0.04395604395604396,0.9120879120879121,0.7142857142857143,0.21978021978021978,0.17582417582417584,0.15384615384615385,0.14285714285714285,0.08791208791208792,0.054945054945054944,0.08791208791208792,0.8901098901098901,0.7912087912087912,0.4835164835164835,0.23076923076923078,0.14285714285714285,0.10989010989010989,0.07692307692307693,0.07692307692307693,0.08791208791208792,0.7142857142857143,0.8461538461538461,0.6703296703296703,0.5714285714285714,0.46153846153846156,0.3516483516483517,0.15384615384615385,0.12087912087912088,0.10989010989010989,0.07692307692307693,0.4065934065934066,0.7142857142857143,0.6263736263736264,0.5164835164835165,0.46153846153846156,0.45054945054945056,0.23076923076923078,0.13186813186813187,0.13186813186813187,0.07692307692307693,0.24175824175824176,0.5494505494505495,0.4725274725274725,0.5274725274725275,0.27472527472527475,0.4175824175824176,0.2967032967032967,0.21978021978021978,0.13186813186813187,0.08791208791208792,0.01098901098901099,0.07692307692307693,0.2967032967032967,0.3076923076923077,0.26373626373626374,0.3516483516483517,0.42857142857142855,0.3626373626373626,0.25274725274725274,0.15384615384615385,0.08791208791208792,0.02197802197802198,0.03296703296703297,0.1978021978021978,0.46153846153846156,0.31868131868131866,0.32967032967032966,0.45054945054945056,0.3626373626373626,0.25274725274725274,0.1978021978021978,0.0989010989010989,0.07692307692307693,0.04395604395604396,0.07692307692307693,0.054945054945054944,0.06593406593406594,0.25274725274725274,0.24175824175824176,0.2967032967032967,0.38461538461538464,0.3956043956043956,0.25274725274725274,0.15384615384615385,0.0989010989010989,0.07692307692307693,0.0989010989010989,0.2087912087912088,0.2967032967032967,0.18681318681318682,0.25274725274725274,0.27472527472527475,0.3076923076923077,0.4065934065934066,0.37362637362637363,0.2967032967032967,0.17582417582417584,0.13186813186813187,0.3626373626373626,0.4175824175824176,0.4725274725274725,0.3516483516483517,0.32967032967032966,0.3956043956043956,0.4065934065934066,0.34065934065934067,0.24175824175824176,0.15384615384615385,0.10989010989010989,0.054945054945054944,0.25274725274725274,0.32967032967032966,0.38461538461538464,0.37362637362637363,0.2967032967032967,0.31868131868131866,0.3516483516483517,0.32967032967032966,0.24175824175824176,0.14285714285714285,0.054945054945054944,0.4175824175824176,0.46153846153846156,0.37362637362637363,0.4725274725274725,0.4175824175824176,0.42857142857142855,0.3626373626373626,0.3516483516483517,0.1978021978021978,0.10989010989010989,0.04395604395604396,0.31868131868131866,0.4945054945054945,0.4175824175824176,0.43956043956043955,0.4835164835164835,0.4835164835164835,0.37362637362637363,0.32967032967032966,0.23076923076923078,0.08791208791208792,0.03296703296703297,0.2967032967032967,0.46153846153846156,0.5604395604395604,0.5604395604395604,0.4945054945054945,0.4725274725274725,0.38461538461538464,0.2857142857142857,0.1978021978021978,0.0989010989010989,0.0989010989010989,0.17582417582417584,0.43956043956043955,0.5274725274725275,0.4175824175824176,0.5164835164835165,0.5494505494505495,0.4065934065934066,0.46153846153846156,0.38461538461538464,0.27472527472527475,0.1978021978021978,0.12087912087912088,0.12087912087912088,0.24175824175824176,0.2087912087912088,0.5274725274725275,0.6043956043956044,0.5714285714285714,0.43956043956043955,0.4175824175824176,0.3626373626373626,0.24175824175824176,0.6373626373626373,0.5274725274725275,0.5164835164835165,0.45054945054945056,0.34065934065934067,0.1978021978021978,0.12087912087912088,0.4835164835164835,0.5934065934065934,0.5274725274725275,0.3626373626373626,0.16483516483516483,0.10989010989010989,0.3956043956043956,0.13186813186813187,0.0989010989010989,0.3956043956043956,0.1978021978021978,0.02197802197802198,0.0,0.0,0.0,0.3833349677112809
2090-07-01,0.0,0.0,0.021739130434782608,0.021739130434782608,0.010869565217391304,0.010869565217391304,0.18478260869565216,0.6521739130434783,0.21739130434782608,0.021739130434782608,0.043478260869565216,0.09782608695652174,0.17391304347826086,0.03260869565217391,0.5217391304347826,0.9891304347826086,0.6304347826086957,0.2391304347826087,0.05434782608695652,0.05434782608695652,0.09782608695652174,0.11956521739130435,0.0,1.0,0.9347826086956522,0.33695652173913043,0.10869565217391304,0.05434782608695652,0.07608695652173914,0.11956521739130435,0.17391304347826086,0.03260869565217391,0.9565217391304348,0.9021739130434783,0.5108695652173914,0.17391304347826086,0.05434782608695652,0.11956521739130435,0.18478260869565216,0.1956521739130435,0.010869565217391304,0.782608695652174,0.9021739130434783,0.6413043478260869,0.5434782608695652,0.42391304347826086,0.33695652173913043,0.16304347826086957,0.07608695652173914,0.043478260869565216,0.03260869565217391,0.42391304347826086,0.7391304347826086,0.5543478260869565,0.5217391304347826,0.41304347826086957,0.4782608695652174,0.14130434782608695,0.09782608695652174,0.10869565217391304,0.05434782608695652,0.25,0.3804347826086957,0.44565217391304346,0.6413043478260869,0.3804347826086957,0.44565217391304346,0.358695652173913,0.33695652173913043,0.1956521739130435,0.08695652173913043,0.043478260869565216,0.05434782608695652,0.1956521739130435,0.31521739130434784,0.30434782608695654,0.6304347826086957,0.6304347826086957,0.5108695652173914,0.41304347826086957,0.18478260869565216,0.09782608695652174,0.05434782608695652,0.06521739130434782,0.05434782608695652,0.6847826086956522,0.5978260869565217,0.6195652173913043,0.6195652173913043,0.4891304347826087,0.41304347826086957,0.20652173913043478,0.13043478260869565,0.0,0.043478260869565216,0.14130434782608695,0.14130434782608695,0.06521739130434782,0.32608695652173914,0.45652173913043476,0.6086956521739131,0.6413043478260869,0.5652173913043478,0.45652173913043476,0.2717391304347826,0.17391304347826086,0.021739130434782608,0.043478260869565216,0.21739130434782608,0.30434782608695654,0.25,0.44565217391304346,0.6086956521739131,0.7065217391304348,0.6739130434782609,0.6086956521739131,0.5,0.2391304347826087,0.16304347826086957,0.358695652173913,0.5217391304347826,0.6847826086956522,0.6630434782608695,0.7934782608695652,0.8043478260869565,0.7717391304347826,0.6630434782608695,0.5108695652173914,0.2608695652173913,0.14130434782608695,0.043478260869565216,0.14130434782608695,0.4782608695652174,0.5434782608695652,0.7065217391304348,0.6739130434782609,0.7717391304347826,0.7282608695652174,0.6413043478260869,0.45652173913043476,0.29347826086956524,0.11956521739130435,0.30434782608695654,0.4782608695652174,0.5108695652173914,0.7717391304347826,0.717391304347826,0.8695652173913043,0.8260869565217391,0.75,0.45652173913043476,0.25,0.10869565217391304,0.1956521739130435,0.5543478260869565,0.75,0.7717391304347826,0.8586956521739131,0.9021739130434783,0.8695652173913043,0.8260869565217391,0.5108695652173914,0.2608695652173913,0.14130434782608695,0.17391304347826086,0.32608695652173914,0.967391304347826,0.8260869565217391,0.782608695652174,0.8260869565217391,0.8369565217391305,0.6847826086956522,0.3695652173913043,0.21739130434782608,0.10869565217391304,0.11956521739130435,0.32608695652173914,0.3804347826086957,0.40217391304347827,0.6847826086956522,0.5760869565217391,0.6413043478260869,0.8152173913043478,0.782608695652174,0.6847826086956522,0.5108695652173914,0.16304347826086957,0.17391304347826086,0.14130434782608695,0.15217391304347827,0.30434782608695654,0.6195652173913043,0.5217391304347826,0.5978260869565217,0.6847826086956522,0.8260869565217391,0.7282608695652174,0.5108695652173914,0.391304347826087,0.4673913043478261,0.6739130434782609,0.6847826086956522,0.5978260869565217,0.391304347826087,0.2608695652173913,0.42391304347826086,0.4673913043478261,0.6847826086956522,0.5217391304347826,0.3695652173913043,0.4891304347826087,0.5,0.2717391304347826,0.358695652173913,0.2717391304347826,0.11956521739130435,0.06521739130434782,0.043478260869565216,0.021739130434782608,0.5928421086682694
2090-10-01,0.03260869565217391,0.0,0.0,0.0,0.0,0.0,0.14130434782608695,0.2391304347826087,0.09782608695652174,0.021739130434782608,0.0,0.0,0.0,0.0,0.5760869565217391,0.2826086956521739,0.10869565217391304,0.03260869565217391,0.010869565217391304,0.0,0.0,0.0,0.0,0.8586956521739131,0.3695652173913043,0.05434782608695652,0.010869565217391304,0.0,0.0,0.0,0.0,0.0,0.7065217391304348,0.3695652173913043,0.07608695652173914,0.0,0.0,0.0,0.0,0.0,0.0,0.0,0.08695652173913043,0.010869565217391304,0.010869565217391304,0.0,0.0,0.0,0.0,0.0,0.0,0.0,0.010869565217391304,0.0,0.0,0.0,0.010869565217391304,0.0,0.0,0.0,0.0,0.0,0.0,0.0,0.0,0.0,0.0,0.03260869565217391,0.0,0.0,0.0,0.010869565217391304,0.0,0.0,0.0,0.0,0.010869565217391304,0.0,0.0,0.0,0.0,0.0,0.08695652173913043,0.043478260869565216,0.0,0.05434782608695652,0.021739130434782608,0.0,0.0,0.0,0.0,0.0,0.0,0.0,0.06521739130434782,0.16304347826086957,0.08695652173913043,0.010869565217391304,0.06521739130434782,0.07608695652173914,0.05434782608695652,0.010869565217391304,0.0,0.0,0.0,0.0,0.043478260869565216,0.10869565217391304,0.15217391304347827,0.20652173913043478,0.13043478260869565,0.11956521739130435,0.11956521739130435,0.08695652173913043,0.05434782608695652,0.03260869565217391,0.010869565217391304,0.0,0.0,0.13043478260869565,0.1956521739130435,0.17391304347826086,0.14130434782608695,0.15217391304347827,0.13043478260869565,0.07608695652173914,0.05434782608695652,0.03260869565217391,0.0,0.0,0.0,0.06521739130434782,0.13043478260869565,0.14130434782608695,0.13043478260869565,0.13043478260869565,0.13043478260869565,0.09782608695652174,0.07608695652173914,0.03260869565217391,0.0,0.0,0.06521739130434782,0.13043478260869565,0.09782608695652174,0.14130434782608695,0.18478260869565216,0.1956521739130435,0.15217391304347827,0.13043478260869565,0.03260869565217391,0.0,0.0,0.06521739130434782,0.15217391304347827,0.18478260869565216,0.16304347826086957,0.31521739130434784,0.21739130434782608,0.18478260869565216,0.13043478260869565,0.03260869565217391,0.0,0.0,0.05434782608695652,0.09782608695652174,0.22826086956521738,0.20652173913043478,0.5217391304347826,0.21739130434782608,0.17391304347826086,0.13043478260869565,0.043478260869565216,0.0,0.010869565217391304,0.010869565217391304,0.043478260869565216,0.021739130434782608,0.06521739130434782,0.11956521739130435,0.06521739130434782,0.10869565217391304,0.05434782608695652,0.11956521739130435,0.08695652173913043,0.05434782608695652,0.021739130434782608,0.021739130434782608,0.0,0.021739130434782608,0.10869565217391304,0.06521739130434782,0.03260869565217391,0.03260869565217391,0.043478260869565216,0.06521739130434782,0.06521739130434782,0.09782608695652174,0.0,0.021739130434782608,0.11956521739130435,0.05434782608695652,0.021739130434782608,0.010869565217391304,0.0,0.010869565217391304,0.03260869565217391,0.09782608695652174,0.010869565217391304,0.010869565217391304,0.05434782608695652,0.021739130434782608,0.010869565217391304,0.021739130434782608,0.043478260869565216,0.021739130434782608,0.0,0.0,0.0,0.1381832744924727
2091-01-01,0.08888888888888889,0.07777777777777778,0.1111111111111111,0.06666666666666667,0.044444444444444446,0.044444444444444446,0.13333333333333333,0.06666666666666667,0.011111111111111112,0.022222222222222223,0.022222222222222223,0.022222222222222223,0.022222222222222223,0.044444444444444446,0.35555555555555557,0.08888888888888889,0.011111111111111112,0.011111111111111112,0.03333333333333333,0.03333333333333333,0.011111111111111112,0.044444444444444446,0.05555555555555555,0.6555555555555556,0.2111111111111111,0.022222222222222223,0.07777777777777778,0.1111111111111111,0.07777777777777778,0.05555555555555555,0.07777777777777778,0.05555555555555555,0.6888888888888889,0.5,0.13333333333333333,0.1,0.14444444444444443,0.16666666666666666,0.08888888888888889,0.05555555555555555,0.044444444444444446,0.14444444444444443,0.26666666666666666,0.17777777777777778,0.12222222222222222,0.13333333333333333,0.14444444444444443,0.2111111111111111,0.17777777777777778,0.07777777777777778,0.06666666666666667,0.06666666666666667,0.15555555555555556,0.15555555555555556,0.14444444444444443,0.14444444444444443,0.24444444444444444,0.23333333333333334,0.2,0.12222222222222222,0.07777777777777778,0.1,0.1,0.12222222222222222,0.1111111111111111,0.14444444444444443,0.17777777777777778,0.2,0.18888888888888888,0.1,0.07777777777777778,0.06666666666666667,0.07777777777777778,0.05555555555555555,0.07777777777777778,0.1,0.1111111111111111,0.16666666666666666,0.14444444444444443,0.08888888888888889,0.07777777777777778,0.06666666666666667,0.05555555555555555,0.044444444444444446,0.05555555555555555,0.03333333333333333,0.044444444444444446,0.1111111111111111,0.1111111111111111,0.06666666666666667,0.022222222222222223,0.05555555555555555,0.06666666666666667,0.03333333333333333,0.06666666666666667,0.07777777777777778,0.05555555555555555,0.03333333333333333,0.022222222222222223,0.011111111111111112,0.03333333333333333,0.044444444444444446,0.011111111111111112,0.011111111111111112,0.03333333333333333,0.03333333333333333,0.05555555555555555,0.08888888888888889,0.08888888888888889,0.05555555555555555,0.022222222222222223,0.0,0.0,0.011111111111111112,0.011111111111111112,0.0,0.011111111111111112,0.03333333333333333,0.03333333333333333,0.07777777777777778,0.044444444444444446,0.022222222222222223,0.0,0.0,0.0,0.011111111111111112,0.0,0.011111111111111112,0.022222222222222223,0.022222222222222223,0.022222222222222223,0.07777777777777778,0.044444444444444446,0.03333333333333333,0.0,0.0,0.0,0.0,0.0,0.011111111111111112,0.022222222222222223,0.022222222222222223,0.1,0.03333333333333333,0.0,0.0,0.0,0.0,0.0,0.0,0.011111111111111112,0.022222222222222223,0.03333333333333333,0.06666666666666667,0.2111111111111111,0.022222222222222223,0.0,0.0,0.0,0.011111111111111112,0.011111111111111112,0.011111111111111112,0.022222222222222223,0.022222222222222223,0.044444444444444446,0.022222222222222223,0.0,0.0,0.011111111111111112,0.0,0.0,0.011111111111111112,0.011111111111111112,0.022222222222222223,0.0,0.08888888888888889,0.15555555555555556,0.05555555555555555,0.011111111111111112,0.022222222222222223,0.011111111111111112,0.011111111111111112,0.011111111111111112,0.0,0.011111111111111112,0.022222222222222223,0.03333333333333333,0.06666666666666667,0.07777777777777778,0.13333333333333333,0.13333333333333333,0.022222222222222223,0.011111111111111112,0.03333333333333333,0.022222222222222223,0.011111111111111112,0.022222222222222223,0.13333333333333333,0.044444444444444446,0.03333333333333333,0.022222222222222223,0.011111111111111112,0.03333333333333333,0.03333333333333333,0.14444444444444443,0.1111111111111111,0.03333333333333333,0.05555555555555555,0.044444444444444446,0.03333333333333333,0.05555555555555555,0.06666666666666667,0.03333333333333333,0.12222222222222222,0.044444444444444446,0.011111111111111112,0.011111111111111112,0.011111111111111112,0.011111111111111112,0.07428467300208176
2091-04-01,0.01098901098901099,0.02197802197802198,0.01098901098901099,0.04395604395604396,0.03296703296703297,0.01098901098901099,0.15384615384615385,0.27472527472527475,0.0989010989010989,0.0,0.01098901098901099,0.01098901098901099,0.0,0.0,0.32967032967032966,0.5714285714285714,0.3076923076923077,0.1978021978021978,0.054945054945054944,0.02197802197802198,0.03296703296703297,0.0,0.01098901098901099,0.9560439560439561,0.7472527472527473,0.31868131868131866,0.14285714285714285,0.15384615384615385,0.06593406593406594,0.04395604395604396,0.02197802197802198,0.02197802197802198,0.9120879120879121,0.7802197802197802,0.4175824175824176,0.23076923076923078,0.14285714285714285,0.07692307692307693,0.01098901098901099,0.01098901098901099,0.02197802197802198,0.6593406593406593,0.8901098901098901,0.7362637362637363,0.5384615384615384,0.4065934065934066,0.1978021978021978,0.10989010989010989,0.02197802197802198,0.01098901098901099,0.02197802197802198,0.38461538461538464,0.8021978021978022,0.6813186813186813,0.5934065934065934,0.45054945054945056,0.3076923076923077,0.10989010989010989,0.03296703296703297,0.01098901098901099,0.0,0.2967032967032967,0.5384615384615384,0.5714285714285714,0.4945054945054945,0.31868131868131866,0.27472527472527475,0.07692307692307693,0.0,0.0,0.0,0.054945054945054944,0.18681318681318682,0.34065934065934067,0.3516483516483517,0.2857142857142857,0.32967032967032966,0.1978021978021978,0.06593406593406594,0.0,0.0,0.0,0.0989010989010989,0.14285714285714285,0.25274725274725274,0.45054945054945056,0.26373626373626374,0.13186813186813187,0.08791208791208792,0.0,0.0,0.0,0.0,0.1978021978021978,0.15384615384615385,0.1978021978021978,0.15384615384615385,0.18681318681318682,0.17582417582417584,0.07692307692307693,0.054945054945054944,0.03296703296703297,0.0,0.0,0.0,0.0,0.15384615384615385,0.23076923076923078,0.31868131868131866,0.34065934065934067,0.27472527472527475,0.13186813186813187,0.0989010989010989,0.06593406593406594,0.02197802197802198,0.01098901098901099,0.01098901098901099,0.0,0.0,0.38461538461538464,0.3076923076923077,0.42857142857142855,0.15384615384615385,0.10989010989010989,0.13186813186813187,0.054945054945054944,0.06593406593406594,0.06593406593406594,0.01098901098901099,0.0,0.0,0.18681318681318682,0.2087912087912088,0.17582417582417584,0.13186813186813187,0.0989010989010989,0.07692307692307693,0.08791208791208792,0.0989010989010989,0.06593406593406594,0.04395604395604396,0.01098901098901099,0.2967032967032967,0.25274725274725274,0.13186813186813187,0.13186813186813187,0.15384615384615385,0.2857142857142857,0.23076923076923078,0.18681318681318682,0.0989010989010989,0.04395604395604396,0.01098901098901099,0.26373626373626374,0.25274725274725274,0.25274725274725274,0.1978021978021978,0.4175824175824176,0.3626373626373626,0.24175824175824176,0.3076923076923077,0.17582417582417584,0.054945054945054944,0.054945054945054944,0.18681318681318682,0.14285714285714285,0.31868131868131866,0.46153846153846156,0.27472527472527475,0.4175824175824176,0.32967032967032966,0.27472527472527475,0.12087912087912088,0.08791208791208792,0.0989010989010989,0.07692307692307693,0.27472527472527475,0.23076923076923078,0.13186813186813187,0.26373626373626374,0.21978021978021978,0.18681318681318682,0.4065934065934066,0.31868131868131866,0.3076923076923077,0.18681318681318682,0.0989010989010989,0.07692307692307693,0.07692307692307693,0.14285714285714285,0.26373626373626374,0.3076923076923077,0.23076923076923078,0.32967032967032966,0.31868131868131866,0.4175824175824176,0.32967032967032966,0.3076923076923077,0.18681318681318682,0.18681318681318682,0.38461538461538464,0.2967032967032967,0.1978021978021978,0.17582417582417584,0.17582417582417584,0.27472527472527475,0.3076923076923077,0.31868131868131866,0.1978021978021978,0.14285714285714285,0.32967032967032966,0.25274725274725274,0.12087912087912088,0.32967032967032966,0.1978021978021978,0.08791208791208792,0.03296703296703297,0.054945054945054944,0.0,0.30450927028090996
2091-07-01,0.010869565217391304,0.010869565217391304,0.03260869565217391,0.05434782608695652,0.03260869565217391,0.0,0.17391304347826086,0.6304347826086957,0.2717391304347826,0.043478260869565216,0.010869565217391304,0.09782608695652174,0.09782608695652174,0.03260869565217391,0.4891304347826087,0.9347826086956522,0.7391304347826086,0.33695652173913043,0.07608695652173914,0.043478260869565216,0.11956521739130435,0.08695652173913043,0.021739130434782608,1.0,0.9565217391304348,0.34782608695652173,0.13043478260869565,0.06521739130434782,0.06521739130434782,0.06521739130434782,0.06521739130434782,0.010869565217391304,0.9565217391304348,0.9021739130434783,0.4673913043478261,0.10869565217391304,0.021739130434782608,0.043478260869565216,0.18478260869565216,0.18478260869565216,0.03260869565217391,0.5217391304347826,0.7717391304347826,0.358695652173913,0.20652173913043478,0.16304347826086957,0.30434782608695654,0.07608695652173914,0.06521739130434782,0.043478260869565216,0.0,0.21739130434782608,0.44565217391304346,0.3804347826086957,0.1956521739130435,0.11956521739130435,0.3804347826086957,0.11956521739130435,0.03260869565217391,0.010869565217391304,0.0,0.05434782608695652,0.13043478260869565,0.08695652173913043,0.2717391304347826,0.09782608695652174,0.32608695652173914,0.16304347826086957,0.07608695652173914,0.043478260869565216,0.010869565217391304,0.03260869565217391,0.010869565217391304,0.021739130434782608,0.06521739130434782,0.08695652173913043,0.31521739130434784,0.40217391304347827,0.3804347826086957,0.06521739130434782,0.021739130434782608,0.03260869565217391,0.05434782608695652,0.07608695652173914,0.043478260869565216,0.532608695652174,0.34782608695652173,0.32608695652173914,0.2608695652173913,0.15217391304347827,0.043478260869565216,0.03260869565217391,0.021739130434782608,0.010869565217391304,0.06521739130434782,0.14130434782608695,0.18478260869565216,0.07608695652173914,0.31521739130434784,0.29347826086956524,0.34782608695652173,0.2826086956521739,0.16304347826086957,0.09782608695652174,0.07608695652173914,0.043478260869565216,0.0,0.09782608695652174,0.20652173913043478,0.391304347826087,0.32608695652173914,0.4782608695652174,0.5543478260869565,0.6086956521739131,0.3695652173913043,0.33695652173913043,0.2608695652173913,0.11956521739130435,0.07608695652173914,0.2717391304347826,0.33695652173913043,0.6413043478260869,0.5869565217391305,0.5978260869565217,0.6521739130434783,0.6304347826086957,0.5217391304347826,0.43478260869565216,0.17391304347826086,0.03260869565217391,0.010869565217391304,0.09782608695652174,0.30434782608695654,0.5,0.5108695652173914,0.45652173913043476,0.5869565217391305,0.6413043478260869,0.5760869565217391,0.5543478260869565,0.2826086956521739,0.021739130434782608,0.08695652173913043,0.34782608695652173,0.34782608695652173,0.4891304347826087,0.5543478260869565,0.8152173913043478,0.7608695652173914,0.6847826086956522,0.45652173913043476,0.2826086956521739,0.06521739130434782,0.043478260869565216,0.30434782608695654,0.5,0.4782608695652174,0.8152173913043478,0.8043478260869565,0.7608695652173914,0.7608695652173914,0.45652173913043476,0.2717391304347826,0.15217391304347827,0.021739130434782608,0.1956521739130435,0.7282608695652174,0.7282608695652174,0.6304347826086957,0.7608695652173914,0.75,0.7391304347826086,0.40217391304347827,0.2391304347826087,0.0,0.021739130434782608,0.07608695652173914,0.09782608695652174,0.16304347826086957,0.532608695652174,0.4782608695652174,0.42391304347826086,0.7282608695652174,0.75,0.75,0.532608695652174,0.29347826086956524,0.021739130434782608,0.021739130434782608,0.03260869565217391,0.1956521739130435,0.391304347826087,0.4673913043478261,0.5108695652173914,0.5869565217391305,0.8152173913043478,0.717391304347826,0.30434782608695654,0.1956521739130435,0.32608695652173914,0.6304347826086957,0.6956521739130435,0.5434782608695652,0.41304347826086957,0.17391304347826086,0.2826086956521739,0.40217391304347827,0.6956521739130435,0.5760869565217391,0.391304347826087,0.5543478260869565,0.5760869565217391,0.3695652173913043,0.358695652173913,0.391304347826087,0.2391304347826087,0.16304347826086957,0.16304347826086957,0.11956521739130435,0.5335044112098077
2091-10-01,0.021739130434782608,0.010869565217391304,0.0,0.0,0.0,0.0,0.06521739130434782,0.14130434782608695,0.09782608695652174,0.021739130434782608,0.010869565217391304,0.0,0.0,0.0,0.3804347826086957,0.25,0.09782608695652174,0.05434782608695652,0.010869565217391304,0.0,0.0,0.0,0.0,0.5760869565217391,0.2608695652173913,0.05434782608695652,0.0,0.0,0.0,0.0,0.0,0.0,0.42391304347826086,0.21739130434782608,0.043478260869565216,0.0,0.0,0.0,0.0,0.0,0.0,0.043478260869565216,0.1956521739130435,0.021739130434782608,0.0,0.0,0.0,0.0,0.0,0.0,0.0,0.010869565217391304,0.043478260869565216,0.0,0.0,0.0,0.0,0.0,0.0,0.0,0.0,0.010869565217391304,0.010869565217391304,0.0,0.0,0.0,0.0,0.0,0.0,0.0,0.0,0.043478260869565216,0.03260869565217391,0.010869565217391304,0.0,0.0,0.0,0.0,0.0,0.0,0.0,0.0,0.09782608695652174,0.043478260869565216,0.0,0.03260869565217391,0.0,0.0,0.0,0.0,0.0,0.0,0.0,0.06521739130434782,0.17391304347826086,0.2826086956521739,0.11956521739130435,0.021739130434782608,0.09782608695652174,0.06521739130434782,0.010869565217391304,0.0,0.0,0.0,0.0,0.0,0.08695652173913043,0.2608695652173913,0.40217391304347827,0.32608695652173914,0.1956521739130435,0.20652173913043478,0.10869565217391304,0.05434782608695652,0.010869565217391304,0.0,0.0,0.0,0.0,0.33695652173913043,0.32608695652173914,0.29347826086956524,0.20652173913043478,0.09782608695652174,0.08695652173913043,0.03260869565217391,0.03260869565217391,0.0,0.0,0.0,0.0,0.1956521739130435,0.2717391304347826,0.25,0.16304347826086957,0.021739130434782608,0.043478260869565216,0.03260869565217391,0.043478260869565216,0.03260869565217391,0.0,0.0,0.18478260869565216,0.18478260869565216,0.15217391304347827,0.1956521739130435,0.14130434782608695,0.13043478260869565,0.13043478260869565,0.11956521739130435,0.03260869565217391,0.0,0.0,0.13043478260869565,0.16304347826086957,0.22826086956521738,0.16304347826086957,0.2717391304347826,0.21739130434782608,0.22826086956521738,0.14130434782608695,0.021739130434782608,0.0,0.0,0.05434782608695652,0.14130434782608695,0.2391304347826087,0.1956521739130435,0.532608695652174,0.2391304347826087,0.1956521739130435,0.10869565217391304,0.010869565217391304,0.0,0.0,0.0,0.05434782608695652,0.05434782608695652,0.08695652173913043,0.16304347826086957,0.10869565217391304,0.17391304347826086,0.10869565217391304,0.09782608695652174,0.08695652173913043,0.010869565217391304,0.0,0.010869565217391304,0.0,0.043478260869565216,0.11956521739130435,0.11956521739130435,0.05434782608695652,0.06521739130434782,0.06521739130434782,0.07608695652173914,0.06521739130434782,0.09782608695652174,0.021739130434782608,0.03260869565217391,0.21739130434782608,0.10869565217391304,0.07608695652173914,0.03260869565217391,0.021739130434782608,0.043478260869565216,0.021739130434782608,0.1956521739130435,0.07608695652173914,0.043478260869565216,0.06521739130434782,0.09782608695652174,0.03260869565217391,0.010869565217391304,0.021739130434782608,0.0,0.0,0.0,0.0,0.14897604384129773
2092-01-01,0.13333333333333333,0.1,0.044444444444444446,0.03333333333333333,0.05555555555555555,0.044444444444444446,0.35555555555555557,0.24444444444444444,0.12222222222222222,0.07777777777777778,0.06666666666666667,0.05555555555555555,0.03333333333333333,0.0,0.5888888888888889,0.34444444444444444,0.28888888888888886,0.16666666666666666,0.08888888888888889,0.1111111111111111,0.05555555555555555,0.044444444444444446,0.022222222222222223,0.6111111111111112,0.45555555555555555,0.26666666666666666,0.24444444444444444,0.15555555555555556,0.12222222222222222,0.07777777777777778,0.05555555555555555,0.044444444444444446,0.7777777777777778,0.6555555555555556,0.32222222222222224,0.26666666666666666,0.2222222222222222,0.17777777777777778,0.1,0.08888888888888889,0.06666666666666667,0.26666666666666666,0.35555555555555557,0.3333333333333333,0.28888888888888886,0.2777777777777778,0.18888888888888888,0.2777777777777778,0.17777777777777778,0.1111111111111111,0.06666666666666667,0.13333333333333333,0.2222222222222222,0.34444444444444444,0.3111111111111111,0.3,0.2777777777777778,0.28888888888888886,0.17777777777777778,0.1,0.07777777777777778,0.12222222222222222,0.2222222222222222,0.2777777777777778,0.3111111111111111,0.34444444444444444,0.3333333333333333,0.3,0.12222222222222222,0.1,0.044444444444444446,0.06666666666666667,0.15555555555555556,0.14444444444444443,0.2111111111111111,0.25555555555555554,0.3111111111111111,0.28888888888888886,0.2111111111111111,0.07777777777777778,0.022222222222222223,0.011111111111111112,0.07777777777777778,0.1111111111111111,0.12222222222222222,0.07777777777777778,0.13333333333333333,0.17777777777777778,0.17777777777777778,0.06666666666666667,0.044444444444444446,0.011111111111111112,0.0,0.03333333333333333,0.06666666666666667,0.14444444444444443,0.1111111111111111,0.06666666666666667,0.05555555555555555,0.06666666666666667,0.03333333333333333,0.05555555555555555,0.044444444444444446,0.03333333333333333,0.011111111111111112,0.0,0.08888888888888889,0.13333333333333333,0.12222222222222222,0.13333333333333333,0.08888888888888889,0.06666666666666667,0.05555555555555555,0.022222222222222223,0.022222222222222223,0.022222222222222223,0.022222222222222223,0.011111111111111112,0.0,0.1111111111111111,0.1111111111111111,0.06666666666666667,0.044444444444444446,0.044444444444444446,0.03333333333333333,0.0,0.022222222222222223,0.011111111111111112,0.0,0.0,0.0,0.1111111111111111,0.07777777777777778,0.06666666666666667,0.05555555555555555,0.03333333333333333,0.011111111111111112,0.011111111111111112,0.022222222222222223,0.011111111111111112,0.0,0.0,0.13333333333333333,0.08888888888888889,0.05555555555555555,0.03333333333333333,0.011111111111111112,0.0,0.022222222222222223,0.022222222222222223,0.011111111111111112,0.0,0.0,0.1111111111111111,0.17777777777777778,0.06666666666666667,0.03333333333333333,0.022222222222222223,0.022222222222222223,0.03333333333333333,0.011111111111111112,0.0,0.0,0.0,0.07777777777777778,0.05555555555555555,0.07777777777777778,0.044444444444444446,0.022222222222222223,0.022222222222222223,0.022222222222222223,0.011111111111111112,0.0,0.0,0.06666666666666667,0.12222222222222222,0.16666666666666666,0.08888888888888889,0.06666666666666667,0.06666666666666667,0.03333333333333333,0.022222222222222223,0.0,0.0,0.0,0.0,0.0,0.08888888888888889,0.07777777777777778,0.14444444444444443,0.17777777777777778,0.05555555555555555,0.044444444444444446,0.011111111111111112,0.0,0.0,0.0,0.13333333333333333,0.011111111111111112,0.011111111111111112,0.022222222222222223,0.0,0.0,0.0,0.12222222222222222,0.08888888888888889,0.011111111111111112,0.03333333333333333,0.0,0.0,0.0,0.0,0.0,0.06666666666666667,0.0,0.0,0.0,0.0,0.0,0.0972839015424689
2092-04-01,0.0,0.0,0.0,0.0,0.0,0.02197802197802198,0.12087912087912088,0.18681318681318682,0.07692307692307693,0.054945054945054944,0.06593406593406594,0.0989010989010989,0.08791208791208792,0.01098901098901099,0.14285714285714285,0.42857142857142855,0.31868131868131866,0.10989010989010989,0.0989010989010989,0.10989010989010989,0.0989010989010989,0.10989010989010989,0.03296703296703297,0.967032967032967,0.6593406593406593,0.26373626373626374,0.10989010989010989,0.13186813186813187,0.13186813186813187,0.08791208791208792,0.06593406593406594,0.04395604395604396,0.945054945054945,0.7472527472527473,0.4065934065934066,0.1978021978021978,0.0989010989010989,0.10989010989010989,0.07692307692307693,0.04395604395604396,0.02197802197802198,0.7912087912087912,0.9340659340659341,0.7252747252747253,0.5714285714285714,0.32967032967032966,0.2857142857142857,0.1978021978021978,0.0989010989010989,0.054945054945054944,0.02197802197802198,0.5274725274725275,0.8791208791208791,0.7692307692307693,0.6373626373626373,0.3956043956043956,0.34065934065934067,0.16483516483516483,0.0989010989010989,0.08791208791208792,0.02197802197802198,0.3956043956043956,0.7142857142857143,0.6593406593406593,0.6483516483516484,0.32967032967032966,0.34065934065934067,0.15384615384615385,0.12087912087912088,0.08791208791208792,0.04395604395604396,0.02197802197802198,0.13186813186813187,0.37362637362637363,0.5824175824175825,0.5604395604395604,0.5054945054945055,0.34065934065934067,0.24175824175824176,0.14285714285714285,0.07692307692307693,0.06593406593406594,0.01098901098901099,0.07692307692307693,0.3076923076923077,0.5494505494505495,0.3516483516483517,0.2857142857142857,0.2857142857142857,0.12087912087912088,0.10989010989010989,0.07692307692307693,0.06593406593406594,0.16483516483516483,0.10989010989010989,0.054945054945054944,0.03296703296703297,0.08791208791208792,0.17582417582417584,0.08791208791208792,0.08791208791208792,0.0989010989010989,0.0989010989010989,0.07692307692307693,0.0989010989010989,0.054945054945054944,0.13186813186813187,0.13186813186813187,0.2087912087912088,0.26373626373626374,0.21978021978021978,0.16483516483516483,0.16483516483516483,0.13186813186813187,0.10989010989010989,0.15384615384615385,0.13186813186813187,0.06593406593406594,0.07692307692307693,0.25274725274725274,0.2967032967032967,0.3076923076923077,0.2087912087912088,0.2857142857142857,0.2967032967032967,0.2087912087912088,0.18681318681318682,0.14285714285714285,0.04395604395604396,0.02197802197802198,0.02197802197802198,0.10989010989010989,0.23076923076923078,0.25274725274725274,0.24175824175824176,0.1978021978021978,0.2967032967032967,0.2967032967032967,0.2087912087912088,0.14285714285714285,0.06593406593406594,0.02197802197802198,0.2857142857142857,0.2857142857142857,0.23076923076923078,0.25274725274725274,0.34065934065934067,0.4945054945054945,0.38461538461538464,0.2857142857142857,0.14285714285714285,0.04395604395604396,0.02197802197802198,0.21978021978021978,0.2967032967032967,0.31868131868131866,0.2967032967032967,0.4835164835164835,0.5274725274725275,0.45054945054945056,0.42857142857142855,0.21978021978021978,0.054945054945054944,0.02197802197802198,0.15384615384615385,0.1978021978021978,0.43956043956043955,0.4725274725274725,0.4175824175824176,0.5054945054945055,0.46153846153846156,0.3076923076923077,0.15384615384615385,0.03296703296703297,0.07692307692307693,0.15384615384615385,0.3516483516483517,0.3626373626373626,0.27472527472527475,0.43956043956043955,0.42857142857142855,0.3626373626373626,0.5164835164835165,0.4175824175824176,0.4065934065934066,0.27472527472527475,0.054945054945054944,0.10989010989010989,0.27472527472527475,0.2967032967032967,0.31868131868131866,0.4175824175824176,0.4175824175824176,0.42857142857142855,0.42857142857142855,0.46153846153846156,0.3516483516483517,0.42857142857142855,0.32967032967032966,0.34065934065934067,0.43956043956043955,0.37362637362637363,0.21978021978021978,0.12087912087912088,0.26373626373626374,0.38461538461538464,0.38461538461538464,0.4175824175824176,0.26373626373626374,0.16483516483516483,0.32967032967032966,0.31868131868131866,0.13186813186813187,0.34065934065934067,0.26373626373626374,0.06593406593406594,0.03296703296703297,0.07692307692307693,0.02197802197802198,0.3686657429517288
2092-07-01,0.0,0.0,0.0,0.010869565217391304,0.021739130434782608,0.0,0.08695652173913043,0.6630434782608695,0.15217391304347827,0.0,0.010869565217391304,0.010869565217391304,0.021739130434782608,0.0,0.4782608695652174,0.9347826086956522,0.6521739130434783,0.13043478260869565,0.043478260869565216,0.043478260869565216,0.05434782608695652,0.043478260869565216,0.0,1.0,0.9782608695652174,0.25,0.021739130434782608,0.03260869565217391,0.05434782608695652,0.010869565217391304,0.07608695652173914,0.010869565217391304,0.9782608695652174,0.9565217391304348,0.5652173913043478,0.15217391304347827,0.0,0.010869565217391304,0.14130434782608695,0.15217391304347827,0.0,0.6304347826086957,0.8586956521739131,0.7065217391304348,0.5652173913043478,0.532608695652174,0.25,0.05434782608695652,0.010869565217391304,0.021739130434782608,0.0,0.42391304347826086,0.6304347826086957,0.6195652173913043,0.6086956521739131,0.45652173913043476,0.4891304347826087,0.07608695652173914,0.0,0.0,0.0,0.18478260869565216,0.4673913043478261,0.5869565217391305,0.5652173913043478,0.32608695652173914,0.43478260869565216,0.11956521739130435,0.043478260869565216,0.0,0.0,0.0,0.021739130434782608,0.09782608695652174,0.2391304347826087,0.2391304347826087,0.4782608695652174,0.42391304347826086,0.18478260869565216,0.021739130434782608,0.0,0.0,0.043478260869565216,0.021739130434782608,0.13043478260869565,0.6521739130434783,0.31521739130434784,0.06521739130434782,0.05434782608695652,0.03260869565217391,0.021739130434782608,0.021739130434782608,0.010869565217391304,0.0,0.03260869565217391,0.07608695652173914,0.11956521739130435,0.14130434782608695,0.4891304347826087,0.2717391304347826,0.13043478260869565,0.09782608695652174,0.07608695652173914,0.05434782608695652,0.043478260869565216,0.043478260869565216,0.0,0.043478260869565216,0.11956521739130435,0.30434782608695654,0.40217391304347827,0.44565217391304346,0.42391304347826086,0.391304347826087,0.2826086956521739,0.1956521739130435,0.06521739130434782,0.043478260869565216,0.043478260869565216,0.15217391304347827,0.32608695652173914,0.532608695652174,0.42391304347826086,0.4891304347826087,0.5652173913043478,0.5434782608695652,0.40217391304347827,0.17391304347826086,0.09782608695652174,0.05434782608695652,0.03260869565217391,0.06521739130434782,0.2391304347826087,0.3695652173913043,0.3804347826086957,0.33695652173913043,0.4673913043478261,0.5217391304347826,0.4673913043478261,0.358695652173913,0.20652173913043478,0.03260869565217391,0.07608695652173914,0.17391304347826086,0.21739130434782608,0.5,0.5,0.7608695652173914,0.6413043478260869,0.532608695652174,0.358695652173913,0.13043478260869565,0.03260869565217391,0.03260869565217391,0.16304347826086957,0.42391304347826086,0.5108695652173914,0.7065217391304348,0.7934782608695652,0.7065217391304348,0.6630434782608695,0.43478260869565216,0.21739130434782608,0.06521739130434782,0.021739130434782608,0.07608695652173914,0.5434782608695652,0.7065217391304348,0.6086956521739131,0.7608695652173914,0.6630434782608695,0.5652173913043478,0.2826086956521739,0.13043478260869565,0.0,0.0,0.06521739130434782,0.10869565217391304,0.08695652173913043,0.33695652173913043,0.5,0.5434782608695652,0.7717391304347826,0.6630434782608695,0.6304347826086957,0.5108695652173914,0.20652173913043478,0.0,0.0,0.043478260869565216,0.10869565217391304,0.30434782608695654,0.358695652173913,0.44565217391304346,0.5652173913043478,0.7934782608695652,0.6521739130434783,0.13043478260869565,0.08695652173913043,0.2608695652173913,0.6086956521739131,0.6413043478260869,0.4891304347826087,0.33695652173913043,0.05434782608695652,0.17391304347826086,0.3804347826086957,0.6521739130434783,0.6195652173913043,0.33695652173913043,0.44565217391304346,0.5217391304347826,0.31521739130434784,0.2826086956521739,0.34782608695652173,0.17391304347826086,0.08695652173913043,0.021739130434782608,0.043478260869565216,0.4861683659760967
2092-10-01,0.06521739130434782,0.03260869565217391,0.03260869565217391,0.0,0.0,0.0,0.18478260869565216,0.15217391304347827,0.07608695652173914,0.03260869565217391,0.03260869565217391,0.021739130434782608,0.021739130434782608,0.0,0.4891304347826087,0.29347826086956524,0.05434782608695652,0.0,0.0,0.0,0.021739130434782608,0.021739130434782608,0.0,0.7391304347826086,0.34782608695652173,0.010869565217391304,0.0,0.0,0.0,0.010869565217391304,0.010869565217391304,0.0,0.717391304347826,0.4891304347826087,0.03260869565217391,0.0,0.0,0.0,0.0,0.0,0.0,0.0,0.10869565217391304,0.010869565217391304,0.021739130434782608,0.0,0.0,0.0,0.0,0.0,0.0,0.0,0.0,0.0,0.010869565217391304,0.010869565217391304,0.0,0.0,0.0,0.0,0.0,0.0,0.0,0.0,0.0,0.0,0.0,0.0,0.0,0.0,0.0,0.010869565217391304,0.0,0.0,0.0,0.0,0.0,0.0,0.0,0.0,0.0,0.0,0.08695652173913043,0.043478260869565216,0.0,0.0,0.0,0.0,0.0,0.0,0.0,0.0,0.0,0.021739130434782608,0.1956521739130435,0.29347826086956524,0.09782608695652174,0.03260869565217391,0.021739130434782608,0.010869565217391304,0.0,0.0,0.0,0.0,0.0,0.0,0.08695652173913043,0.31521739130434784,0.391304347826087,0.2826086956521739,0.10869565217391304,0.08695652173913043,0.05434782608695652,0.0,0.0,0.0,0.0,0.0,0.0,0.33695652173913043,0.2717391304347826,0.2717391304347826,0.18478260869565216,0.10869565217391304,0.03260869565217391,0.0,0.010869565217391304,0.010869565217391304,0.0,0.0,0.0,0.16304347826086957,0.30434782608695654,0.16304347826086957,0.10869565217391304,0.021739130434782608,0.06521739130434782,0.010869565217391304,0.021739130434782608,0.03260869565217391,0.010869565217391304,0.0,0.14130434782608695,0.17391304347826086,0.07608695652173914,0.18478260869565216,0.18478260869565216,0.18478260869565216,0.08695652173913043,0.06521739130434782,0.03260869565217391,0.010869565217391304,0.0,0.043478260869565216,0.17391304347826086,0.1956521739130435,0.1956521739130435,0.30434782608695654,0.1956521739130435,0.17391304347826086,0.11956521739130435,0.03260869565217391,0.0,0.0,0.0,0.10869565217391304,0.2826086956521739,0.33695652173913043,0.5,0.25,0.1956521739130435,0.10869565217391304,0.010869565217391304,0.010869565217391304,0.0,0.03260869565217391,0.021739130434782608,0.0,0.0,0.09782608695652174,0.06521739130434782,0.18478260869565216,0.10869565217391304,0.11956521739130435,0.08695652173913043,0.010869565217391304,0.010869565217391304,0.021739130434782608,0.010869565217391304,0.021739130434782608,0.05434782608695652,0.06521739130434782,0.0,0.05434782608695652,0.06521739130434782,0.03260869565217391,0.05434782608695652,0.021739130434782608,0.0,0.05434782608695652,0.2608695652173913,0.043478260869565216,0.043478260869565216,0.0,0.0,0.043478260869565216,0.06521739130434782,0.17391304347826086,0.06521739130434782,0.010869565217391304,0.05434782608695652,0.08695652173913043,0.021739130434782608,0.03260869565217391,0.03260869565217391,0.010869565217391304,0.0,0.0,0.0,0.14887291755734666
2093-01-01,0.13333333333333333,0.1,0.1111111111111111,0.08888888888888889,0.1,0.06666666666666667,0.3111111111111111,0.17777777777777778,0.044444444444444446,0.044444444444444446,0.06666666666666667,0.044444444444444446,0.05555555555555555,0.022222222222222223,0.5555555555555556,0.23333333333333334,0.24444444444444444,0.25555555555555554,0.15555555555555556,0.1111111111111111,0.07777777777777778,0.07777777777777778,0.06666666666666667,0.6222222222222222,0.3888888888888889,0.26666666666666666,0.32222222222222224,0.24444444444444444,0.2222222222222222,0.14444444444444443,0.13333333333333333,0.1111111111111111,0.7222222222222222,0.5444444444444444,0.3333333333333333,0.35555555555555557,0.3333333333333333,0.3111111111111111,0.2222222222222222,0.14444444444444443,0.08888888888888889,0.16666666666666666,0.25555555555555554,0.2777777777777778,0.3333333333333333,0.37777777777777777,0.28888888888888886,0.34444444444444444,0.3111111111111111,0.14444444444444443,0.12222222222222222,0.1111111111111111,0.2,0.2222222222222222,0.36666666666666664,0.43333333333333335,0.35555555555555557,0.3333333333333333,0.2777777777777778,0.16666666666666666,0.1111111111111111,0.13333333333333333,0.14444444444444443,0.2222222222222222,0.32222222222222224,0.4444444444444444,0.4222222222222222,0.36666666666666664,0.18888888888888888,0.13333333333333333,0.13333333333333333,0.05555555555555555,0.08888888888888889,0.1111111111111111,0.16666666666666666,0.3111111111111111,0.35555555555555557,0.35555555555555557,0.23333333333333334,0.14444444444444443,0.13333333333333333,0.12222222222222222,0.011111111111111112,0.044444444444444446,0.08888888888888889,0.1,0.16666666666666666,0.24444444444444444,0.24444444444444444,0.14444444444444443,0.1,0.12222222222222222,0.15555555555555556,0.022222222222222223,0.0,0.011111111111111112,0.0,0.03333333333333333,0.044444444444444446,0.06666666666666667,0.06666666666666667,0.1,0.1111111111111111,0.07777777777777778,0.12222222222222222,0.15555555555555556,0.05555555555555555,0.03333333333333333,0.03333333333333333,0.022222222222222223,0.022222222222222223,0.044444444444444446,0.03333333333333333,0.044444444444444446,0.044444444444444446,0.044444444444444446,0.07777777777777778,0.13333333333333333,0.15555555555555556,0.044444444444444446,0.03333333333333333,0.03333333333333333,0.022222222222222223,0.011111111111111112,0.03333333333333333,0.044444444444444446,0.06666666666666667,0.06666666666666667,0.1111111111111111,0.13333333333333333,0.03333333333333333,0.07777777777777778,0.03333333333333333,0.022222222222222223,0.03333333333333333,0.011111111111111112,0.022222222222222223,0.05555555555555555,0.12222222222222222,0.1,0.1,0.05555555555555555,0.1,0.03333333333333333,0.011111111111111112,0.022222222222222223,0.05555555555555555,0.044444444444444446,0.07777777777777778,0.1111111111111111,0.07777777777777778,0.12222222222222222,0.03333333333333333,0.07777777777777778,0.16666666666666666,0.03333333333333333,0.044444444444444446,0.05555555555555555,0.06666666666666667,0.12222222222222222,0.07777777777777778,0.1111111111111111,0.1111111111111111,0.06666666666666667,0.044444444444444446,0.022222222222222223,0.044444444444444446,0.044444444444444446,0.05555555555555555,0.03333333333333333,0.07777777777777778,0.05555555555555555,0.06666666666666667,0.08888888888888889,0.05555555555555555,0.044444444444444446,0.044444444444444446,0.03333333333333333,0.022222222222222223,0.044444444444444446,0.05555555555555555,0.044444444444444446,0.06666666666666667,0.022222222222222223,0.044444444444444446,0.05555555555555555,0.05555555555555555,0.1111111111111111,0.05555555555555555,0.16666666666666666,0.16666666666666666,0.08888888888888889,0.044444444444444446,0.05555555555555555,0.05555555555555555,0.03333333333333333,0.03333333333333333,0.15555555555555556,0.1,0.05555555555555555,0.044444444444444446,0.044444444444444446,0.05555555555555555,0.022222222222222223,0.2111111111111111,0.2,0.1,0.044444444444444446,0.03333333333333333,0.03333333333333333,0.06666666666666667,0.03333333333333333,0.03333333333333333,0.14444444444444443,0.06666666666666667,0.044444444444444446,0.03333333333333333,0.05555555555555555,0.022222222222222223,0.10729037586495402
2093-04-01,0.04395604395604396,0.02197802197802198,0.03296703296703297,0.04395604395604396,0.08791208791208792,0.03296703296703297,0.1978021978021978,0.4065934065934066,0.10989010989010989,0.054945054945054944,0.07692307692307693,0.07692307692307693,0.10989010989010989,0.04395604395604396,0.3626373626373626,0.6483516483516484,0.4835164835164835,0.23076923076923078,0.15384615384615385,0.08791208791208792,0.10989010989010989,0.07692307692307693,0.02197802197802198,0.9560439560439561,0.7692307692307693,0.42857142857142855,0.2857142857142857,0.2087912087912088,0.14285714285714285,0.07692307692307693,0.04395604395604396,0.03296703296703297,0.9340659340659341,0.8241758241758241,0.6483516483516484,0.4065934065934066,0.21978021978021978,0.1978021978021978,0.06593406593406594,0.02197802197802198,0.03296703296703297,0.6153846153846154,0.8351648351648352,0.7472527472527473,0.6813186813186813,0.5714285714285714,0.42857142857142855,0.24175824175824176,0.15384615384615385,0.03296703296703297,0.03296703296703297,0.42857142857142855,0.7032967032967034,0.7142857142857143,0.7142857142857143,0.6373626373626373,0.4945054945054945,0.25274725274725274,0.0989010989010989,0.04395604395604396,0.054945054945054944,0.2967032967032967,0.5164835164835165,0.6373626373626373,0.6483516483516484,0.5604395604395604,0.4945054945054945,0.17582417582417584,0.054945054945054944,0.054945054945054944,0.02197802197802198,0.03296703296703297,0.2857142857142857,0.3516483516483517,0.42857142857142855,0.43956043956043955,0.46153846153846156,0.2857142857142857,0.12087912087912088,0.01098901098901099,0.054945054945054944,0.04395604395604396,0.0,0.13186813186813187,0.2967032967032967,0.5384615384615384,0.25274725274725274,0.1978021978021978,0.15384615384615385,0.03296703296703297,0.01098901098901099,0.04395604395604396,0.03296703296703297,0.02197802197802198,0.01098901098901099,0.06593406593406594,0.07692307692307693,0.17582417582417584,0.27472527472527475,0.17582417582417584,0.14285714285714285,0.054945054945054944,0.01098901098901099,0.01098901098901099,0.03296703296703297,0.02197802197802198,0.04395604395604396,0.06593406593406594,0.10989010989010989,0.15384615384615385,0.18681318681318682,0.17582417582417584,0.1978021978021978,0.16483516483516483,0.08791208791208792,0.02197802197802198,0.03296703296703297,0.054945054945054944,0.054945054945054944,0.13186813186813187,0.16483516483516483,0.27472527472527475,0.2087912087912088,0.25274725274725274,0.21978021978021978,0.14285714285714285,0.04395604395604396,0.04395604395604396,0.054945054945054944,0.04395604395604396,0.01098901098901099,0.07692307692307693,0.10989010989010989,0.16483516483516483,0.10989010989010989,0.10989010989010989,0.2087912087912088,0.15384615384615385,0.10989010989010989,0.08791208791208792,0.03296703296703297,0.04395604395604396,0.1978021978021978,0.2857142857142857,0.15384615384615385,0.27472527472527475,0.31868131868131866,0.3626373626373626,0.2967032967032967,0.15384615384615385,0.06593406593406594,0.02197802197802198,0.02197802197802198,0.16483516483516483,0.3076923076923077,0.3076923076923077,0.3626373626373626,0.42857142857142855,0.42857142857142855,0.37362637362637363,0.3076923076923077,0.21978021978021978,0.03296703296703297,0.03296703296703297,0.07692307692307693,0.10989010989010989,0.4065934065934066,0.45054945054945056,0.31868131868131866,0.42857142857142855,0.34065934065934067,0.24175824175824176,0.10989010989010989,0.06593406593406594,0.04395604395604396,0.10989010989010989,0.14285714285714285,0.10989010989010989,0.08791208791208792,0.32967032967032966,0.31868131868131866,0.3076923076923077,0.4725274725274725,0.3516483516483517,0.2967032967032967,0.25274725274725274,0.07692307692307693,0.07692307692307693,0.06593406593406594,0.06593406593406594,0.31868131868131866,0.31868131868131866,0.32967032967032966,0.37362637362637363,0.3626373626373626,0.37362637362637363,0.3076923076923077,0.42857142857142855,0.18681318681318682,0.3076923076923077,0.42857142857142855,0.2967032967032967,0.21978021978021978,0.15384615384615385,0.34065934065934067,0.46153846153846156,0.4835164835164835,0.34065934065934067,0.26373626373626374,0.14285714285714285,0.42857142857142855,0.3076923076923077,0.15384615384615385,0.4725274725274725,0.34065934065934067,0.16483516483516483,0.02197802197802198,0.12087912087912088,0.04395604395604396,0.3300160928228711
2093-07-01,0.021739130434782608,0.010869565217391304,0.043478260869565216,0.03260869565217391,0.021739130434782608,0.0,0.08695652173913043,0.5434782608695652,0.17391304347826086,0.021739130434782608,0.010869565217391304,0.13043478260869565,0.14130434782608695,0.043478260869565216,0.40217391304347827,0.9565217391304348,0.6847826086956522,0.10869565217391304,0.021739130434782608,0.07608695652173914,0.14130434782608695,0.16304347826086957,0.03260869565217391,1.0,0.9565217391304348,0.15217391304347827,0.021739130434782608,0.010869565217391304,0.03260869565217391,0.09782608695652174,0.17391304347826086,0.021739130434782608,0.9456521739130435,0.9021739130434783,0.31521739130434784,0.03260869565217391,0.0,0.03260869565217391,0.1956521739130435,0.1956521739130435,0.043478260869565216,0.782608695652174,0.8804347826086957,0.4891304347826087,0.391304347826087,0.33695652173913043,0.2608695652173913,0.043478260869565216,0.08695652173913043,0.08695652173913043,0.03260869565217391,0.532608695652174,0.6739130434782609,0.4673913043478261,0.4891304347826087,0.32608695652173914,0.44565217391304346,0.13043478260869565,0.05434782608695652,0.06521739130434782,0.06521739130434782,0.2717391304347826,0.44565217391304346,0.40217391304347827,0.6847826086956522,0.31521739130434784,0.4673913043478261,0.15217391304347827,0.08695652173913043,0.043478260869565216,0.043478260869565216,0.0,0.010869565217391304,0.07608695652173914,0.2826086956521739,0.2608695652173913,0.6086956521739131,0.4782608695652174,0.32608695652173914,0.09782608695652174,0.021739130434782608,0.0,0.0,0.05434782608695652,0.010869565217391304,0.5434782608695652,0.34782608695652173,0.17391304347826086,0.20652173913043478,0.06521739130434782,0.06521739130434782,0.021739130434782608,0.021739130434782608,0.0,0.0,0.043478260869565216,0.08695652173913043,0.021739130434782608,0.2608695652173913,0.25,0.25,0.13043478260869565,0.06521739130434782,0.06521739130434782,0.03260869565217391,0.06521739130434782,0.0,0.0,0.03260869565217391,0.11956521739130435,0.14130434782608695,0.2717391304347826,0.391304347826087,0.4673913043478261,0.31521739130434784,0.22826086956521738,0.14130434782608695,0.08695652173913043,0.08695652173913043,0.043478260869565216,0.07608695652173914,0.29347826086956524,0.4673913043478261,0.5652173913043478,0.7391304347826086,0.6086956521739131,0.3695652173913043,0.2391304347826087,0.11956521739130435,0.05434782608695652,0.021739130434782608,0.0,0.15217391304347827,0.2391304347826087,0.4782608695652174,0.34782608695652173,0.5108695652173914,0.6630434782608695,0.5652173913043478,0.44565217391304346,0.17391304347826086,0.010869565217391304,0.021739130434782608,0.2391304347826087,0.09782608695652174,0.40217391304347827,0.5,0.8913043478260869,0.8043478260869565,0.6847826086956522,0.3804347826086957,0.08695652173913043,0.0,0.0,0.21739130434782608,0.4782608695652174,0.3804347826086957,0.8913043478260869,0.9565217391304348,0.8695652173913043,0.7608695652173914,0.4891304347826087,0.11956521739130435,0.05434782608695652,0.0,0.05434782608695652,0.5760869565217391,0.7608695652173914,0.6739130434782609,0.9021739130434783,0.7717391304347826,0.6521739130434783,0.33695652173913043,0.06521739130434782,0.0,0.010869565217391304,0.021739130434782608,0.06521739130434782,0.043478260869565216,0.42391304347826086,0.44565217391304346,0.3695652173913043,0.8586956521739131,0.782608695652174,0.7717391304347826,0.5434782608695652,0.13043478260869565,0.021739130434782608,0.0,0.0,0.03260869565217391,0.33695652173913043,0.40217391304347827,0.5760869565217391,0.7282608695652174,0.8260869565217391,0.717391304347826,0.20652173913043478,0.11956521739130435,0.29347826086956524,0.8043478260869565,0.7282608695652174,0.5,0.3695652173913043,0.07608695652173914,0.2717391304347826,0.5434782608695652,0.7608695652173914,0.4891304347826087,0.33695652173913043,0.6847826086956522,0.5217391304347826,0.25,0.44565217391304346,0.40217391304347827,0.15217391304347827,0.021739130434782608,0.05434782608695652,0.0,0.5252823529122088
2093-10-01,0.0,0.0,0.0,0.0,0.0,0.0,0.11956521739130435,0.09782608695652174,0.021739130434782608,0.0,0.0,0.0,0.0,0.0,0.4673913043478261,0.18478260869565216,0.08695652173913043,0.021739130434782608,0.010869565217391304,0.0,0.0,0.0,0.0,0.6847826086956522,0.2717391304347826,0.010869565217391304,0.0,0.0,0.0,0.0,0.0,0.0,0.6630434782608695,0.4673913043478261,0.06521739130434782,0.0,0.0,0.0,0.0,0.0,0.0,0.021739130434782608,0.10869565217391304,0.043478260869565216,0.03260869565217391,0.010869565217391304,0.0,0.0,0.0,0.0,0.0,0.0,0.021739130434782608,0.03260869565217391,0.021739130434782608,0.010869565217391304,0.0,0.0,0.0,0.0,0.0,0.0,0.0,0.021739130434782608,0.010869565217391304,0.0,0.010869565217391304,0.07608695652173914,0.0,0.0,0.0,0.0,0.010869565217391304,0.010869565217391304,0.021739130434782608,0.0,0.0,0.010869565217391304,0.05434782608695652,0.0,0.0,0.0,0.03260869565217391,0.021739130434782608,0.05434782608695652,0.11956521739130435,0.010869565217391304,0.0,0.0,0.0,0.0,0.0,0.0,0.0,0.05434782608695652,0.09782608695652174,0.07608695652173914,0.06521739130434782,0.14130434782608695,0.03260869565217391,0.010869565217391304,0.0,0.0,0.0,0.0,0.0,0.06521739130434782,0.11956521739130435,0.14130434782608695,0.18478260869565216,0.10869565217391304,0.17391304347826086,0.15217391304347827,0.11956521739130435,0.021739130434782608,0.0,0.0,0.0,0.0,0.16304347826086957,0.07608695652173914,0.18478260869565216,0.13043478260869565,0.11956521739130435,0.11956521739130435,0.06521739130434782,0.043478260869565216,0.010869565217391304,0.010869565217391304,0.0,0.0,0.06521739130434782,0.06521739130434782,0.043478260869565216,0.043478260869565216,0.043478260869565216,0.043478260869565216,0.09782608695652174,0.08695652173913043,0.06521739130434782,0.010869565217391304,0.010869565217391304,0.06521739130434782,0.03260869565217391,0.021739130434782608,0.03260869565217391,0.07608695652173914,0.15217391304347827,0.15217391304347827,0.14130434782608695,0.08695652173913043,0.021739130434782608,0.021739130434782608,0.043478260869565216,0.043478260869565216,0.10869565217391304,0.07608695652173914,0.2826086956521739,0.22826086956521738,0.1956521739130435,0.14130434782608695,0.05434782608695652,0.043478260869565216,0.021739130434782608,0.010869565217391304,0.021739130434782608,0.13043478260869565,0.16304347826086957,0.5543478260869565,0.20652173913043478,0.18478260869565216,0.14130434782608695,0.03260869565217391,0.043478260869565216,0.0,0.0,0.010869565217391304,0.0,0.010869565217391304,0.08695652173913043,0.07608695652173914,0.09782608695652174,0.09782608695652174,0.11956521739130435,0.09782608695652174,0.05434782608695652,0.021739130434782608,0.0,0.0,0.0,0.043478260869565216,0.07608695652173914,0.010869565217391304,0.05434782608695652,0.021739130434782608,0.08695652173913043,0.08695652173913043,0.05434782608695652,0.021739130434782608,0.043478260869565216,0.13043478260869565,0.07608695652173914,0.06521739130434782,0.07608695652173914,0.021739130434782608,0.03260869565217391,0.03260869565217391,0.17391304347826086,0.06521739130434782,0.06521739130434782,0.05434782608695652,0.15217391304347827,0.05434782608695652,0.021739130434782608,0.043478260869565216,0.03260869565217391,0.03260869565217391,0.021739130434782608,0.0,0.12742886805904843
2094-01-01,0.044444444444444446,0.022222222222222223,0.03333333333333333,0.03333333333333333,0.044444444444444446,0.022222222222222223,0.13333333333333333,0.044444444444444446,0.03333333333333333,0.0,0.0,0.0,0.0,0.0,0.4,0.1111111111111111,0.07777777777777778,0.06666666666666667,0.044444444444444446,0.011111111111111112,0.0,0.0,0.0,0.6333333333333333,0.17777777777777778,0.1,0.12222222222222222,0.1111111111111111,0.06666666666666667,0.011111111111111112,0.0,0.0,0.7111111111111111,0.34444444444444444,0.16666666666666666,0.17777777777777778,0.15555555555555556,0.1111111111111111,0.05555555555555555,0.03333333333333333,0.022222222222222223,0.24444444444444444,0.3,0.17777777777777778,0.2111111111111111,0.24444444444444444,0.14444444444444443,0.1111111111111111,0.08888888888888889,0.05555555555555555,0.044444444444444446,0.14444444444444443,0.2777777777777778,0.24444444444444444,0.26666666666666666,0.26666666666666666,0.25555555555555554,0.2,0.07777777777777778,0.06666666666666667,0.022222222222222223,0.13333333333333333,0.2222222222222222,0.28888888888888886,0.24444444444444444,0.26666666666666666,0.2777777777777778,0.25555555555555554,0.08888888888888889,0.044444444444444446,0.011111111111111112,0.06666666666666667,0.08888888888888889,0.17777777777777778,0.24444444444444444,0.2,0.2777777777777778,0.26666666666666666,0.13333333333333333,0.05555555555555555,0.03333333333333333,0.0,0.03333333333333333,0.06666666666666667,0.14444444444444443,0.08888888888888889,0.044444444444444446,0.07777777777777778,0.06666666666666667,0.044444444444444446,0.022222222222222223,0.0,0.0,0.044444444444444446,0.044444444444444446,0.022222222222222223,0.022222222222222223,0.06666666666666667,0.03333333333333333,0.0,0.0,0.011111111111111112,0.0,0.0,0.0,0.0,0.1111111111111111,0.1111111111111111,0.05555555555555555,0.05555555555555555,0.011111111111111112,0.0,0.0,0.011111111111111112,0.0,0.0,0.011111111111111112,0.0,0.0,0.044444444444444446,0.06666666666666667,0.011111111111111112,0.0,0.0,0.011111111111111112,0.0,0.022222222222222223,0.03333333333333333,0.011111111111111112,0.0,0.0,0.05555555555555555,0.03333333333333333,0.011111111111111112,0.0,0.0,0.0,0.0,0.05555555555555555,0.05555555555555555,0.0,0.0,0.03333333333333333,0.022222222222222223,0.0,0.0,0.0,0.011111111111111112,0.022222222222222223,0.07777777777777778,0.03333333333333333,0.0,0.011111111111111112,0.03333333333333333,0.26666666666666666,0.011111111111111112,0.011111111111111112,0.011111111111111112,0.03333333333333333,0.06666666666666667,0.07777777777777778,0.011111111111111112,0.0,0.0,0.022222222222222223,0.044444444444444446,0.044444444444444446,0.05555555555555555,0.011111111111111112,0.06666666666666667,0.022222222222222223,0.05555555555555555,0.0,0.0,0.08888888888888889,0.12222222222222222,0.1,0.06666666666666667,0.011111111111111112,0.022222222222222223,0.03333333333333333,0.011111111111111112,0.0,0.011111111111111112,0.011111111111111112,0.0,0.0,0.1,0.08888888888888889,0.05555555555555555,0.05555555555555555,0.044444444444444446,0.022222222222222223,0.011111111111111112,0.011111111111111112,0.0,0.011111111111111112,0.08888888888888889,0.022222222222222223,0.022222222222222223,0.03333333333333333,0.0,0.011111111111111112,0.0,0.08888888888888889,0.1,0.03333333333333333,0.14444444444444443,0.0,0.0,0.011111111111111112,0.022222222222222223,0.0,0.07777777777777778,0.011111111111111112,0.0,0.0,0.0,0.0,0.08647171692433608
2094-04-01,0.01098901098901099,0.0,0.02197802197802198,0.04395604395604396,0.03296703296703297,0.04395604395604396,0.04395604395604396,0.25274725274725274,0.06593406593406594,0.0,0.0,0.01098901098901099,0.04395604395604396,0.054945054945054944,0.054945054945054944,0.3626373626373626,0.31868131868131866,0.14285714285714285,0.01098901098901099,0.0,0.06593406593406594,0.04395604395604396,0.04395604395604396,0.9230769230769231,0.6703296703296703,0.2857142857142857,0.16483516483516483,0.0989010989010989,0.0989010989010989,0.06593406593406594,0.03296703296703297,0.054945054945054944,0.9230769230769231,0.7692307692307693,0.5384615384615384,0.24175824175824176,0.10989010989010989,0.07692307692307693,0.04395604395604396,0.03296703296703297,0.054945054945054944,0.6483516483516484,0.8791208791208791,0.7912087912087912,0.6043956043956044,0.4945054945054945,0.32967032967032966,0.13186813186813187,0.054945054945054944,0.06593406593406594,0.054945054945054944,0.4725274725274725,0.7252747252747253,0.7692307692307693,0.6703296703296703,0.4945054945054945,0.42857142857142855,0.07692307692307693,0.03296703296703297,0.06593406593406594,0.02197802197802198,0.26373626373626374,0.5054945054945055,0.5384615384615384,0.5604395604395604,0.3956043956043956,0.26373626373626374,0.04395604395604396,0.054945054945054944,0.04395604395604396,0.01098901098901099,0.04395604395604396,0.23076923076923078,0.31868131868131866,0.3626373626373626,0.3516483516483517,0.32967032967032966,0.24175824175824176,0.03296703296703297,0.02197802197802198,0.0,0.0,0.01098901098901099,0.0989010989010989,0.2087912087912088,0.4065934065934066,0.17582417582417584,0.10989010989010989,0.13186813186813187,0.02197802197802198,0.01098901098901099,0.0,0.0,0.0989010989010989,0.06593406593406594,0.054945054945054944,0.03296703296703297,0.08791208791208792,0.07692307692307693,0.03296703296703297,0.04395604395604396,0.03296703296703297,0.03296703296703297,0.02197802197802198,0.02197802197802198,0.0,0.07692307692307693,0.08791208791208792,0.15384615384615385,0.17582417582417584,0.0989010989010989,0.04395604395604396,0.03296703296703297,0.054945054945054944,0.03296703296703297,0.06593406593406594,0.06593406593406594,0.054945054945054944,0.0,0.27472527472527475,0.25274725274725274,0.25274725274725274,0.13186813186813187,0.1978021978021978,0.23076923076923078,0.16483516483516483,0.17582417582417584,0.15384615384615385,0.054945054945054944,0.01098901098901099,0.0,0.14285714285714285,0.18681318681318682,0.15384615384615385,0.18681318681318682,0.13186813186813187,0.2087912087912088,0.2087912087912088,0.23076923076923078,0.2087912087912088,0.08791208791208792,0.02197802197802198,0.23076923076923078,0.24175824175824176,0.14285714285714285,0.24175824175824176,0.27472527472527475,0.4065934065934066,0.32967032967032966,0.25274725274725274,0.2087912087912088,0.13186813186813187,0.01098901098901099,0.17582417582417584,0.21978021978021978,0.26373626373626374,0.25274725274725274,0.4725274725274725,0.43956043956043955,0.38461538461538464,0.38461538461538464,0.2087912087912088,0.10989010989010989,0.04395604395604396,0.16483516483516483,0.18681318681318682,0.38461538461538464,0.4175824175824176,0.4175824175824176,0.42857142857142855,0.38461538461538464,0.2967032967032967,0.13186813186813187,0.08791208791208792,0.0989010989010989,0.07692307692307693,0.16483516483516483,0.21978021978021978,0.17582417582417584,0.32967032967032966,0.37362637362637363,0.37362637362637363,0.4175824175824176,0.3516483516483517,0.2967032967032967,0.23076923076923078,0.08791208791208792,0.08791208791208792,0.06593406593406594,0.13186813186813187,0.24175824175824176,0.25274725274725274,0.34065934065934067,0.4065934065934066,0.4065934065934066,0.37362637362637363,0.31868131868131866,0.32967032967032966,0.2087912087912088,0.31868131868131866,0.38461538461538464,0.2857142857142857,0.17582417582417584,0.0989010989010989,0.2967032967032967,0.4175824175824176,0.31868131868131866,0.25274725274725274,0.2087912087912088,0.07692307692307693,0.27472527472527475,0.2087912087912088,0.10989010989010989,0.27472527472527475,0.15384615384615385,0.08791208791208792,0.01098901098901099,0.07692307692307693,0.01098901098901099,0.30527887292993267
2094-07-01,0.0,0.0,0.0,0.0,0.0,0.0,0.13043478260869565,0.44565217391304346,0.10869565217391304,0.021739130434782608,0.0,0.021739130434782608,0.043478260869565216,0.010869565217391304,0.34782608695652173,0.8913043478260869,0.4673913043478261,0.13043478260869565,0.021739130434782608,0.043478260869565216,0.05434782608695652,0.05434782608695652,0.010869565217391304,1.0,0.8804347826086957,0.15217391304347827,0.05434782608695652,0.021739130434782608,0.06521739130434782,0.08695652173913043,0.08695652173913043,0.021739130434782608,0.9891304347826086,0.8369565217391305,0.391304347826087,0.07608695652173914,0.0,0.06521739130434782,0.16304347826086957,0.18478260869565216,0.010869565217391304,0.8043478260869565,0.9239130434782609,0.6304347826086957,0.43478260869565216,0.33695652173913043,0.18478260869565216,0.07608695652173914,0.05434782608695652,0.010869565217391304,0.0,0.4782608695652174,0.7391304347826086,0.5,0.5,0.391304347826087,0.34782608695652173,0.13043478260869565,0.010869565217391304,0.021739130434782608,0.010869565217391304,0.16304347826086957,0.358695652173913,0.391304347826087,0.5760869565217391,0.25,0.31521739130434784,0.09782608695652174,0.06521739130434782,0.06521739130434782,0.021739130434782608,0.043478260869565216,0.06521739130434782,0.16304347826086957,0.30434782608695654,0.33695652173913043,0.5434782608695652,0.43478260869565216,0.18478260869565216,0.10869565217391304,0.043478260869565216,0.010869565217391304,0.043478260869565216,0.043478260869565216,0.09782608695652174,0.6521739130434783,0.4673913043478261,0.30434782608695654,0.20652173913043478,0.13043478260869565,0.08695652173913043,0.05434782608695652,0.043478260869565216,0.021739130434782608,0.03260869565217391,0.043478260869565216,0.043478260869565216,0.043478260869565216,0.25,0.2717391304347826,0.18478260869565216,0.08695652173913043,0.13043478260869565,0.14130434782608695,0.10869565217391304,0.06521739130434782,0.0,0.03260869565217391,0.06521739130434782,0.17391304347826086,0.14130434782608695,0.2391304347826087,0.33695652173913043,0.44565217391304346,0.20652173913043478,0.18478260869565216,0.17391304347826086,0.14130434782608695,0.09782608695652174,0.09782608695652174,0.2391304347826087,0.42391304347826086,0.30434782608695654,0.42391304347826086,0.5652173913043478,0.44565217391304346,0.30434782608695654,0.21739130434782608,0.09782608695652174,0.010869565217391304,0.0,0.05434782608695652,0.2717391304347826,0.2717391304347826,0.2717391304347826,0.16304347826086957,0.3695652173913043,0.41304347826086957,0.3804347826086957,0.2608695652173913,0.17391304347826086,0.021739130434782608,0.08695652173913043,0.21739130434782608,0.14130434782608695,0.358695652173913,0.4673913043478261,0.8586956521739131,0.6847826086956522,0.5543478260869565,0.31521739130434784,0.08695652173913043,0.021739130434782608,0.043478260869565216,0.31521739130434784,0.5434782608695652,0.40217391304347827,0.8695652173913043,0.9130434782608695,0.7608695652173914,0.6739130434782609,0.41304347826086957,0.11956521739130435,0.07608695652173914,0.05434782608695652,0.13043478260869565,0.782608695652174,0.7934782608695652,0.5652173913043478,0.8695652173913043,0.6956521739130435,0.5108695652173914,0.2608695652173913,0.10869565217391304,0.0,0.010869565217391304,0.043478260869565216,0.16304347826086957,0.11956521739130435,0.5543478260869565,0.4782608695652174,0.358695652173913,0.8369565217391305,0.7282608695652174,0.6195652173913043,0.41304347826086957,0.1956521739130435,0.010869565217391304,0.0,0.0,0.03260869565217391,0.45652173913043476,0.42391304347826086,0.5760869565217391,0.6195652173913043,0.7717391304347826,0.6413043478260869,0.3695652173913043,0.17391304347826086,0.3804347826086957,0.6304347826086957,0.6630434782608695,0.4673913043478261,0.33695652173913043,0.14130434782608695,0.391304347826087,0.5760869565217391,0.6956521739130435,0.5217391304347826,0.32608695652173914,0.5652173913043478,0.4782608695652174,0.29347826086956524,0.34782608695652173,0.358695652173913,0.09782608695652174,0.06521739130434782,0.03260869565217391,0.021739130434782608,0.4885097133785516
2094-10-01,0.010869565217391304,0.0,0.0,0.0,0.0,0.0,0.13043478260869565,0.18478260869565216,0.06521739130434782,0.021739130434782608,0.010869565217391304,0.0,0.0,0.0,0.6630434782608695,0.2826086956521739,0.08695652173913043,0.07608695652173914,0.021739130434782608,0.010869565217391304,0.010869565217391304,0.010869565217391304,0.0,0.8369565217391305,0.3804347826086957,0.06521739130434782,0.021739130434782608,0.021739130434782608,0.010869565217391304,0.010869565217391304,0.0,0.0,0.7282608695652174,0.6413043478260869,0.09782608695652174,0.043478260869565216,0.021739130434782608,0.0,0.0,0.0,0.0,0.043478260869565216,0.21739130434782608,0.07608695652173914,0.05434782608695652,0.010869565217391304,0.010869565217391304,0.0,0.0,0.0,0.0,0.0,0.05434782608695652,0.05434782608695652,0.021739130434782608,0.0,0.010869565217391304,0.0,0.0,0.0,0.0,0.0,0.010869565217391304,0.021739130434782608,0.010869565217391304,0.0,0.0,0.0,0.0,0.0,0.0,0.0,0.0,0.010869565217391304,0.010869565217391304,0.0,0.0,0.0,0.0,0.0,0.0,0.0,0.03260869565217391,0.0,0.0,0.010869565217391304,0.0,0.0,0.0,0.0,0.0,0.0,0.0,0.03260869565217391,0.10869565217391304,0.11956521739130435,0.010869565217391304,0.0,0.043478260869565216,0.0,0.0,0.0,0.0,0.0,0.0,0.0,0.07608695652173914,0.16304347826086957,0.20652173913043478,0.13043478260869565,0.06521739130434782,0.13043478260869565,0.043478260869565216,0.03260869565217391,0.0,0.0,0.0,0.0,0.0,0.15217391304347827,0.16304347826086957,0.14130434782608695,0.14130434782608695,0.09782608695652174,0.08695652173913043,0.03260869565217391,0.0,0.0,0.0,0.0,0.0,0.07608695652173914,0.13043478260869565,0.13043478260869565,0.08695652173913043,0.05434782608695652,0.06521739130434782,0.021739130434782608,0.0,0.0,0.0,0.0,0.07608695652173914,0.06521739130434782,0.05434782608695652,0.05434782608695652,0.08695652173913043,0.11956521739130435,0.08695652173913043,0.021739130434782608,0.0,0.0,0.0,0.06521739130434782,0.06521739130434782,0.13043478260869565,0.08695652173913043,0.21739130434782608,0.15217391304347827,0.10869565217391304,0.06521739130434782,0.010869565217391304,0.0,0.0,0.021739130434782608,0.05434782608695652,0.16304347826086957,0.30434782608695654,0.5108695652173914,0.2608695652173913,0.14130434782608695,0.11956521739130435,0.021739130434782608,0.0,0.0,0.0,0.021739130434782608,0.03260869565217391,0.021739130434782608,0.06521739130434782,0.10869565217391304,0.21739130434782608,0.13043478260869565,0.13043478260869565,0.11956521739130435,0.043478260869565216,0.0,0.0,0.0,0.010869565217391304,0.021739130434782608,0.0,0.0,0.05434782608695652,0.07608695652173914,0.05434782608695652,0.09782608695652174,0.0,0.0,0.021739130434782608,0.2391304347826087,0.09782608695652174,0.07608695652173914,0.05434782608695652,0.0,0.0,0.010869565217391304,0.16304347826086957,0.06521739130434782,0.05434782608695652,0.021739130434782608,0.09782608695652174,0.021739130434782608,0.0,0.0,0.0,0.0,0.0,0.0,0.135916809774323
2095-01-01,0.011111111111111112,0.03333333333333333,0.08888888888888889,0.08888888888888889,0.07777777777777778,0.05555555555555555,0.13333333333333333,0.03333333333333333,0.011111111111111112,0.0,0.011111111111111112,0.03333333333333333,0.05555555555555555,0.044444444444444446,0.26666666666666666,0.06666666666666667,0.044444444444444446,0.05555555555555555,0.03333333333333333,0.06666666666666667,0.1,0.08888888888888889,0.06666666666666667,0.5333333333333333,0.12222222222222222,0.1111111111111111,0.13333333333333333,0.17777777777777778,0.18888888888888888,0.13333333333333333,0.1,0.07777777777777778,0.7444444444444445,0.4222222222222222,0.13333333333333333,0.15555555555555556,0.17777777777777778,0.23333333333333334,0.15555555555555556,0.15555555555555556,0.05555555555555555,0.2777777777777778,0.32222222222222224,0.2222222222222222,0.17777777777777778,0.17777777777777778,0.15555555555555556,0.32222222222222224,0.24444444444444444,0.14444444444444443,0.1,0.2,0.2222222222222222,0.17777777777777778,0.16666666666666666,0.2111111111111111,0.28888888888888886,0.3111111111111111,0.24444444444444444,0.15555555555555556,0.1,0.2111111111111111,0.18888888888888888,0.15555555555555556,0.16666666666666666,0.25555555555555554,0.3,0.4111111111111111,0.18888888888888888,0.12222222222222222,0.1,0.1111111111111111,0.12222222222222222,0.13333333333333333,0.12222222222222222,0.14444444444444443,0.2111111111111111,0.25555555555555554,0.3,0.14444444444444443,0.08888888888888889,0.06666666666666667,0.06666666666666667,0.08888888888888889,0.1,0.05555555555555555,0.1111111111111111,0.15555555555555556,0.2222222222222222,0.13333333333333333,0.08888888888888889,0.044444444444444446,0.044444444444444446,0.03333333333333333,0.06666666666666667,0.05555555555555555,0.044444444444444446,0.022222222222222223,0.022222222222222223,0.03333333333333333,0.06666666666666667,0.03333333333333333,0.03333333333333333,0.06666666666666667,0.03333333333333333,0.044444444444444446,0.06666666666666667,0.07777777777777778,0.05555555555555555,0.044444444444444446,0.011111111111111112,0.011111111111111112,0.011111111111111112,0.0,0.0,0.03333333333333333,0.06666666666666667,0.044444444444444446,0.044444444444444446,0.05555555555555555,0.044444444444444446,0.03333333333333333,0.011111111111111112,0.0,0.011111111111111112,0.011111111111111112,0.044444444444444446,0.05555555555555555,0.03333333333333333,0.022222222222222223,0.011111111111111112,0.08888888888888889,0.044444444444444446,0.03333333333333333,0.022222222222222223,0.0,0.011111111111111112,0.03333333333333333,0.06666666666666667,0.07777777777777778,0.022222222222222223,0.022222222222222223,0.13333333333333333,0.022222222222222223,0.022222222222222223,0.0,0.0,0.0,0.06666666666666667,0.044444444444444446,0.05555555555555555,0.03333333333333333,0.011111111111111112,0.14444444444444443,0.16666666666666666,0.011111111111111112,0.022222222222222223,0.0,0.0,0.022222222222222223,0.022222222222222223,0.05555555555555555,0.03333333333333333,0.011111111111111112,0.1,0.044444444444444446,0.022222222222222223,0.022222222222222223,0.022222222222222223,0.011111111111111112,0.022222222222222223,0.022222222222222223,0.044444444444444446,0.05555555555555555,0.044444444444444446,0.14444444444444443,0.12222222222222222,0.1111111111111111,0.03333333333333333,0.022222222222222223,0.044444444444444446,0.05555555555555555,0.011111111111111112,0.022222222222222223,0.011111111111111112,0.06666666666666667,0.03333333333333333,0.12222222222222222,0.12222222222222222,0.2,0.17777777777777778,0.03333333333333333,0.05555555555555555,0.06666666666666667,0.03333333333333333,0.011111111111111112,0.022222222222222223,0.2222222222222222,0.07777777777777778,0.06666666666666667,0.044444444444444446,0.022222222222222223,0.044444444444444446,0.022222222222222223,0.24444444444444444,0.2,0.03333333333333333,0.08888888888888889,0.044444444444444446,0.044444444444444446,0.011111111111111112,0.05555555555555555,0.011111111111111112,0.05555555555555555,0.03333333333333333,0.011111111111111112,0.011111111111111112,0.022222222222222223,0.011111111111111112,0.08183226998138438
2095-04-01,0.06593406593406594,0.054945054945054944,0.03296703296703297,0.02197802197802198,0.02197802197802198,0.0,0.24175824175824176,0.4175824175824176,0.0989010989010989,0.06593406593406594,0.06593406593406594,0.02197802197802198,0.02197802197802198,0.02197802197802198,0.43956043956043955,0.7472527472527473,0.4835164835164835,0.23076923076923078,0.16483516483516483,0.13186813186813187,0.08791208791208792,0.04395604395604396,0.0,0.989010989010989,0.8901098901098901,0.37362637362637363,0.24175824175824176,0.24175824175824176,0.17582417582417584,0.07692307692307693,0.054945054945054944,0.0,0.9230769230769231,0.8571428571428571,0.6703296703296703,0.3956043956043956,0.21978021978021978,0.14285714285714285,0.06593406593406594,0.04395604395604396,0.01098901098901099,0.6373626373626373,0.8571428571428571,0.8351648351648352,0.7362637362637363,0.6373626373626373,0.4835164835164835,0.24175824175824176,0.0989010989010989,0.054945054945054944,0.0,0.45054945054945056,0.7802197802197802,0.7802197802197802,0.7362637362637363,0.6923076923076923,0.6373626373626373,0.2857142857142857,0.12087912087912088,0.08791208791208792,0.0,0.2857142857142857,0.6153846153846154,0.6813186813186813,0.7142857142857143,0.5934065934065934,0.5934065934065934,0.25274725274725274,0.06593406593406594,0.054945054945054944,0.04395604395604396,0.0989010989010989,0.2087912087912088,0.43956043956043955,0.5604395604395604,0.5054945054945055,0.5604395604395604,0.5494505494505495,0.24175824175824176,0.10989010989010989,0.06593406593406594,0.03296703296703297,0.08791208791208792,0.18681318681318682,0.34065934065934067,0.5714285714285714,0.32967032967032966,0.2967032967032967,0.2087912087912088,0.13186813186813187,0.06593406593406594,0.04395604395604396,0.03296703296703297,0.12087912087912088,0.10989010989010989,0.10989010989010989,0.16483516483516483,0.1978021978021978,0.25274725274725274,0.18681318681318682,0.15384615384615385,0.10989010989010989,0.07692307692307693,0.04395604395604396,0.03296703296703297,0.02197802197802198,0.13186813186813187,0.16483516483516483,0.18681318681318682,0.1978021978021978,0.24175824175824176,0.23076923076923078,0.26373626373626374,0.24175824175824176,0.16483516483516483,0.13186813186813187,0.06593406593406594,0.054945054945054944,0.03296703296703297,0.21978021978021978,0.17582417582417584,0.27472527472527475,0.23076923076923078,0.26373626373626374,0.2857142857142857,0.1978021978021978,0.15384615384615385,0.0989010989010989,0.07692307692307693,0.02197802197802198,0.01098901098901099,0.12087912087912088,0.17582417582417584,0.16483516483516483,0.24175824175824176,0.1978021978021978,0.26373626373626374,0.21978021978021978,0.1978021978021978,0.12087912087912088,0.054945054945054944,0.02197802197802198,0.1978021978021978,0.27472527472527475,0.16483516483516483,0.25274725274725274,0.26373626373626374,0.38461538461538464,0.3076923076923077,0.24175824175824176,0.12087912087912088,0.04395604395604396,0.01098901098901099,0.2857142857142857,0.31868131868131866,0.24175824175824176,0.27472527472527475,0.38461538461538464,0.4175824175824176,0.34065934065934067,0.2967032967032967,0.16483516483516483,0.07692307692307693,0.054945054945054944,0.24175824175824176,0.2087912087912088,0.43956043956043955,0.45054945054945056,0.3076923076923077,0.4175824175824176,0.26373626373626374,0.23076923076923078,0.14285714285714285,0.07692307692307693,0.12087912087912088,0.23076923076923078,0.37362637362637363,0.38461538461538464,0.18681318681318682,0.3076923076923077,0.31868131868131866,0.24175824175824176,0.38461538461538464,0.3076923076923077,0.34065934065934067,0.21978021978021978,0.07692307692307693,0.21978021978021978,0.1978021978021978,0.2967032967032967,0.3516483516483517,0.2967032967032967,0.27472527472527475,0.2967032967032967,0.23076923076923078,0.27472527472527475,0.25274725274725274,0.38461538461538464,0.2087912087912088,0.23076923076923078,0.3076923076923077,0.25274725274725274,0.16483516483516483,0.10989010989010989,0.2967032967032967,0.2967032967032967,0.3076923076923077,0.2967032967032967,0.16483516483516483,0.07692307692307693,0.24175824175824176,0.17582417582417584,0.054945054945054944,0.31868131868131866,0.17582417582417584,0.04395604395604396,0.01098901098901099,0.02197802197802198,0.0,0.3281160874530825
2095-07-01,0.0,0.0,0.0,0.0,0.0,0.010869565217391304,0.10869565217391304,0.6086956521739131,0.11956521739130435,0.021739130434782608,0.03260869565217391,0.06521739130434782,0.10869565217391304,0.043478260869565216,0.532608695652174,0.9456521739130435,0.6956521739130435,0.2717391304347826,0.03260869565217391,0.05434782608695652,0.15217391304347827,0.11956521739130435,0.021739130434782608,0.9891304347826086,0.9347826086956522,0.2391304347826087,0.06521739130434782,0.03260869565217391,0.043478260869565216,0.13043478260869565,0.15217391304347827,0.0,0.967391304347826,0.8586956521739131,0.41304347826086957,0.11956521739130435,0.0,0.021739130434782608,0.2717391304347826,0.2391304347826087,0.021739130434782608,0.7282608695652174,0.9239130434782609,0.5652173913043478,0.6195652173913043,0.4782608695652174,0.34782608695652173,0.10869565217391304,0.021739130434782608,0.03260869565217391,0.0,0.532608695652174,0.6739130434782609,0.6086956521739131,0.6739130434782609,0.5,0.5108695652173914,0.08695652173913043,0.010869565217391304,0.010869565217391304,0.0,0.29347826086956524,0.3804347826086957,0.6086956521739131,0.6847826086956522,0.44565217391304346,0.5217391304347826,0.17391304347826086,0.06521739130434782,0.0,0.0,0.03260869565217391,0.03260869565217391,0.18478260869565216,0.4891304347826087,0.41304347826086957,0.6739130434782609,0.5,0.2826086956521739,0.03260869565217391,0.021739130434782608,0.0,0.03260869565217391,0.05434782608695652,0.09782608695652174,0.75,0.6086956521739131,0.32608695652173914,0.11956521739130435,0.07608695652173914,0.043478260869565216,0.05434782608695652,0.021739130434782608,0.0,0.021739130434782608,0.06521739130434782,0.07608695652173914,0.06521739130434782,0.29347826086956524,0.41304347826086957,0.41304347826086957,0.09782608695652174,0.07608695652173914,0.07608695652173914,0.08695652173913043,0.03260869565217391,0.0,0.021739130434782608,0.13043478260869565,0.30434782608695654,0.29347826086956524,0.4782608695652174,0.5978260869565217,0.7065217391304348,0.391304347826087,0.1956521739130435,0.11956521739130435,0.10869565217391304,0.043478260869565216,0.13043478260869565,0.25,0.6521739130434783,0.6086956521739131,0.7282608695652174,0.8478260869565217,0.6304347826086957,0.358695652173913,0.2391304347826087,0.07608695652173914,0.03260869565217391,0.010869565217391304,0.03260869565217391,0.21739130434782608,0.45652173913043476,0.6847826086956522,0.5434782608695652,0.6956521739130435,0.6304347826086957,0.45652173913043476,0.33695652173913043,0.10869565217391304,0.03260869565217391,0.07608695652173914,0.17391304347826086,0.40217391304347827,0.6847826086956522,0.717391304347826,0.9239130434782609,0.7391304347826086,0.5760869565217391,0.2826086956521739,0.07608695652173914,0.021739130434782608,0.03260869565217391,0.31521739130434784,0.6630434782608695,0.5978260869565217,0.8369565217391305,0.8695652173913043,0.717391304347826,0.6630434782608695,0.4673913043478261,0.10869565217391304,0.06521739130434782,0.021739130434782608,0.11956521739130435,0.7717391304347826,0.7065217391304348,0.6195652173913043,0.8152173913043478,0.6956521739130435,0.6304347826086957,0.30434782608695654,0.15217391304347827,0.0,0.0,0.09782608695652174,0.07608695652173914,0.10869565217391304,0.5652173913043478,0.532608695652174,0.44565217391304346,0.7391304347826086,0.717391304347826,0.6630434782608695,0.4782608695652174,0.1956521739130435,0.0,0.021739130434782608,0.043478260869565216,0.17391304347826086,0.3804347826086957,0.41304347826086957,0.44565217391304346,0.4891304347826087,0.7391304347826086,0.717391304347826,0.30434782608695654,0.14130434782608695,0.32608695652173914,0.5652173913043478,0.5978260869565217,0.43478260869565216,0.2717391304347826,0.15217391304347827,0.30434782608695654,0.3804347826086957,0.6413043478260869,0.5,0.2391304347826087,0.43478260869565216,0.391304347826087,0.18478260869565216,0.18478260869565216,0.25,0.17391304347826086,0.043478260869565216,0.05434782608695652,0.03260869565217391,0.5085055108627825
2095-10-01,0.021739130434782608,0.010869565217391304,0.0,0.0,0.0,0.0,0.17391304347826086,0.2608695652173913,0.08695652173913043,0.021739130434782608,0.0,0.0,0.0,0.0,0.5760869565217391,0.3695652173913043,0.15217391304347827,0.06521739130434782,0.021739130434782608,0.0,0.0,0.0,0.0,0.7717391304347826,0.3695652173913043,0.11956521739130435,0.021739130434782608,0.021739130434782608,0.010869565217391304,0.0,0.0,0.0,0.7608695652173914,0.5217391304347826,0.08695652173913043,0.010869565217391304,0.0,0.0,0.0,0.0,0.0,0.0,0.16304347826086957,0.010869565217391304,0.010869565217391304,0.010869565217391304,0.0,0.0,0.0,0.0,0.0,0.0,0.021739130434782608,0.0,0.010869565217391304,0.0,0.0,0.0,0.0,0.0,0.0,0.0,0.0,0.0,0.0,0.0,0.0,0.010869565217391304,0.0,0.0,0.0,0.0,0.0,0.0,0.0,0.0,0.0,0.0,0.0,0.0,0.0,0.0,0.021739130434782608,0.03260869565217391,0.0,0.06521739130434782,0.021739130434782608,0.0,0.0,0.0,0.0,0.0,0.0,0.0,0.03260869565217391,0.16304347826086957,0.09782608695652174,0.0,0.08695652173913043,0.021739130434782608,0.010869565217391304,0.010869565217391304,0.0,0.0,0.0,0.0,0.0,0.13043478260869565,0.22826086956521738,0.1956521739130435,0.14130434782608695,0.11956521739130435,0.10869565217391304,0.05434782608695652,0.021739130434782608,0.0,0.0,0.0,0.0,0.14130434782608695,0.1956521739130435,0.17391304347826086,0.15217391304347827,0.13043478260869565,0.11956521739130435,0.05434782608695652,0.03260869565217391,0.010869565217391304,0.0,0.0,0.0,0.05434782608695652,0.17391304347826086,0.13043478260869565,0.11956521739130435,0.06521739130434782,0.10869565217391304,0.06521739130434782,0.043478260869565216,0.043478260869565216,0.010869565217391304,0.010869565217391304,0.05434782608695652,0.05434782608695652,0.10869565217391304,0.10869565217391304,0.17391304347826086,0.20652173913043478,0.10869565217391304,0.08695652173913043,0.043478260869565216,0.021739130434782608,0.010869565217391304,0.03260869565217391,0.05434782608695652,0.14130434782608695,0.09782608695652174,0.2826086956521739,0.2391304347826087,0.16304347826086957,0.09782608695652174,0.05434782608695652,0.03260869565217391,0.0,0.0,0.03260869565217391,0.13043478260869565,0.16304347826086957,0.45652173913043476,0.29347826086956524,0.16304347826086957,0.08695652173913043,0.03260869565217391,0.010869565217391304,0.0,0.0,0.0,0.0,0.03260869565217391,0.05434782608695652,0.06521739130434782,0.07608695652173914,0.07608695652173914,0.07608695652173914,0.06521739130434782,0.03260869565217391,0.0,0.0,0.0,0.0,0.043478260869565216,0.043478260869565216,0.010869565217391304,0.021739130434782608,0.03260869565217391,0.043478260869565216,0.06521739130434782,0.05434782608695652,0.010869565217391304,0.03260869565217391,0.11956521739130435,0.05434782608695652,0.05434782608695652,0.043478260869565216,0.021739130434782608,0.010869565217391304,0.010869565217391304,0.15217391304347827,0.043478260869565216,0.021739130434782608,0.05434782608695652,0.05434782608695652,0.010869565217391304,0.021739130434782608,0.021739130434782608,0.0,0.0,0.0,0.0,0.1319441716448809
2096-01-01,0.03333333333333333,0.011111111111111112,0.011111111111111112,0.011111111111111112,0.0,0.0,0.17777777777777778,0.08888888888888889,0.03333333333333333,0.0,0.0,0.0,0.0,0.0,0.3333333333333333,0.16666666666666666,0.1,0.05555555555555555,0.03333333333333333,0.044444444444444446,0.022222222222222223,0.0,0.0,0.5555555555555556,0.2,0.05555555555555555,0.05555555555555555,0.07777777777777778,0.08888888888888889,0.044444444444444446,0.0,0.0,0.5777777777777777,0.4,0.1,0.044444444444444446,0.07777777777777778,0.07777777777777778,0.044444444444444446,0.011111111111111112,0.011111111111111112,0.2,0.2111111111111111,0.1,0.07777777777777778,0.06666666666666667,0.08888888888888889,0.08888888888888889,0.011111111111111112,0.011111111111111112,0.0,0.18888888888888888,0.17777777777777778,0.13333333333333333,0.07777777777777778,0.05555555555555555,0.08888888888888889,0.06666666666666667,0.03333333333333333,0.011111111111111112,0.0,0.16666666666666666,0.1111111111111111,0.1,0.06666666666666667,0.05555555555555555,0.06666666666666667,0.12222222222222222,0.03333333333333333,0.011111111111111112,0.0,0.08888888888888889,0.1,0.05555555555555555,0.03333333333333333,0.03333333333333333,0.03333333333333333,0.022222222222222223,0.07777777777777778,0.044444444444444446,0.0,0.0,0.03333333333333333,0.05555555555555555,0.022222222222222223,0.022222222222222223,0.0,0.011111111111111112,0.022222222222222223,0.044444444444444446,0.03333333333333333,0.0,0.0,0.022222222222222223,0.03333333333333333,0.03333333333333333,0.03333333333333333,0.022222222222222223,0.0,0.0,0.0,0.0,0.011111111111111112,0.011111111111111112,0.0,0.0,0.011111111111111112,0.044444444444444446,0.03333333333333333,0.011111111111111112,0.011111111111111112,0.0,0.0,0.0,0.0,0.0,0.011111111111111112,0.0,0.0,0.03333333333333333,0.011111111111111112,0.022222222222222223,0.011111111111111112,0.0,0.0,0.0,0.0,0.011111111111111112,0.0,0.0,0.0,0.022222222222222223,0.0,0.0,0.0,0.0,0.0,0.0,0.0,0.0,0.0,0.0,0.044444444444444446,0.011111111111111112,0.0,0.0,0.0,0.011111111111111112,0.011111111111111112,0.011111111111111112,0.0,0.0,0.0,0.022222222222222223,0.13333333333333333,0.022222222222222223,0.0,0.0,0.022222222222222223,0.022222222222222223,0.011111111111111112,0.0,0.0,0.0,0.0,0.011111111111111112,0.03333333333333333,0.011111111111111112,0.0,0.022222222222222223,0.03333333333333333,0.022222222222222223,0.0,0.0,0.0,0.022222222222222223,0.044444444444444446,0.011111111111111112,0.0,0.022222222222222223,0.0,0.0,0.0,0.0,0.011111111111111112,0.0,0.0,0.0,0.0,0.03333333333333333,0.044444444444444446,0.022222222222222223,0.0,0.0,0.0,0.011111111111111112,0.022222222222222223,0.044444444444444446,0.0,0.0,0.022222222222222223,0.011111111111111112,0.022222222222222223,0.0,0.022222222222222223,0.022222222222222223,0.0,0.06666666666666667,0.0,0.0,0.011111111111111112,0.0,0.0,0.022222222222222223,0.0,0.0,0.0,0.0,0.0,0.05553970727343843
2096-04-01,0.0,0.0,0.0,0.0,0.01098901098901099,0.0,0.054945054945054944,0.23076923076923078,0.02197802197802198,0.0,0.0,0.0,0.02197802197802198,0.01098901098901099,0.18681318681318682,0.38461538461538464,0.3626373626373626,0.12087912087912088,0.04395604395604396,0.04395604395604396,0.03296703296703297,0.0,0.01098901098901099,0.978021978021978,0.6813186813186813,0.26373626373626374,0.18681318681318682,0.12087912087912088,0.08791208791208792,0.06593406593406594,0.03296703296703297,0.0,0.978021978021978,0.8021978021978022,0.46153846153846156,0.3076923076923077,0.15384615384615385,0.06593406593406594,0.01098901098901099,0.0,0.0,0.8131868131868132,0.8791208791208791,0.7142857142857143,0.6043956043956044,0.3626373626373626,0.32967032967032966,0.15384615384615385,0.02197802197802198,0.01098901098901099,0.0,0.5934065934065934,0.7362637362637363,0.6703296703296703,0.6373626373626373,0.43956043956043955,0.43956043956043955,0.18681318681318682,0.03296703296703297,0.02197802197802198,0.01098901098901099,0.38461538461538464,0.6263736263736264,0.5934065934065934,0.6153846153846154,0.43956043956043955,0.3956043956043956,0.17582417582417584,0.02197802197802198,0.02197802197802198,0.01098901098901099,0.08791208791208792,0.25274725274725274,0.42857142857142855,0.4725274725274725,0.46153846153846156,0.4835164835164835,0.3956043956043956,0.0989010989010989,0.02197802197802198,0.0,0.01098901098901099,0.07692307692307693,0.1978021978021978,0.2967032967032967,0.6043956043956044,0.34065934065934067,0.26373626373626374,0.17582417582417584,0.02197802197802198,0.01098901098901099,0.0,0.01098901098901099,0.23076923076923078,0.13186813186813187,0.14285714285714285,0.1978021978021978,0.1978021978021978,0.34065934065934067,0.15384615384615385,0.054945054945054944,0.06593406593406594,0.06593406593406594,0.02197802197802198,0.0,0.0,0.16483516483516483,0.21978021978021978,0.24175824175824176,0.2857142857142857,0.2857142857142857,0.3076923076923077,0.27472527472527475,0.17582417582417584,0.16483516483516483,0.12087912087912088,0.04395604395604396,0.03296703296703297,0.0,0.34065934065934067,0.21978021978021978,0.3626373626373626,0.3516483516483517,0.3516483516483517,0.31868131868131866,0.18681318681318682,0.13186813186813187,0.07692307692307693,0.03296703296703297,0.0,0.0,0.07692307692307693,0.2087912087912088,0.21978021978021978,0.25274725274725274,0.26373626373626374,0.24175824175824176,0.18681318681318682,0.15384615384615385,0.0989010989010989,0.02197802197802198,0.0,0.2087912087912088,0.24175824175824176,0.17582417582417584,0.2967032967032967,0.32967032967032966,0.4065934065934066,0.26373626373626374,0.1978021978021978,0.054945054945054944,0.02197802197802198,0.01098901098901099,0.21978021978021978,0.24175824175824176,0.2857142857142857,0.31868131868131866,0.38461538461538464,0.42857142857142855,0.34065934065934067,0.26373626373626374,0.0989010989010989,0.02197802197802198,0.01098901098901099,0.27472527472527475,0.21978021978021978,0.43956043956043955,0.5054945054945055,0.34065934065934067,0.3626373626373626,0.2967032967032967,0.25274725274725274,0.06593406593406594,0.01098901098901099,0.0989010989010989,0.14285714285714285,0.31868131868131866,0.4065934065934066,0.32967032967032966,0.46153846153846156,0.4725274725274725,0.3626373626373626,0.3626373626373626,0.31868131868131866,0.3076923076923077,0.18681318681318682,0.03296703296703297,0.14285714285714285,0.18681318681318682,0.32967032967032966,0.4175824175824176,0.43956043956043955,0.4725274725274725,0.4175824175824176,0.31868131868131866,0.3076923076923077,0.3076923076923077,0.43956043956043955,0.37362637362637363,0.38461538461538464,0.32967032967032966,0.23076923076923078,0.15384615384615385,0.07692307692307693,0.4065934065934066,0.37362637362637363,0.34065934065934067,0.2967032967032967,0.15384615384615385,0.054945054945054944,0.2857142857142857,0.15384615384615385,0.04395604395604396,0.26373626373626374,0.2087912087912088,0.04395604395604396,0.0,0.02197802197802198,0.0,0.32639541272079403
2096-07-01,0.0,0.010869565217391304,0.021739130434782608,0.021739130434782608,0.03260869565217391,0.03260869565217391,0.03260869565217391,0.4673913043478261,0.13043478260869565,0.03260869565217391,0.0,0.06521739130434782,0.11956521739130435,0.021739130434782608,0.40217391304347827,0.9130434782608695,0.5108695652173914,0.16304347826086957,0.03260869565217391,0.0,0.021739130434782608,0.05434782608695652,0.010869565217391304,1.0,0.9456521739130435,0.18478260869565216,0.021739130434782608,0.021739130434782608,0.0,0.043478260869565216,0.09782608695652174,0.021739130434782608,0.967391304347826,0.8369565217391305,0.40217391304347827,0.07608695652173914,0.021739130434782608,0.0,0.18478260869565216,0.16304347826086957,0.03260869565217391,0.6195652173913043,0.7934782608695652,0.43478260869565216,0.2826086956521739,0.2391304347826087,0.18478260869565216,0.05434782608695652,0.021739130434782608,0.06521739130434782,0.021739130434782608,0.45652173913043476,0.5760869565217391,0.34782608695652173,0.3695652173913043,0.16304347826086957,0.358695652173913,0.08695652173913043,0.010869565217391304,0.03260869565217391,0.021739130434782608,0.18478260869565216,0.31521739130434784,0.31521739130434784,0.5543478260869565,0.11956521739130435,0.40217391304347827,0.21739130434782608,0.09782608695652174,0.06521739130434782,0.021739130434782608,0.07608695652173914,0.05434782608695652,0.08695652173913043,0.21739130434782608,0.2391304347826087,0.532608695652174,0.4891304347826087,0.3695652173913043,0.14130434782608695,0.09782608695652174,0.043478260869565216,0.10869565217391304,0.13043478260869565,0.09782608695652174,0.717391304347826,0.5108695652173914,0.40217391304347827,0.34782608695652173,0.17391304347826086,0.20652173913043478,0.14130434782608695,0.08695652173913043,0.0,0.043478260869565216,0.14130434782608695,0.1956521739130435,0.09782608695652174,0.34782608695652173,0.391304347826087,0.358695652173913,0.3804347826086957,0.32608695652173914,0.25,0.1956521739130435,0.10869565217391304,0.0,0.09782608695652174,0.15217391304347827,0.29347826086956524,0.30434782608695654,0.3804347826086957,0.5869565217391305,0.6521739130434783,0.5217391304347826,0.43478260869565216,0.30434782608695654,0.2391304347826087,0.17391304347826086,0.18478260869565216,0.31521739130434784,0.5869565217391305,0.6086956521739131,0.7608695652173914,0.8152173913043478,0.6413043478260869,0.5108695652173914,0.3695652173913043,0.25,0.10869565217391304,0.043478260869565216,0.09782608695652174,0.358695652173913,0.5217391304347826,0.6521739130434783,0.6521739130434783,0.717391304347826,0.7282608695652174,0.5978260869565217,0.44565217391304346,0.2391304347826087,0.08695652173913043,0.11956521739130435,0.358695652173913,0.42391304347826086,0.6739130434782609,0.75,0.9130434782608695,0.7934782608695652,0.6630434782608695,0.4673913043478261,0.21739130434782608,0.06521739130434782,0.08695652173913043,0.3804347826086957,0.5434782608695652,0.6086956521739131,0.9130434782608695,0.8913043478260869,0.8152173913043478,0.6956521739130435,0.5108695652173914,0.25,0.11956521739130435,0.05434782608695652,0.15217391304347827,0.7934782608695652,0.7717391304347826,0.7608695652173914,0.8913043478260869,0.7282608695652174,0.6413043478260869,0.44565217391304346,0.22826086956521738,0.021739130434782608,0.03260869565217391,0.15217391304347827,0.18478260869565216,0.18478260869565216,0.6521739130434783,0.6739130434782609,0.6739130434782609,0.7717391304347826,0.717391304347826,0.6521739130434783,0.5434782608695652,0.20652173913043478,0.021739130434782608,0.03260869565217391,0.07608695652173914,0.30434782608695654,0.5978260869565217,0.6304347826086957,0.6739130434782609,0.6956521739130435,0.75,0.5869565217391305,0.5,0.32608695652173914,0.5434782608695652,0.6739130434782609,0.6304347826086957,0.41304347826086957,0.31521739130434784,0.20652173913043478,0.45652173913043476,0.5978260869565217,0.7065217391304348,0.42391304347826086,0.25,0.5760869565217391,0.43478260869565216,0.25,0.4673913043478261,0.32608695652173914,0.09782608695652174,0.05434782608695652,0.09782608695652174,0.010869565217391304,0.545725572661694
2096-10-01,0.010869565217391304,0.0,0.0,0.0,0.0,0.0,0.14130434782608695,0.11956521739130435,0.07608695652173914,0.0,0.0,0.0,0.0,0.0,0.43478260869565216,0.2826086956521739,0.08695652173913043,0.021739130434782608,0.021739130434782608,0.010869565217391304,0.0,0.0,0.0,0.6847826086956522,0.33695652173913043,0.05434782608695652,0.0,0.010869565217391304,0.010869565217391304,0.0,0.0,0.0,0.7282608695652174,0.4782608695652174,0.10869565217391304,0.010869565217391304,0.0,0.0,0.0,0.0,0.0,0.021739130434782608,0.18478260869565216,0.03260869565217391,0.021739130434782608,0.0,0.0,0.0,0.0,0.0,0.0,0.010869565217391304,0.06521739130434782,0.03260869565217391,0.0,0.0,0.0,0.0,0.0,0.0,0.0,0.0,0.0,0.010869565217391304,0.0,0.0,0.0,0.0,0.0,0.0,0.0,0.06521739130434782,0.021739130434782608,0.0,0.010869565217391304,0.0,0.0,0.0,0.0,0.0,0.0,0.0,0.09782608695652174,0.06521739130434782,0.03260869565217391,0.043478260869565216,0.010869565217391304,0.0,0.0,0.0,0.0,0.0,0.0,0.06521739130434782,0.15217391304347827,0.22826086956521738,0.18478260869565216,0.03260869565217391,0.07608695652173914,0.043478260869565216,0.021739130434782608,0.0,0.0,0.0,0.0,0.0,0.13043478260869565,0.22826086956521738,0.33695652173913043,0.31521739130434784,0.21739130434782608,0.1956521739130435,0.14130434782608695,0.06521739130434782,0.03260869565217391,0.0,0.0,0.0,0.0,0.358695652173913,0.30434782608695654,0.29347826086956524,0.2391304347826087,0.20652173913043478,0.16304347826086957,0.11956521739130435,0.03260869565217391,0.010869565217391304,0.0,0.0,0.0,0.21739130434782608,0.34782608695652173,0.29347826086956524,0.1956521739130435,0.17391304347826086,0.1956521739130435,0.15217391304347827,0.09782608695652174,0.03260869565217391,0.021739130434782608,0.0,0.2717391304347826,0.33695652173913043,0.2608695652173913,0.21739130434782608,0.18478260869565216,0.22826086956521738,0.17391304347826086,0.15217391304347827,0.06521739130434782,0.0,0.0,0.11956521739130435,0.22826086956521738,0.25,0.2717391304347826,0.41304347826086957,0.31521739130434784,0.2391304347826087,0.17391304347826086,0.03260869565217391,0.010869565217391304,0.0,0.07608695652173914,0.20652173913043478,0.40217391304347827,0.41304347826086957,0.5978260869565217,0.42391304347826086,0.33695652173913043,0.16304347826086957,0.021739130434782608,0.010869565217391304,0.0,0.021739130434782608,0.021739130434782608,0.021739130434782608,0.08695652173913043,0.21739130434782608,0.18478260869565216,0.30434782608695654,0.17391304347826086,0.18478260869565216,0.20652173913043478,0.03260869565217391,0.010869565217391304,0.021739130434782608,0.021739130434782608,0.021739130434782608,0.15217391304347827,0.18478260869565216,0.10869565217391304,0.10869565217391304,0.15217391304347827,0.11956521739130435,0.13043478260869565,0.13043478260869565,0.021739130434782608,0.10869565217391304,0.391304347826087,0.13043478260869565,0.07608695652173914,0.03260869565217391,0.010869565217391304,0.06521739130434782,0.08695652173913043,0.22826086956521738,0.07608695652173914,0.05434782608695652,0.07608695652173914,0.08695652173913043,0.03260869565217391,0.010869565217391304,0.010869565217391304,0.0,0.010869565217391304,0.0,0.0,0.19624702945752492
2097-01-01,0.05555555555555555,0.05555555555555555,0.06666666666666667,0.06666666666666667,0.03333333333333333,0.011111111111111112,0.2,0.1111111111111111,0.022222222222222223,0.011111111111111112,0.03333333333333333,0.022222222222222223,0.022222222222222223,0.0,0.4222222222222222,0.25555555555555554,0.05555555555555555,0.03333333333333333,0.03333333333333333,0.022222222222222223,0.011111111111111112,0.011111111111111112,0.0,0.6444444444444445,0.2777777777777778,0.05555555555555555,0.05555555555555555,0.03333333333333333,0.044444444444444446,0.03333333333333333,0.011111111111111112,0.011111111111111112,0.5333333333333333,0.3333333333333333,0.1,0.06666666666666667,0.06666666666666667,0.06666666666666667,0.03333333333333333,0.022222222222222223,0.011111111111111112,0.1,0.16666666666666666,0.06666666666666667,0.1111111111111111,0.15555555555555556,0.07777777777777778,0.1111111111111111,0.1,0.022222222222222223,0.011111111111111112,0.05555555555555555,0.06666666666666667,0.06666666666666667,0.1111111111111111,0.17777777777777778,0.18888888888888888,0.14444444444444443,0.08888888888888889,0.05555555555555555,0.011111111111111112,0.03333333333333333,0.044444444444444446,0.05555555555555555,0.1,0.17777777777777778,0.17777777777777778,0.1111111111111111,0.06666666666666667,0.044444444444444446,0.011111111111111112,0.022222222222222223,0.03333333333333333,0.03333333333333333,0.05555555555555555,0.1,0.15555555555555556,0.16666666666666666,0.06666666666666667,0.044444444444444446,0.011111111111111112,0.0,0.022222222222222223,0.022222222222222223,0.022222222222222223,0.044444444444444446,0.044444444444444446,0.08888888888888889,0.07777777777777778,0.05555555555555555,0.022222222222222223,0.0,0.0,0.022222222222222223,0.06666666666666667,0.06666666666666667,0.022222222222222223,0.022222222222222223,0.03333333333333333,0.022222222222222223,0.022222222222222223,0.03333333333333333,0.0,0.0,0.0,0.0,0.1,0.12222222222222222,0.12222222222222222,0.12222222222222222,0.03333333333333333,0.03333333333333333,0.011111111111111112,0.011111111111111112,0.0,0.0,0.0,0.0,0.0,0.1111111111111111,0.1,0.05555555555555555,0.03333333333333333,0.0,0.011111111111111112,0.0,0.0,0.0,0.0,0.0,0.0,0.1,0.06666666666666667,0.06666666666666667,0.044444444444444446,0.011111111111111112,0.011111111111111112,0.0,0.011111111111111112,0.022222222222222223,0.0,0.0,0.14444444444444443,0.06666666666666667,0.03333333333333333,0.011111111111111112,0.011111111111111112,0.011111111111111112,0.0,0.0,0.011111111111111112,0.0,0.0,0.2111111111111111,0.17777777777777778,0.03333333333333333,0.011111111111111112,0.022222222222222223,0.011111111111111112,0.011111111111111112,0.0,0.0,0.0,0.0,0.14444444444444443,0.06666666666666667,0.07777777777777778,0.044444444444444446,0.03333333333333333,0.011111111111111112,0.011111111111111112,0.0,0.0,0.0,0.14444444444444443,0.25555555555555554,0.2222222222222222,0.16666666666666666,0.044444444444444446,0.044444444444444446,0.044444444444444446,0.044444444444444446,0.011111111111111112,0.011111111111111112,0.0,0.0,0.0,0.2111111111111111,0.17777777777777778,0.23333333333333334,0.18888888888888888,0.05555555555555555,0.03333333333333333,0.03333333333333333,0.03333333333333333,0.011111111111111112,0.0,0.13333333333333333,0.03333333333333333,0.011111111111111112,0.06666666666666667,0.022222222222222223,0.0,0.0,0.1111111111111111,0.03333333333333333,0.03333333333333333,0.06666666666666667,0.0,0.0,0.03333333333333333,0.022222222222222223,0.0,0.044444444444444446,0.0,0.0,0.0,0.0,0.0,0.08506920538918147
2097-04-01,0.02197802197802198,0.01098901098901099,0.02197802197802198,0.03296703296703297,0.03296703296703297,0.01098901098901099,0.06593406593406594,0.3076923076923077,0.06593406593406594,0.0,0.04395604395604396,0.054945054945054944,0.054945054945054944,0.02197802197802198,0.2087912087912088,0.5714285714285714,0.4175824175824176,0.15384615384615385,0.07692307692307693,0.06593406593406594,0.054945054945054944,0.054945054945054944,0.01098901098901099,0.945054945054945,0.7362637362637363,0.3626373626373626,0.1978021978021978,0.17582417582417584,0.12087912087912088,0.07692307692307693,0.02197802197802198,0.01098901098901099,0.8901098901098901,0.8241758241758241,0.5714285714285714,0.3516483516483517,0.24175824175824176,0.15384615384615385,0.08791208791208792,0.054945054945054944,0.0,0.6373626373626373,0.8571428571428571,0.8131868131868132,0.6813186813186813,0.5494505494505495,0.38461538461538464,0.21978021978021978,0.13186813186813187,0.08791208791208792,0.02197802197802198,0.46153846153846156,0.7362637362637363,0.7362637362637363,0.7142857142857143,0.5494505494505495,0.5494505494505495,0.24175824175824176,0.13186813186813187,0.08791208791208792,0.04395604395604396,0.3076923076923077,0.5054945054945055,0.5714285714285714,0.6373626373626373,0.37362637362637363,0.4725274725274725,0.21978021978021978,0.13186813186813187,0.08791208791208792,0.054945054945054944,0.04395604395604396,0.18681318681318682,0.3956043956043956,0.4175824175824176,0.34065934065934067,0.45054945054945056,0.3956043956043956,0.2857142857142857,0.08791208791208792,0.06593406593406594,0.054945054945054944,0.04395604395604396,0.08791208791208792,0.26373626373626374,0.37362637362637363,0.21978021978021978,0.27472527472527475,0.24175824175824176,0.16483516483516483,0.06593406593406594,0.054945054945054944,0.02197802197802198,0.1978021978021978,0.07692307692307693,0.054945054945054944,0.03296703296703297,0.10989010989010989,0.27472527472527475,0.15384615384615385,0.13186813186813187,0.18681318681318682,0.13186813186813187,0.0989010989010989,0.04395604395604396,0.01098901098901099,0.14285714285714285,0.10989010989010989,0.23076923076923078,0.24175824175824176,0.18681318681318682,0.2087912087912088,0.21978021978021978,0.24175824175824176,0.15384615384615385,0.17582417582417584,0.12087912087912088,0.03296703296703297,0.01098901098901099,0.25274725274725274,0.2087912087912088,0.25274725274725274,0.17582417582417584,0.23076923076923078,0.23076923076923078,0.1978021978021978,0.2087912087912088,0.14285714285714285,0.06593406593406594,0.0,0.0,0.17582417582417584,0.17582417582417584,0.1978021978021978,0.2087912087912088,0.15384615384615385,0.18681318681318682,0.18681318681318682,0.18681318681318682,0.13186813186813187,0.08791208791208792,0.03296703296703297,0.23076923076923078,0.2087912087912088,0.1978021978021978,0.25274725274725274,0.21978021978021978,0.3516483516483517,0.2967032967032967,0.24175824175824176,0.15384615384615385,0.08791208791208792,0.02197802197802198,0.26373626373626374,0.21978021978021978,0.2857142857142857,0.26373626373626374,0.46153846153846156,0.4065934065934066,0.3626373626373626,0.31868131868131866,0.2087912087912088,0.07692307692307693,0.06593406593406594,0.2087912087912088,0.1978021978021978,0.45054945054945056,0.5054945054945055,0.34065934065934067,0.3626373626373626,0.34065934065934067,0.23076923076923078,0.15384615384615385,0.0989010989010989,0.10989010989010989,0.10989010989010989,0.23076923076923078,0.25274725274725274,0.14285714285714285,0.27472527472527475,0.24175824175824176,0.17582417582417584,0.4065934065934066,0.2967032967032967,0.26373626373626374,0.21978021978021978,0.15384615384615385,0.054945054945054944,0.13186813186813187,0.2087912087912088,0.2967032967032967,0.25274725274725274,0.21978021978021978,0.24175824175824176,0.24175824175824176,0.27472527472527475,0.21978021978021978,0.2967032967032967,0.08791208791208792,0.14285714285714285,0.24175824175824176,0.24175824175824176,0.14285714285714285,0.10989010989010989,0.16483516483516483,0.17582417582417584,0.12087912087912088,0.26373626373626374,0.1978021978021978,0.10989010989010989,0.17582417582417584,0.2087912087912088,0.0989010989010989,0.17582417582417584,0.17582417582417584,0.08791208791208792,0.06593406593406594,0.01098901098901099,0.02197802197802198,0.29415892604314714
2097-07-01,0.021739130434782608,0.043478260869565216,0.03260869565217391,0.05434782608695652,0.05434782608695652,0.021739130434782608,0.14130434782608695,0.5543478260869565,0.22826086956521738,0.05434782608695652,0.03260869565217391,0.08695652173913043,0.08695652173913043,0.05434782608695652,0.532608695652174,0.9782608695652174,0.6521739130434783,0.21739130434782608,0.05434782608695652,0.03260869565217391,0.06521739130434782,0.06521739130434782,0.03260869565217391,1.0,0.9565217391304348,0.22826086956521738,0.021739130434782608,0.05434782608695652,0.05434782608695652,0.043478260869565216,0.07608695652173914,0.03260869565217391,1.0,0.8804347826086957,0.43478260869565216,0.13043478260869565,0.043478260869565216,0.07608695652173914,0.17391304347826086,0.16304347826086957,0.03260869565217391,0.7391304347826086,0.9347826086956522,0.5652173913043478,0.41304347826086957,0.40217391304347827,0.30434782608695654,0.06521739130434782,0.07608695652173914,0.03260869565217391,0.021739130434782608,0.31521739130434784,0.6195652173913043,0.44565217391304346,0.5869565217391305,0.42391304347826086,0.5108695652173914,0.10869565217391304,0.010869565217391304,0.043478260869565216,0.021739130434782608,0.2391304347826087,0.33695652173913043,0.41304347826086957,0.5434782608695652,0.2608695652173913,0.43478260869565216,0.2391304347826087,0.07608695652173914,0.07608695652173914,0.03260869565217391,0.0,0.0,0.05434782608695652,0.20652173913043478,0.18478260869565216,0.5652173913043478,0.6521739130434783,0.3804347826086957,0.10869565217391304,0.08695652173913043,0.043478260869565216,0.021739130434782608,0.021739130434782608,0.021739130434782608,0.5652173913043478,0.31521739130434784,0.22826086956521738,0.32608695652173914,0.1956521739130435,0.10869565217391304,0.08695652173913043,0.05434782608695652,0.0,0.0,0.06521739130434782,0.09782608695652174,0.07608695652173914,0.2717391304347826,0.2717391304347826,0.2391304347826087,0.2391304347826087,0.21739130434782608,0.15217391304347827,0.11956521739130435,0.043478260869565216,0.0,0.010869565217391304,0.13043478260869565,0.2717391304347826,0.2826086956521739,0.40217391304347827,0.4782608695652174,0.5434782608695652,0.40217391304347827,0.3695652173913043,0.2826086956521739,0.17391304347826086,0.08695652173913043,0.15217391304347827,0.25,0.5,0.4673913043478261,0.5978260869565217,0.8043478260869565,0.6739130434782609,0.532608695652174,0.391304347826087,0.18478260869565216,0.10869565217391304,0.043478260869565216,0.07608695652173914,0.25,0.43478260869565216,0.532608695652174,0.3695652173913043,0.7065217391304348,0.7717391304347826,0.6304347826086957,0.5217391304347826,0.20652173913043478,0.06521739130434782,0.10869565217391304,0.30434782608695654,0.32608695652173914,0.6630434782608695,0.6413043478260869,0.8695652173913043,0.8260869565217391,0.717391304347826,0.45652173913043476,0.20652173913043478,0.021739130434782608,0.09782608695652174,0.30434782608695654,0.6086956521739131,0.6304347826086957,0.9239130434782609,0.8913043478260869,0.8586956521739131,0.7717391304347826,0.5869565217391305,0.20652173913043478,0.08695652173913043,0.06521739130434782,0.11956521739130435,0.75,0.8804347826086957,0.7282608695652174,0.8913043478260869,0.782608695652174,0.6630434782608695,0.41304347826086957,0.16304347826086957,0.07608695652173914,0.06521739130434782,0.07608695652173914,0.08695652173913043,0.08695652173913043,0.5434782608695652,0.5978260869565217,0.5434782608695652,0.8586956521739131,0.7717391304347826,0.7391304347826086,0.5652173913043478,0.2717391304347826,0.06521739130434782,0.043478260869565216,0.03260869565217391,0.09782608695652174,0.391304347826087,0.43478260869565216,0.5652173913043478,0.6956521739130435,0.8369565217391305,0.75,0.25,0.14130434782608695,0.2826086956521739,0.6956521739130435,0.717391304347826,0.532608695652174,0.40217391304347827,0.06521739130434782,0.21739130434782608,0.33695652173913043,0.7065217391304348,0.5543478260869565,0.33695652173913043,0.532608695652174,0.44565217391304346,0.2826086956521739,0.22826086956521738,0.31521739130434784,0.18478260869565216,0.10869565217391304,0.08695652173913043,0.021739130434782608,0.5452139682332179
2097-10-01,0.07608695652173914,0.05434782608695652,0.010869565217391304,0.0,0.0,0.0,0.2826086956521739,0.2826086956521739,0.16304347826086957,0.06521739130434782,0.043478260869565216,0.0,0.0,0.0,0.6630434782608695,0.391304347826087,0.18478260869565216,0.06521739130434782,0.043478260869565216,0.043478260869565216,0.043478260869565216,0.021739130434782608,0.0,0.8586956521739131,0.358695652173913,0.08695652173913043,0.010869565217391304,0.03260869565217391,0.043478260869565216,0.03260869565217391,0.010869565217391304,0.010869565217391304,0.7934782608695652,0.532608695652174,0.06521739130434782,0.0,0.010869565217391304,0.03260869565217391,0.021739130434782608,0.0,0.0,0.021739130434782608,0.21739130434782608,0.043478260869565216,0.03260869565217391,0.010869565217391304,0.0,0.010869565217391304,0.010869565217391304,0.0,0.0,0.0,0.06521739130434782,0.03260869565217391,0.043478260869565216,0.0,0.0,0.0,0.0,0.0,0.0,0.0,0.0,0.0,0.021739130434782608,0.0,0.0,0.010869565217391304,0.0,0.0,0.0,0.010869565217391304,0.0,0.0,0.0,0.0,0.0,0.0,0.010869565217391304,0.0,0.0,0.0,0.07608695652173914,0.021739130434782608,0.021739130434782608,0.05434782608695652,0.010869565217391304,0.0,0.0,0.010869565217391304,0.0,0.0,0.0,0.09782608695652174,0.11956521739130435,0.16304347826086957,0.07608695652173914,0.021739130434782608,0.05434782608695652,0.010869565217391304,0.0,0.0,0.0,0.0,0.0,0.0,0.14130434782608695,0.2391304347826087,0.2826086956521739,0.22826086956521738,0.11956521739130435,0.15217391304347827,0.09782608695652174,0.043478260869565216,0.0,0.0,0.0,0.0,0.0,0.25,0.25,0.21739130434782608,0.16304347826086957,0.14130434782608695,0.11956521739130435,0.03260869565217391,0.0,0.0,0.0,0.0,0.0,0.21739130434782608,0.2717391304347826,0.25,0.10869565217391304,0.07608695652173914,0.08695652173913043,0.07608695652173914,0.03260869565217391,0.0,0.0,0.0,0.18478260869565216,0.20652173913043478,0.15217391304347827,0.17391304347826086,0.13043478260869565,0.1956521739130435,0.11956521739130435,0.07608695652173914,0.0,0.0,0.0,0.09782608695652174,0.18478260869565216,0.18478260869565216,0.15217391304347827,0.25,0.21739130434782608,0.1956521739130435,0.10869565217391304,0.021739130434782608,0.0,0.0,0.06521739130434782,0.11956521739130435,0.2391304347826087,0.2826086956521739,0.5978260869565217,0.33695652173913043,0.21739130434782608,0.16304347826086957,0.021739130434782608,0.0,0.0,0.03260869565217391,0.021739130434782608,0.010869565217391304,0.08695652173913043,0.1956521739130435,0.13043478260869565,0.15217391304347827,0.13043478260869565,0.14130434782608695,0.16304347826086957,0.043478260869565216,0.0,0.0,0.0,0.021739130434782608,0.17391304347826086,0.13043478260869565,0.043478260869565216,0.03260869565217391,0.10869565217391304,0.13043478260869565,0.06521739130434782,0.14130434782608695,0.021739130434782608,0.03260869565217391,0.29347826086956524,0.13043478260869565,0.07608695652173914,0.021739130434782608,0.03260869565217391,0.03260869565217391,0.05434782608695652,0.17391304347826086,0.05434782608695652,0.021739130434782608,0.09782608695652174,0.11956521739130435,0.03260869565217391,0.06521739130434782,0.043478260869565216,0.010869565217391304,0.010869565217391304,0.010869565217391304,0.010869565217391304,0.1725014311262188
2098-01-01,0.1,0.1111111111111111,0.1111111111111111,0.1111111111111111,0.1111111111111111,0.06666666666666667,0.18888888888888888,0.1,0.044444444444444446,0.08888888888888889,0.1111111111111111,0.1111111111111111,0.05555555555555555,0.05555555555555555,0.4777777777777778,0.13333333333333333,0.07777777777777778,0.07777777777777778,0.1,0.12222222222222222,0.12222222222222222,0.08888888888888889,0.1,0.6333333333333333,0.25555555555555554,0.16666666666666666,0.14444444444444443,0.13333333333333333,0.13333333333333333,0.1111111111111111,0.1,0.1,0.7444444444444445,0.4,0.17777777777777778,0.18888888888888888,0.15555555555555556,0.13333333333333333,0.1111111111111111,0.1111111111111111,0.1,0.24444444444444444,0.3333333333333333,0.26666666666666666,0.2111111111111111,0.2,0.16666666666666666,0.15555555555555556,0.17777777777777778,0.12222222222222222,0.08888888888888889,0.2222222222222222,0.25555555555555554,0.28888888888888886,0.24444444444444444,0.18888888888888888,0.18888888888888888,0.18888888888888888,0.17777777777777778,0.15555555555555556,0.07777777777777778,0.18888888888888888,0.2111111111111111,0.2222222222222222,0.23333333333333334,0.2222222222222222,0.2111111111111111,0.3,0.17777777777777778,0.1111111111111111,0.06666666666666667,0.13333333333333333,0.2,0.25555555555555554,0.2,0.23333333333333334,0.2222222222222222,0.2222222222222222,0.26666666666666666,0.17777777777777778,0.1,0.06666666666666667,0.07777777777777778,0.18888888888888888,0.2,0.14444444444444443,0.12222222222222222,0.17777777777777778,0.15555555555555556,0.15555555555555556,0.1111111111111111,0.1,0.07777777777777778,0.06666666666666667,0.08888888888888889,0.1,0.13333333333333333,0.12222222222222222,0.1,0.1111111111111111,0.1,0.1111111111111111,0.1111111111111111,0.08888888888888889,0.08888888888888889,0.07777777777777778,0.1111111111111111,0.1111111111111111,0.15555555555555556,0.07777777777777778,0.12222222222222222,0.06666666666666667,0.07777777777777778,0.1,0.1,0.08888888888888889,0.06666666666666667,0.07777777777777778,0.06666666666666667,0.1,0.1,0.07777777777777778,0.044444444444444446,0.044444444444444446,0.05555555555555555,0.06666666666666667,0.06666666666666667,0.07777777777777778,0.08888888888888889,0.06666666666666667,0.05555555555555555,0.1,0.07777777777777778,0.07777777777777778,0.022222222222222223,0.022222222222222223,0.03333333333333333,0.05555555555555555,0.05555555555555555,0.044444444444444446,0.044444444444444446,0.06666666666666667,0.13333333333333333,0.044444444444444446,0.03333333333333333,0.022222222222222223,0.011111111111111112,0.011111111111111112,0.03333333333333333,0.044444444444444446,0.044444444444444446,0.06666666666666667,0.044444444444444446,0.12222222222222222,0.2777777777777778,0.06666666666666667,0.03333333333333333,0.011111111111111112,0.011111111111111112,0.044444444444444446,0.03333333333333333,0.044444444444444446,0.044444444444444446,0.03333333333333333,0.06666666666666667,0.044444444444444446,0.044444444444444446,0.03333333333333333,0.011111111111111112,0.011111111111111112,0.044444444444444446,0.03333333333333333,0.044444444444444446,0.03333333333333333,0.0,0.1,0.08888888888888889,0.05555555555555555,0.03333333333333333,0.05555555555555555,0.05555555555555555,0.03333333333333333,0.022222222222222223,0.03333333333333333,0.022222222222222223,0.03333333333333333,0.022222222222222223,0.05555555555555555,0.06666666666666667,0.1,0.1111111111111111,0.05555555555555555,0.044444444444444446,0.044444444444444446,0.03333333333333333,0.011111111111111112,0.022222222222222223,0.1111111111111111,0.044444444444444446,0.03333333333333333,0.03333333333333333,0.022222222222222223,0.022222222222222223,0.011111111111111112,0.1,0.08888888888888889,0.03333333333333333,0.06666666666666667,0.011111111111111112,0.0,0.022222222222222223,0.0,0.0,0.05555555555555555,0.011111111111111112,0.0,0.0,0.011111111111111112,0.0,0.09556028240337146
2098-04-01,0.02197802197802198,0.01098901098901099,0.01098901098901099,0.02197802197802198,0.0,0.01098901098901099,0.1978021978021978,0.45054945054945056,0.10989010989010989,0.04395604395604396,0.0989010989010989,0.054945054945054944,0.08791208791208792,0.02197802197802198,0.31868131868131866,0.7912087912087912,0.6483516483516484,0.45054945054945056,0.2857142857142857,0.27472527472527475,0.21978021978021978,0.12087912087912088,0.0,1.0,0.9010989010989011,0.4945054945054945,0.37362637362637363,0.45054945054945056,0.4175824175824176,0.2857142857142857,0.16483516483516483,0.02197802197802198,0.989010989010989,0.967032967032967,0.6923076923076923,0.37362637362637363,0.37362637362637363,0.45054945054945056,0.2857142857142857,0.14285714285714285,0.054945054945054944,0.7692307692307693,0.978021978021978,0.9340659340659341,0.7582417582417582,0.5384615384615384,0.5274725274725275,0.42857142857142855,0.3956043956043956,0.16483516483516483,0.0989010989010989,0.43956043956043955,0.8461538461538461,0.8351648351648352,0.7582417582417582,0.6153846153846154,0.5934065934065934,0.4175824175824176,0.27472527472527475,0.14285714285714285,0.13186813186813187,0.31868131868131866,0.6263736263736264,0.7142857142857143,0.7142857142857143,0.5274725274725275,0.46153846153846156,0.32967032967032966,0.18681318681318682,0.0989010989010989,0.14285714285714285,0.04395604395604396,0.16483516483516483,0.4065934065934066,0.4945054945054945,0.5054945054945055,0.6153846153846154,0.3956043956043956,0.25274725274725274,0.07692307692307693,0.10989010989010989,0.0989010989010989,0.06593406593406594,0.10989010989010989,0.2857142857142857,0.5164835164835165,0.3626373626373626,0.2967032967032967,0.27472527472527475,0.12087912087912088,0.07692307692307693,0.08791208791208792,0.07692307692307693,0.14285714285714285,0.04395604395604396,0.06593406593406594,0.04395604395604396,0.06593406593406594,0.0989010989010989,0.14285714285714285,0.07692307692307693,0.0989010989010989,0.08791208791208792,0.13186813186813187,0.10989010989010989,0.04395604395604396,0.16483516483516483,0.13186813186813187,0.13186813186813187,0.07692307692307693,0.08791208791208792,0.07692307692307693,0.0989010989010989,0.12087912087912088,0.15384615384615385,0.12087912087912088,0.13186813186813187,0.07692307692307693,0.054945054945054944,0.17582417582417584,0.14285714285714285,0.15384615384615385,0.13186813186813187,0.16483516483516483,0.2087912087912088,0.24175824175824176,0.18681318681318682,0.15384615384615385,0.0989010989010989,0.03296703296703297,0.01098901098901099,0.0989010989010989,0.14285714285714285,0.10989010989010989,0.17582417582417584,0.15384615384615385,0.21978021978021978,0.21978021978021978,0.15384615384615385,0.16483516483516483,0.08791208791208792,0.03296703296703297,0.16483516483516483,0.15384615384615385,0.0989010989010989,0.2087912087912088,0.3076923076923077,0.38461538461538464,0.3076923076923077,0.25274725274725274,0.17582417582417584,0.07692307692307693,0.03296703296703297,0.15384615384615385,0.15384615384615385,0.15384615384615385,0.21978021978021978,0.46153846153846156,0.45054945054945056,0.38461538461538464,0.4175824175824176,0.31868131868131866,0.14285714285714285,0.06593406593406594,0.0989010989010989,0.13186813186813187,0.31868131868131866,0.4065934065934066,0.2857142857142857,0.45054945054945056,0.2967032967032967,0.2857142857142857,0.17582417582417584,0.14285714285714285,0.0989010989010989,0.12087912087912088,0.21978021978021978,0.15384615384615385,0.07692307692307693,0.26373626373626374,0.2967032967032967,0.26373626373626374,0.42857142857142855,0.4065934065934066,0.34065934065934067,0.25274725274725274,0.10989010989010989,0.12087912087912088,0.10989010989010989,0.0989010989010989,0.25274725274725274,0.25274725274725274,0.24175824175824176,0.34065934065934067,0.34065934065934067,0.42857142857142855,0.38461538461538464,0.37362637362637363,0.14285714285714285,0.24175824175824176,0.4175824175824176,0.4065934065934066,0.2967032967032967,0.1978021978021978,0.2087912087912088,0.3076923076923077,0.34065934065934067,0.3956043956043956,0.31868131868131866,0.1978021978021978,0.3516483516483517,0.3076923076923077,0.17582417582417584,0.3956043956043956,0.25274725274725274,0.15384615384615385,0.04395604395604396,0.12087912087912088,0.054945054945054944,0.3486091623457975
2098-07-01,0.0,0.0,0.0,0.0,0.0,0.0,0.05434782608695652,0.7065217391304348,0.18478260869565216,0.03260869565217391,0.05434782608695652,0.08695652173913043,0.08695652173913043,0.010869565217391304,0.5,0.9456521739130435,0.782608695652174,0.1956521739130435,0.06521739130434782,0.043478260869565216,0.08695652173913043,0.07608695652173914,0.0,1.0,0.9565217391304348,0.34782608695652173,0.08695652173913043,0.06521739130434782,0.06521739130434782,0.08695652173913043,0.10869565217391304,0.010869565217391304,0.9565217391304348,0.9239130434782609,0.5,0.13043478260869565,0.043478260869565216,0.07608695652173914,0.20652173913043478,0.18478260869565216,0.021739130434782608,0.7608695652173914,0.8913043478260869,0.5978260869565217,0.5217391304347826,0.3804347826086957,0.33695652173913043,0.09782608695652174,0.06521739130434782,0.021739130434782608,0.0,0.3804347826086957,0.6739130434782609,0.5760869565217391,0.4891304347826087,0.3804347826086957,0.4782608695652174,0.14130434782608695,0.0,0.0,0.0,0.20652173913043478,0.358695652173913,0.41304347826086957,0.5543478260869565,0.32608695652173914,0.43478260869565216,0.15217391304347827,0.05434782608695652,0.0,0.0,0.0,0.021739130434782608,0.11956521739130435,0.30434782608695654,0.2391304347826087,0.44565217391304346,0.41304347826086957,0.14130434782608695,0.10869565217391304,0.0,0.0,0.0,0.06521739130434782,0.06521739130434782,0.532608695652174,0.31521739130434784,0.07608695652173914,0.043478260869565216,0.0,0.0,0.0,0.0,0.0,0.010869565217391304,0.03260869565217391,0.07608695652173914,0.07608695652173914,0.21739130434782608,0.32608695652173914,0.21739130434782608,0.043478260869565216,0.0,0.0,0.0,0.0,0.0,0.021739130434782608,0.06521739130434782,0.16304347826086957,0.20652173913043478,0.33695652173913043,0.44565217391304346,0.5,0.21739130434782608,0.05434782608695652,0.03260869565217391,0.021739130434782608,0.0,0.07608695652173914,0.17391304347826086,0.391304347826087,0.42391304347826086,0.4673913043478261,0.6630434782608695,0.4673913043478261,0.22826086956521738,0.11956521739130435,0.09782608695652174,0.021739130434782608,0.0,0.010869565217391304,0.06521739130434782,0.29347826086956524,0.3695652173913043,0.42391304347826086,0.5760869565217391,0.5434782608695652,0.3695652173913043,0.31521739130434784,0.10869565217391304,0.03260869565217391,0.021739130434782608,0.13043478260869565,0.21739130434782608,0.4673913043478261,0.5543478260869565,0.8260869565217391,0.7282608695652174,0.5543478260869565,0.30434782608695654,0.11956521739130435,0.03260869565217391,0.010869565217391304,0.16304347826086957,0.3804347826086957,0.5108695652173914,0.8804347826086957,0.8695652173913043,0.8043478260869565,0.7282608695652174,0.44565217391304346,0.11956521739130435,0.043478260869565216,0.0,0.043478260869565216,0.7065217391304348,0.8695652173913043,0.6956521739130435,0.9130434782608695,0.75,0.6630434782608695,0.33695652173913043,0.08695652173913043,0.0,0.0,0.010869565217391304,0.043478260869565216,0.021739130434782608,0.44565217391304346,0.5869565217391305,0.5108695652173914,0.8913043478260869,0.782608695652174,0.717391304347826,0.5652173913043478,0.20652173913043478,0.0,0.0,0.0,0.010869565217391304,0.3695652173913043,0.44565217391304346,0.6304347826086957,0.6847826086956522,0.8369565217391305,0.717391304347826,0.25,0.14130434782608695,0.40217391304347827,0.7608695652173914,0.7065217391304348,0.532608695652174,0.391304347826087,0.06521739130434782,0.30434782608695654,0.5217391304347826,0.782608695652174,0.5543478260869565,0.3804347826086957,0.5760869565217391,0.5108695652173914,0.3695652173913043,0.43478260869565216,0.34782608695652173,0.22826086956521738,0.07608695652173914,0.06521739130434782,0.03260869565217391,0.5258342784903671
2098-10-01,0.0,0.0,0.0,0.0,0.0,0.0,0.021739130434782608,0.05434782608695652,0.0,0.0,0.0,0.0,0.0,0.0,0.4782608695652174,0.14130434782608695,0.03260869565217391,0.0,0.0,0.0,0.0,0.0,0.0,0.75,0.17391304347826086,0.043478260869565216,0.0,0.0,0.0,0.0,0.0,0.0,0.7934782608695652,0.5434782608695652,0.03260869565217391,0.0,0.0,0.0,0.0,0.0,0.0,0.021739130434782608,0.17391304347826086,0.043478260869565216,0.010869565217391304,0.0,0.0,0.0,0.0,0.0,0.0,0.010869565217391304,0.06521739130434782,0.03260869565217391,0.0,0.0,0.0,0.0,0.0,0.0,0.0,0.0,0.010869565217391304,0.0,0.0,0.0,0.0,0.0,0.0,0.0,0.0,0.0,0.0,0.010869565217391304,0.0,0.0,0.0,0.0,0.0,0.0,0.0,0.0,0.0,0.0,0.0,0.0,0.0,0.0,0.0,0.0,0.0,0.0,0.0,0.0,0.010869565217391304,0.05434782608695652,0.010869565217391304,0.0,0.021739130434782608,0.03260869565217391,0.0,0.0,0.0,0.0,0.0,0.0,0.0,0.13043478260869565,0.10869565217391304,0.08695652173913043,0.03260869565217391,0.021739130434782608,0.010869565217391304,0.021739130434782608,0.0,0.0,0.0,0.0,0.0,0.11956521739130435,0.06521739130434782,0.06521739130434782,0.021739130434782608,0.03260869565217391,0.07608695652173914,0.010869565217391304,0.0,0.010869565217391304,0.0,0.0,0.0,0.06521739130434782,0.08695652173913043,0.021739130434782608,0.043478260869565216,0.010869565217391304,0.021739130434782608,0.0,0.03260869565217391,0.03260869565217391,0.0,0.0,0.06521739130434782,0.05434782608695652,0.010869565217391304,0.03260869565217391,0.021739130434782608,0.08695652173913043,0.05434782608695652,0.08695652173913043,0.021739130434782608,0.0,0.0,0.043478260869565216,0.05434782608695652,0.05434782608695652,0.021739130434782608,0.18478260869565216,0.14130434782608695,0.09782608695652174,0.10869565217391304,0.03260869565217391,0.0,0.0,0.021739130434782608,0.043478260869565216,0.11956521739130435,0.16304347826086957,0.4782608695652174,0.25,0.08695652173913043,0.08695652173913043,0.021739130434782608,0.0,0.0,0.0,0.021739130434782608,0.0,0.043478260869565216,0.043478260869565216,0.09782608695652174,0.15217391304347827,0.10869565217391304,0.05434782608695652,0.06521739130434782,0.010869565217391304,0.010869565217391304,0.0,0.0,0.0,0.07608695652173914,0.07608695652173914,0.021739130434782608,0.06521739130434782,0.06521739130434782,0.05434782608695652,0.05434782608695652,0.06521739130434782,0.0,0.043478260869565216,0.18478260869565216,0.05434782608695652,0.03260869565217391,0.021739130434782608,0.0,0.021739130434782608,0.010869565217391304,0.14130434782608695,0.03260869565217391,0.0,0.03260869565217391,0.07608695652173914,0.010869565217391304,0.021739130434782608,0.0,0.0,0.0,0.0,0.0,0.1051569736817988
2099-01-01,0.06666666666666667,0.05555555555555555,0.05555555555555555,0.1111111111111111,0.1111111111111111,0.06666666666666667,0.18888888888888888,0.1,0.044444444444444446,0.022222222222222223,0.044444444444444446,0.05555555555555555,0.044444444444444446,0.022222222222222223,0.45555555555555555,0.1111111111111111,0.06666666666666667,0.07777777777777778,0.12222222222222222,0.1,0.05555555555555555,0.05555555555555555,0.022222222222222223,0.6666666666666666,0.24444444444444444,0.1,0.2222222222222222,0.18888888888888888,0.14444444444444443,0.07777777777777778,0.05555555555555555,0.044444444444444446,0.6555555555555556,0.43333333333333335,0.12222222222222222,0.2222222222222222,0.25555555555555554,0.25555555555555554,0.17777777777777778,0.08888888888888889,0.05555555555555555,0.06666666666666667,0.2111111111111111,0.12222222222222222,0.15555555555555556,0.26666666666666666,0.16666666666666666,0.26666666666666666,0.2111111111111111,0.1,0.05555555555555555,0.05555555555555555,0.12222222222222222,0.14444444444444443,0.23333333333333334,0.3,0.26666666666666666,0.25555555555555554,0.13333333333333333,0.12222222222222222,0.06666666666666667,0.07777777777777778,0.1,0.13333333333333333,0.2111111111111111,0.32222222222222224,0.28888888888888886,0.26666666666666666,0.12222222222222222,0.1,0.07777777777777778,0.0,0.06666666666666667,0.06666666666666667,0.15555555555555556,0.26666666666666666,0.3333333333333333,0.26666666666666666,0.24444444444444444,0.1,0.07777777777777778,0.06666666666666667,0.0,0.05555555555555555,0.06666666666666667,0.06666666666666667,0.12222222222222222,0.2111111111111111,0.2222222222222222,0.13333333333333333,0.06666666666666667,0.05555555555555555,0.044444444444444446,0.0,0.022222222222222223,0.03333333333333333,0.07777777777777778,0.044444444444444446,0.05555555555555555,0.06666666666666667,0.06666666666666667,0.08888888888888889,0.05555555555555555,0.044444444444444446,0.06666666666666667,0.03333333333333333,0.044444444444444446,0.06666666666666667,0.044444444444444446,0.05555555555555555,0.044444444444444446,0.06666666666666667,0.06666666666666667,0.06666666666666667,0.05555555555555555,0.03333333333333333,0.011111111111111112,0.011111111111111112,0.022222222222222223,0.044444444444444446,0.022222222222222223,0.03333333333333333,0.03333333333333333,0.03333333333333333,0.05555555555555555,0.07777777777777778,0.05555555555555555,0.03333333333333333,0.011111111111111112,0.0,0.0,0.03333333333333333,0.0,0.022222222222222223,0.022222222222222223,0.022222222222222223,0.022222222222222223,0.08888888888888889,0.08888888888888889,0.05555555555555555,0.022222222222222223,0.0,0.06666666666666667,0.022222222222222223,0.0,0.011111111111111112,0.011111111111111112,0.044444444444444446,0.1,0.1,0.03333333333333333,0.011111111111111112,0.0,0.07777777777777778,0.06666666666666667,0.0,0.0,0.011111111111111112,0.011111111111111112,0.14444444444444443,0.07777777777777778,0.011111111111111112,0.011111111111111112,0.0,0.06666666666666667,0.011111111111111112,0.011111111111111112,0.022222222222222223,0.022222222222222223,0.022222222222222223,0.06666666666666667,0.05555555555555555,0.011111111111111112,0.0,0.05555555555555555,0.07777777777777778,0.08888888888888889,0.05555555555555555,0.011111111111111112,0.022222222222222223,0.011111111111111112,0.0,0.0,0.011111111111111112,0.06666666666666667,0.011111111111111112,0.0,0.12222222222222222,0.06666666666666667,0.07777777777777778,0.07777777777777778,0.03333333333333333,0.0,0.0,0.011111111111111112,0.0,0.0,0.06666666666666667,0.0,0.0,0.0,0.0,0.011111111111111112,0.0,0.022222222222222223,0.011111111111111112,0.0,0.1,0.03333333333333333,0.011111111111111112,0.0,0.011111111111111112,0.0,0.022222222222222223,0.011111111111111112,0.011111111111111112,0.0,0.011111111111111112,0.0,0.08752622202103155
2099-04-01,0.01098901098901099,0.01098901098901099,0.03296703296703297,0.03296703296703297,0.02197802197802198,0.01098901098901099,0.16483516483516483,0.24175824175824176,0.054945054945054944,0.0,0.02197802197802198,0.01098901098901099,0.02197802197802198,0.0,0.37362637362637363,0.6043956043956044,0.3956043956043956,0.23076923076923078,0.14285714285714285,0.13186813186813187,0.054945054945054944,0.0,0.0,1.0,0.7692307692307693,0.32967032967032966,0.26373626373626374,0.21978021978021978,0.15384615384615385,0.08791208791208792,0.0,0.0,0.945054945054945,0.7692307692307693,0.5604395604395604,0.3076923076923077,0.24175824175824176,0.2087912087912088,0.08791208791208792,0.0,0.0,0.7692307692307693,0.945054945054945,0.7692307692307693,0.7142857142857143,0.5714285714285714,0.42857142857142855,0.2857142857142857,0.13186813186813187,0.01098901098901099,0.01098901098901099,0.4835164835164835,0.8901098901098901,0.8131868131868132,0.7142857142857143,0.6483516483516484,0.5494505494505495,0.2967032967032967,0.0989010989010989,0.04395604395604396,0.02197802197802198,0.4065934065934066,0.6703296703296703,0.6593406593406593,0.7142857142857143,0.5604395604395604,0.4835164835164835,0.1978021978021978,0.08791208791208792,0.03296703296703297,0.02197802197802198,0.12087912087912088,0.2087912087912088,0.4835164835164835,0.5164835164835165,0.4725274725274725,0.5384615384615384,0.42857142857142855,0.16483516483516483,0.04395604395604396,0.03296703296703297,0.02197802197802198,0.13186813186813187,0.25274725274725274,0.32967032967032966,0.4945054945054945,0.27472527472527475,0.18681318681318682,0.0989010989010989,0.04395604395604396,0.01098901098901099,0.02197802197802198,0.02197802197802198,0.3076923076923077,0.17582417582417584,0.21978021978021978,0.14285714285714285,0.16483516483516483,0.1978021978021978,0.13186813186813187,0.03296703296703297,0.02197802197802198,0.04395604395604396,0.02197802197802198,0.01098901098901099,0.0,0.21978021978021978,0.16483516483516483,0.26373626373626374,0.3516483516483517,0.25274725274725274,0.18681318681318682,0.14285714285714285,0.16483516483516483,0.13186813186813187,0.08791208791208792,0.054945054945054944,0.02197802197802198,0.03296703296703297,0.3626373626373626,0.3076923076923077,0.38461538461538464,0.2087912087912088,0.23076923076923078,0.23076923076923078,0.17582417582417584,0.13186813186813187,0.08791208791208792,0.06593406593406594,0.03296703296703297,0.01098901098901099,0.16483516483516483,0.18681318681318682,0.18681318681318682,0.21978021978021978,0.13186813186813187,0.14285714285714285,0.13186813186813187,0.17582417582417584,0.08791208791208792,0.054945054945054944,0.02197802197802198,0.27472527472527475,0.31868131868131866,0.12087912087912088,0.27472527472527475,0.26373626373626374,0.34065934065934067,0.2857142857142857,0.23076923076923078,0.08791208791208792,0.06593406593406594,0.01098901098901099,0.2857142857142857,0.27472527472527475,0.24175824175824176,0.24175824175824176,0.45054945054945056,0.43956043956043955,0.3626373626373626,0.3956043956043956,0.21978021978021978,0.06593406593406594,0.02197802197802198,0.24175824175824176,0.23076923076923078,0.3626373626373626,0.42857142857142855,0.3076923076923077,0.37362637362637363,0.31868131868131866,0.26373626373626374,0.17582417582417584,0.04395604395604396,0.02197802197802198,0.18681318681318682,0.24175824175824176,0.24175824175824176,0.15384615384615385,0.37362637362637363,0.26373626373626374,0.23076923076923078,0.34065934065934067,0.2967032967032967,0.2857142857142857,0.25274725274725274,0.07692307692307693,0.16483516483516483,0.18681318681318682,0.17582417582417584,0.25274725274725274,0.2967032967032967,0.23076923076923078,0.27472527472527475,0.2857142857142857,0.31868131868131866,0.3076923076923077,0.2967032967032967,0.10989010989010989,0.15384615384615385,0.34065934065934067,0.26373626373626374,0.23076923076923078,0.15384615384615385,0.15384615384615385,0.16483516483516483,0.3076923076923077,0.34065934065934067,0.25274725274725274,0.16483516483516483,0.2967032967032967,0.2967032967032967,0.18681318681318682,0.25274725274725274,0.1978021978021978,0.12087912087912088,0.04395604395604396,0.06593406593406594,0.02197802197802198,0.3266752177987096
2099-07-01,0.021739130434782608,0.0,0.021739130434782608,0.043478260869565216,0.043478260869565216,0.06521739130434782,0.043478260869565216,0.6413043478260869,0.16304347826086957,0.05434782608695652,0.06521739130434782,0.10869565217391304,0.17391304347826086,0.10869565217391304,0.2717391304347826,0.8804347826086957,0.8043478260869565,0.1956521739130435,0.09782608695652174,0.10869565217391304,0.13043478260869565,0.05434782608695652,0.021739130434782608,1.0,0.9456521739130435,0.43478260869565216,0.08695652173913043,0.08695652173913043,0.08695652173913043,0.09782608695652174,0.06521739130434782,0.0,0.967391304347826,0.8804347826086957,0.5760869565217391,0.10869565217391304,0.021739130434782608,0.06521739130434782,0.15217391304347827,0.17391304347826086,0.010869565217391304,0.5869565217391305,0.8695652173913043,0.5108695652173914,0.5,0.4782608695652174,0.30434782608695654,0.043478260869565216,0.03260869565217391,0.021739130434782608,0.03260869565217391,0.3695652173913043,0.6521739130434783,0.5,0.43478260869565216,0.40217391304347827,0.44565217391304346,0.13043478260869565,0.010869565217391304,0.021739130434782608,0.010869565217391304,0.11956521739130435,0.33695652173913043,0.34782608695652173,0.5760869565217391,0.29347826086956524,0.5,0.13043478260869565,0.03260869565217391,0.0,0.0,0.0,0.0,0.021739130434782608,0.2717391304347826,0.21739130434782608,0.532608695652174,0.44565217391304346,0.14130434782608695,0.021739130434782608,0.010869565217391304,0.010869565217391304,0.0,0.0,0.0,0.33695652173913043,0.07608695652173914,0.05434782608695652,0.010869565217391304,0.0,0.010869565217391304,0.010869565217391304,0.021739130434782608,0.0,0.0,0.043478260869565216,0.010869565217391304,0.010869565217391304,0.17391304347826086,0.14130434782608695,0.15217391304347827,0.03260869565217391,0.0,0.021739130434782608,0.021739130434782608,0.021739130434782608,0.0,0.03260869565217391,0.10869565217391304,0.15217391304347827,0.08695652173913043,0.16304347826086957,0.33695652173913043,0.31521739130434784,0.11956521739130435,0.06521739130434782,0.010869565217391304,0.0,0.010869565217391304,0.17391304347826086,0.2391304347826087,0.3804347826086957,0.33695652173913043,0.43478260869565216,0.5543478260869565,0.34782608695652173,0.13043478260869565,0.07608695652173914,0.03260869565217391,0.010869565217391304,0.0,0.06521739130434782,0.15217391304347827,0.29347826086956524,0.2826086956521739,0.2608695652173913,0.44565217391304346,0.391304347826087,0.2826086956521739,0.18478260869565216,0.06521739130434782,0.010869565217391304,0.11956521739130435,0.25,0.13043478260869565,0.391304347826087,0.5,0.8260869565217391,0.6413043478260869,0.532608695652174,0.25,0.14130434782608695,0.010869565217391304,0.08695652173913043,0.2608695652173913,0.30434782608695654,0.41304347826086957,0.8260869565217391,0.8152173913043478,0.717391304347826,0.6521739130434783,0.40217391304347827,0.20652173913043478,0.10869565217391304,0.09782608695652174,0.08695652173913043,0.6630434782608695,0.6521739130434783,0.5217391304347826,0.8260869565217391,0.7065217391304348,0.6086956521739131,0.29347826086956524,0.1956521739130435,0.021739130434782608,0.043478260869565216,0.17391304347826086,0.17391304347826086,0.13043478260869565,0.44565217391304346,0.41304347826086957,0.3804347826086957,0.7934782608695652,0.75,0.6413043478260869,0.4673913043478261,0.20652173913043478,0.08695652173913043,0.07608695652173914,0.03260869565217391,0.11956521739130435,0.3695652173913043,0.32608695652173914,0.45652173913043476,0.5978260869565217,0.7391304347826086,0.5217391304347826,0.1956521739130435,0.11956521739130435,0.2608695652173913,0.5869565217391305,0.5869565217391305,0.31521739130434784,0.30434782608695654,0.05434782608695652,0.15217391304347827,0.34782608695652173,0.5978260869565217,0.3695652173913043,0.2717391304347826,0.4891304347826087,0.45652173913043476,0.25,0.32608695652173914,0.3695652173913043,0.22826086956521738,0.09782608695652174,0.18478260869565216,0.08695652173913043,0.469552195124323
2099-10-01,0.0,0.0,0.0,0.0,0.0,0.0,0.20652173913043478,0.18478260869565216,0.03260869565217391,0.0,0.0,0.0,0.0,0.0,0.391304347826087,0.25,0.09782608695652174,0.021739130434782608,0.0,0.0,0.0,0.0,0.0,0.5434782608695652,0.25,0.05434782608695652,0.0,0.0,0.0,0.0,0.0,0.0,0.5652173913043478,0.2717391304347826,0.05434782608695652,0.0,0.0,0.0,0.0,0.0,0.0,0.021739130434782608,0.18478260869565216,0.03260869565217391,0.021739130434782608,0.010869565217391304,0.0,0.0,0.0,0.0,0.0,0.010869565217391304,0.021739130434782608,0.021739130434782608,0.03260869565217391,0.010869565217391304,0.0,0.0,0.0,0.0,0.0,0.010869565217391304,0.0,0.0,0.03260869565217391,0.0,0.0,0.0,0.0,0.0,0.0,0.06521739130434782,0.010869565217391304,0.0,0.043478260869565216,0.0,0.021739130434782608,0.010869565217391304,0.0,0.0,0.0,0.0,0.08695652173913043,0.0,0.010869565217391304,0.06521739130434782,0.010869565217391304,0.0,0.0,0.0,0.0,0.0,0.0,0.11956521739130435,0.1956521739130435,0.16304347826086957,0.043478260869565216,0.0,0.05434782608695652,0.03260869565217391,0.0,0.0,0.0,0.0,0.0,0.0,0.22826086956521738,0.25,0.22826086956521738,0.15217391304347827,0.043478260869565216,0.05434782608695652,0.06521739130434782,0.06521739130434782,0.0,0.0,0.0,0.0,0.0,0.21739130434782608,0.17391304347826086,0.14130434782608695,0.10869565217391304,0.08695652173913043,0.06521739130434782,0.06521739130434782,0.043478260869565216,0.010869565217391304,0.0,0.0,0.0,0.15217391304347827,0.17391304347826086,0.09782608695652174,0.11956521739130435,0.05434782608695652,0.06521739130434782,0.05434782608695652,0.05434782608695652,0.06521739130434782,0.0,0.0,0.15217391304347827,0.10869565217391304,0.09782608695652174,0.08695652173913043,0.10869565217391304,0.08695652173913043,0.08695652173913043,0.08695652173913043,0.06521739130434782,0.043478260869565216,0.0,0.10869565217391304,0.11956521739130435,0.15217391304347827,0.05434782608695652,0.15217391304347827,0.07608695652173914,0.10869565217391304,0.07608695652173914,0.06521739130434782,0.05434782608695652,0.0,0.06521739130434782,0.11956521739130435,0.15217391304347827,0.1956521739130435,0.4782608695652174,0.2608695652173913,0.15217391304347827,0.10869565217391304,0.05434782608695652,0.021739130434782608,0.0,0.0,0.010869565217391304,0.010869565217391304,0.03260869565217391,0.07608695652173914,0.10869565217391304,0.17391304347826086,0.043478260869565216,0.06521739130434782,0.07608695652173914,0.06521739130434782,0.043478260869565216,0.0,0.0,0.0,0.05434782608695652,0.021739130434782608,0.010869565217391304,0.043478260869565216,0.021739130434782608,0.043478260869565216,0.05434782608695652,0.0,0.0,0.010869565217391304,0.18478260869565216,0.043478260869565216,0.043478260869565216,0.043478260869565216,0.0,0.010869565217391304,0.010869565217391304,0.08695652173913043,0.043478260869565216,0.05434782608695652,0.03260869565217391,0.05434782608695652,0.05434782608695652,0.010869565217391304,0.03260869565217391,0.03260869565217391,0.021739130434782608,0.021739130434782608,0.0,0.10829557675916997
2100-01-01,0.022222222222222223,0.022222222222222223,0.022222222222222223,0.022222222222222223,0.022222222222222223,0.0,0.14444444444444443,0.12222222222222222,0.05555555555555555,0.0,0.0,0.0,0.0,0.0,0.3111111111111111,0.12222222222222222,0.06666666666666667,0.06666666666666667,0.044444444444444446,0.0,0.0,0.0,0.0,0.5555555555555556,0.26666666666666666,0.08888888888888889,0.05555555555555555,0.05555555555555555,0.022222222222222223,0.011111111111111112,0.011111111111111112,0.0,0.5444444444444444,0.3888888888888889,0.08888888888888889,0.07777777777777778,0.06666666666666667,0.06666666666666667,0.022222222222222223,0.022222222222222223,0.0,0.1111111111111111,0.17777777777777778,0.1,0.08888888888888889,0.08888888888888889,0.06666666666666667,0.12222222222222222,0.05555555555555555,0.022222222222222223,0.011111111111111112,0.06666666666666667,0.07777777777777778,0.12222222222222222,0.1,0.07777777777777778,0.06666666666666667,0.12222222222222222,0.06666666666666667,0.011111111111111112,0.0,0.07777777777777778,0.07777777777777778,0.1111111111111111,0.07777777777777778,0.07777777777777778,0.07777777777777778,0.1,0.011111111111111112,0.011111111111111112,0.011111111111111112,0.044444444444444446,0.07777777777777778,0.05555555555555555,0.1111111111111111,0.07777777777777778,0.07777777777777778,0.044444444444444446,0.03333333333333333,0.0,0.0,0.011111111111111112,0.05555555555555555,0.06666666666666667,0.05555555555555555,0.044444444444444446,0.03333333333333333,0.022222222222222223,0.03333333333333333,0.0,0.0,0.0,0.0,0.1,0.06666666666666667,0.03333333333333333,0.022222222222222223,0.05555555555555555,0.03333333333333333,0.011111111111111112,0.0,0.0,0.0,0.0,0.0,0.0,0.07777777777777778,0.12222222222222222,0.1111111111111111,0.06666666666666667,0.022222222222222223,0.011111111111111112,0.022222222222222223,0.0,0.0,0.0,0.0,0.0,0.0,0.12222222222222222,0.07777777777777778,0.011111111111111112,0.0,0.0,0.011111111111111112,0.0,0.0,0.0,0.0,0.0,0.0,0.05555555555555555,0.044444444444444446,0.022222222222222223,0.0,0.0,0.0,0.0,0.0,0.0,0.0,0.0,0.1,0.044444444444444446,0.0,0.0,0.0,0.0,0.0,0.0,0.0,0.0,0.0,0.08888888888888889,0.15555555555555556,0.0,0.011111111111111112,0.0,0.0,0.022222222222222223,0.0,0.0,0.0,0.0,0.05555555555555555,0.011111111111111112,0.011111111111111112,0.011111111111111112,0.0,0.0,0.022222222222222223,0.011111111111111112,0.0,0.0,0.05555555555555555,0.13333333333333333,0.13333333333333333,0.07777777777777778,0.011111111111111112,0.022222222222222223,0.0,0.0,0.0,0.0,0.011111111111111112,0.0,0.0,0.05555555555555555,0.08888888888888889,0.08888888888888889,0.08888888888888889,0.022222222222222223,0.0,0.0,0.0,0.0,0.0,0.07777777777777778,0.03333333333333333,0.0,0.03333333333333333,0.011111111111111112,0.0,0.0,0.044444444444444446,0.05555555555555555,0.011111111111111112,0.06666666666666667,0.011111111111111112,0.0,0.0,0.03333333333333333,0.0,0.044444444444444446,0.011111111111111112,0.0,0.0,0.0,0.0,0.06413064293238978
2100-04-01,0.02197802197802198,0.0,0.0,0.0,0.0,0.0,0.0989010989010989,0.27472527472527475,0.08791208791208792,0.03296703296703297,0.03296703296703297,0.03296703296703297,0.02197802197802198,0.0,0.23076923076923078,0.6043956043956044,0.4065934065934066,0.12087912087912088,0.10989010989010989,0.0989010989010989,0.02197802197802198,0.03296703296703297,0.0,1.0,0.7692307692307693,0.27472527472527475,0.13186813186813187,0.14285714285714285,0.0989010989010989,0.03296703296703297,0.02197802197802198,0.01098901098901099,0.9560439560439561,0.8021978021978022,0.5274725274725275,0.17582417582417584,0.10989010989010989,0.0989010989010989,0.054945054945054944,0.04395604395604396,0.02197802197802198,0.7692307692307693,0.9340659340659341,0.8021978021978022,0.6593406593406593,0.3956043956043956,0.26373626373626374,0.10989010989010989,0.08791208791208792,0.02197802197802198,0.02197802197802198,0.5824175824175825,0.8351648351648352,0.7142857142857143,0.6263736263736264,0.4945054945054945,0.43956043956043955,0.13186813186813187,0.054945054945054944,0.04395604395604396,0.0,0.4175824175824176,0.6373626373626373,0.5274725274725275,0.6703296703296703,0.42857142857142855,0.43956043956043955,0.1978021978021978,0.02197802197802198,0.03296703296703297,0.0,0.01098901098901099,0.23076923076923078,0.38461538461538464,0.4725274725274725,0.42857142857142855,0.43956043956043955,0.4175824175824176,0.15384615384615385,0.054945054945054944,0.01098901098901099,0.0,0.01098901098901099,0.07692307692307693,0.21978021978021978,0.45054945054945056,0.24175824175824176,0.16483516483516483,0.13186813186813187,0.07692307692307693,0.01098901098901099,0.0,0.0,0.18681318681318682,0.13186813186813187,0.13186813186813187,0.04395604395604396,0.15384615384615385,0.18681318681318682,0.0989010989010989,0.03296703296703297,0.04395604395604396,0.01098901098901099,0.0,0.01098901098901099,0.0,0.16483516483516483,0.16483516483516483,0.1978021978021978,0.23076923076923078,0.1978021978021978,0.15384615384615385,0.13186813186813187,0.0989010989010989,0.054945054945054944,0.04395604395604396,0.03296703296703297,0.02197802197802198,0.0,0.15384615384615385,0.15384615384615385,0.2857142857142857,0.1978021978021978,0.2857142857142857,0.26373626373626374,0.08791208791208792,0.06593406593406594,0.054945054945054944,0.06593406593406594,0.0,0.0,0.03296703296703297,0.06593406593406594,0.12087912087912088,0.14285714285714285,0.13186813186813187,0.1978021978021978,0.14285714285714285,0.08791208791208792,0.10989010989010989,0.07692307692307693,0.0,0.0989010989010989,0.10989010989010989,0.07692307692307693,0.18681318681318682,0.26373626373626374,0.4945054945054945,0.34065934065934067,0.23076923076923078,0.13186813186813187,0.03296703296703297,0.01098901098901099,0.04395604395604396,0.14285714285714285,0.23076923076923078,0.25274725274725274,0.5054945054945055,0.5494505494505495,0.4175824175824176,0.43956043956043955,0.2087912087912088,0.02197802197802198,0.0,0.03296703296703297,0.06593406593406594,0.34065934065934067,0.4835164835164835,0.38461538461538464,0.5714285714285714,0.4725274725274725,0.3076923076923077,0.0989010989010989,0.01098901098901099,0.02197802197802198,0.03296703296703297,0.054945054945054944,0.07692307692307693,0.08791208791208792,0.3956043956043956,0.3956043956043956,0.3076923076923077,0.6043956043956044,0.4725274725274725,0.37362637362637363,0.25274725274725274,0.054945054945054944,0.03296703296703297,0.02197802197802198,0.07692307692307693,0.13186813186813187,0.2967032967032967,0.32967032967032966,0.46153846153846156,0.43956043956043955,0.4725274725274725,0.3956043956043956,0.31868131868131866,0.15384615384615385,0.25274725274725274,0.45054945054945056,0.34065934065934067,0.23076923076923078,0.10989010989010989,0.12087912087912088,0.3076923076923077,0.34065934065934067,0.3516483516483517,0.27472527472527475,0.0989010989010989,0.3626373626373626,0.2857142857142857,0.12087912087912088,0.32967032967032966,0.24175824175824176,0.0989010989010989,0.01098901098901099,0.06593406593406594,0.01098901098901099,0.33742771120695053
2100-07-01,0.0,0.010869565217391304,0.021739130434782608,0.06521739130434782,0.05434782608695652,0.03260869565217391,0.08695652173913043,0.5434782608695652,0.18478260869565216,0.07608695652173914,0.03260869565217391,0.07608695652173914,0.13043478260869565,0.05434782608695652,0.45652173913043476,0.8913043478260869,0.6304347826086957,0.21739130434782608,0.08695652173913043,0.06521739130434782,0.08695652173913043,0.13043478260869565,0.010869565217391304,1.0,0.9565217391304348,0.2608695652173913,0.043478260869565216,0.043478260869565216,0.06521739130434782,0.13043478260869565,0.13043478260869565,0.010869565217391304,0.967391304347826,0.8043478260869565,0.391304347826087,0.043478260869565216,0.043478260869565216,0.043478260869565216,0.22826086956521738,0.21739130434782608,0.021739130434782608,0.5978260869565217,0.8804347826086957,0.5108695652173914,0.3804347826086957,0.32608695652173914,0.2826086956521739,0.07608695652173914,0.05434782608695652,0.09782608695652174,0.0,0.45652173913043476,0.6956521739130435,0.5217391304347826,0.44565217391304346,0.33695652173913043,0.4673913043478261,0.15217391304347827,0.03260869565217391,0.06521739130434782,0.021739130434782608,0.25,0.3695652173913043,0.41304347826086957,0.5,0.21739130434782608,0.42391304347826086,0.15217391304347827,0.10869565217391304,0.06521739130434782,0.05434782608695652,0.05434782608695652,0.05434782608695652,0.16304347826086957,0.29347826086956524,0.2608695652173913,0.5434782608695652,0.532608695652174,0.3695652173913043,0.2608695652173913,0.17391304347826086,0.043478260869565216,0.09782608695652174,0.07608695652173914,0.07608695652173914,0.43478260869565216,0.3804347826086957,0.32608695652173914,0.3695652173913043,0.2717391304347826,0.20652173913043478,0.20652173913043478,0.09782608695652174,0.05434782608695652,0.07608695652173914,0.13043478260869565,0.09782608695652174,0.08695652173913043,0.21739130434782608,0.20652173913043478,0.2608695652173913,0.25,0.22826086956521738,0.25,0.22826086956521738,0.17391304347826086,0.06521739130434782,0.09782608695652174,0.14130434782608695,0.17391304347826086,0.13043478260869565,0.25,0.32608695652173914,0.43478260869565216,0.3804347826086957,0.2608695652173913,0.2826086956521739,0.25,0.20652173913043478,0.16304347826086957,0.18478260869565216,0.29347826086956524,0.3804347826086957,0.5434782608695652,0.6521739130434783,0.5760869565217391,0.40217391304347827,0.31521739130434784,0.2391304347826087,0.18478260869565216,0.07608695652173914,0.09782608695652174,0.16304347826086957,0.2717391304347826,0.41304347826086957,0.40217391304347827,0.5217391304347826,0.5652173913043478,0.4891304347826087,0.43478260869565216,0.21739130434782608,0.13043478260869565,0.09782608695652174,0.22826086956521738,0.2826086956521739,0.45652173913043476,0.532608695652174,0.7065217391304348,0.6413043478260869,0.5543478260869565,0.43478260869565216,0.21739130434782608,0.06521739130434782,0.07608695652173914,0.2391304347826087,0.3804347826086957,0.4673913043478261,0.7717391304347826,0.8152173913043478,0.7391304347826086,0.7065217391304348,0.5217391304347826,0.2826086956521739,0.17391304347826086,0.021739130434782608,0.10869565217391304,0.6847826086956522,0.717391304347826,0.6521739130434783,0.8043478260869565,0.7282608695652174,0.6739130434782609,0.43478260869565216,0.2391304347826087,0.0,0.010869565217391304,0.043478260869565216,0.06521739130434782,0.07608695652173914,0.5760869565217391,0.6195652173913043,0.5108695652173914,0.7934782608695652,0.7391304347826086,0.7391304347826086,0.6086956521739131,0.30434782608695654,0.021739130434782608,0.021739130434782608,0.03260869565217391,0.07608695652173914,0.3804347826086957,0.5217391304347826,0.6521739130434783,0.7717391304347826,0.8369565217391305,0.75,0.21739130434782608,0.18478260869565216,0.41304347826086957,0.8043478260869565,0.7391304347826086,0.5652173913043478,0.43478260869565216,0.03260869565217391,0.29347826086956524,0.5543478260869565,0.7717391304347826,0.5652173913043478,0.3695652173913043,0.6195652173913043,0.5652173913043478,0.34782608695652173,0.358695652173913,0.42391304347826086,0.21739130434782608,0.09782608695652174,0.08695652173913043,0.021739130434782608,0.5309617214513941
2100-10-01,0.0,0.0,0.0,0.0,0.0,0.0,0.18478260869565216,0.14130434782608695,0.0,0.0,0.0,0.0,0.0,0.0,0.5,0.25,0.07608695652173914,0.021739130434782608,0.0,0.0,0.0,0.0,0.0,0.6521739130434783,0.34782608695652173,0.09782608695652174,0.010869565217391304,0.0,0.0,0.0,0.0,0.0,0.6304347826086957,0.45652173913043476,0.10869565217391304,0.03260869565217391,0.0,0.0,0.0,0.0,0.0,0.010869565217391304,0.16304347826086957,0.05434782608695652,0.03260869565217391,0.043478260869565216,0.010869565217391304,0.0,0.0,0.0,0.0,0.021739130434782608,0.05434782608695652,0.05434782608695652,0.043478260869565216,0.0,0.010869565217391304,0.0,0.0,0.0,0.0,0.03260869565217391,0.03260869565217391,0.03260869565217391,0.021739130434782608,0.0,0.010869565217391304,0.043478260869565216,0.0,0.0,0.0,0.15217391304347827,0.07608695652173914,0.021739130434782608,0.043478260869565216,0.0,0.0,0.0,0.0,0.0,0.0,0.0,0.25,0.16304347826086957,0.043478260869565216,0.10869565217391304,0.010869565217391304,0.0,0.0,0.0,0.0,0.0,0.0,0.16304347826086957,0.30434782608695654,0.33695652173913043,0.25,0.08695652173913043,0.14130434782608695,0.03260869565217391,0.03260869565217391,0.010869565217391304,0.0,0.0,0.0,0.0,0.2608695652173913,0.3695652173913043,0.41304347826086957,0.34782608695652173,0.22826086956521738,0.20652173913043478,0.14130434782608695,0.08695652173913043,0.043478260869565216,0.021739130434782608,0.010869565217391304,0.0,0.0,0.391304347826087,0.33695652173913043,0.2826086956521739,0.2391304347826087,0.17391304347826086,0.14130434782608695,0.07608695652173914,0.010869565217391304,0.0,0.0,0.0,0.0,0.29347826086956524,0.34782608695652173,0.31521739130434784,0.21739130434782608,0.08695652173913043,0.09782608695652174,0.05434782608695652,0.0,0.010869565217391304,0.0,0.0,0.25,0.30434782608695654,0.2826086956521739,0.21739130434782608,0.22826086956521738,0.16304347826086957,0.09782608695652174,0.06521739130434782,0.0,0.0,0.0,0.17391304347826086,0.2826086956521739,0.33695652173913043,0.20652173913043478,0.358695652173913,0.18478260869565216,0.10869565217391304,0.043478260869565216,0.010869565217391304,0.0,0.0,0.09782608695652174,0.18478260869565216,0.29347826086956524,0.2826086956521739,0.5978260869565217,0.2826086956521739,0.13043478260869565,0.021739130434782608,0.010869565217391304,0.0,0.0,0.010869565217391304,0.021739130434782608,0.03260869565217391,0.06521739130434782,0.09782608695652174,0.06521739130434782,0.1956521739130435,0.13043478260869565,0.07608695652173914,0.06521739130434782,0.010869565217391304,0.0,0.010869565217391304,0.0,0.021739130434782608,0.05434782608695652,0.05434782608695652,0.03260869565217391,0.06521739130434782,0.09782608695652174,0.08695652173913043,0.03260869565217391,0.010869565217391304,0.0,0.043478260869565216,0.22826086956521738,0.09782608695652174,0.043478260869565216,0.010869565217391304,0.010869565217391304,0.043478260869565216,0.03260869565217391,0.1956521739130435,0.05434782608695652,0.0,0.03260869565217391,0.06521739130434782,0.0,0.043478260869565216,0.021739130434782608,0.0,0.0,0.0,0.0,0.15420322292208308
2101-01-01,0.03333333333333333,0.03333333333333333,0.022222222222222223,0.011111111111111112,0.011111111111111112,0.0,0.13333333333333333,0.05555555555555555,0.022222222222222223,0.0,0.0,0.0,0.0,0.0,0.43333333333333335,0.2,0.05555555555555555,0.011111111111111112,0.0,0.0,0.0,0.0,0.0,0.7555555555555555,0.3111111111111111,0.044444444444444446,0.03333333333333333,0.03333333333333333,0.0,0.0,0.0,0.0,0.7222222222222222,0.6,0.14444444444444443,0.03333333333333333,0.044444444444444446,0.022222222222222223,0.0,0.0,0.0,0.08888888888888889,0.12222222222222222,0.1,0.1111111111111111,0.07777777777777778,0.044444444444444446,0.08888888888888889,0.044444444444444446,0.0,0.0,0.07777777777777778,0.1111111111111111,0.1,0.13333333333333333,0.12222222222222222,0.08888888888888889,0.13333333333333333,0.044444444444444446,0.011111111111111112,0.011111111111111112,0.1111111111111111,0.1,0.08888888888888889,0.14444444444444443,0.1,0.13333333333333333,0.15555555555555556,0.011111111111111112,0.0,0.0,0.044444444444444446,0.1,0.06666666666666667,0.06666666666666667,0.07777777777777778,0.12222222222222222,0.1111111111111111,0.06666666666666667,0.0,0.0,0.0,0.0,0.044444444444444446,0.05555555555555555,0.044444444444444446,0.022222222222222223,0.03333333333333333,0.022222222222222223,0.0,0.0,0.0,0.0,0.011111111111111112,0.011111111111111112,0.0,0.0,0.011111111111111112,0.022222222222222223,0.0,0.0,0.0,0.0,0.0,0.0,0.0,0.011111111111111112,0.03333333333333333,0.03333333333333333,0.011111111111111112,0.011111111111111112,0.0,0.0,0.0,0.0,0.0,0.0,0.0,0.0,0.022222222222222223,0.022222222222222223,0.011111111111111112,0.0,0.0,0.0,0.0,0.0,0.0,0.0,0.0,0.0,0.022222222222222223,0.0,0.0,0.0,0.0,0.0,0.0,0.011111111111111112,0.011111111111111112,0.0,0.0,0.022222222222222223,0.0,0.0,0.0,0.0,0.0,0.0,0.0,0.0,0.0,0.0,0.0,0.1,0.011111111111111112,0.0,0.0,0.0,0.011111111111111112,0.0,0.0,0.0,0.0,0.0,0.0,0.011111111111111112,0.011111111111111112,0.0,0.0,0.0,0.011111111111111112,0.0,0.0,0.03333333333333333,0.044444444444444446,0.044444444444444446,0.011111111111111112,0.0,0.0,0.0,0.0,0.0,0.0,0.011111111111111112,0.0,0.0,0.044444444444444446,0.022222222222222223,0.022222222222222223,0.0,0.0,0.0,0.0,0.0,0.0,0.0,0.0,0.0,0.0,0.011111111111111112,0.011111111111111112,0.0,0.0,0.0,0.011111111111111112,0.0,0.06666666666666667,0.0,0.0,0.011111111111111112,0.03333333333333333,0.0,0.022222222222222223,0.0,0.0,0.0,0.0,0.0,0.06334188166371313
2101-04-01,0.0,0.0,0.0,0.04395604395604396,0.01098901098901099,0.0,0.15384615384615385,0.2967032967032967,0.02197802197802198,0.0,0.0,0.02197802197802198,0.03296703296703297,0.03296703296703297,0.2967032967032967,0.5164835164835165,0.32967032967032966,0.14285714285714285,0.03296703296703297,0.02197802197802198,0.054945054945054944,0.02197802197802198,0.0,0.9230769230769231,0.6483516483516484,0.31868131868131866,0.17582417582417584,0.054945054945054944,0.10989010989010989,0.04395604395604396,0.0,0.0,0.945054945054945,0.8241758241758241,0.5494505494505495,0.3076923076923077,0.13186813186813187,0.10989010989010989,0.054945054945054944,0.0,0.0,0.7362637362637363,0.9230769230769231,0.8131868131868132,0.7142857142857143,0.4945054945054945,0.2857142857142857,0.18681318681318682,0.07692307692307693,0.0,0.0,0.45054945054945056,0.8021978021978022,0.7802197802197802,0.6923076923076923,0.5714285714285714,0.43956043956043955,0.17582417582417584,0.07692307692307693,0.0,0.0,0.26373626373626374,0.5824175824175825,0.6263736263736264,0.7032967032967034,0.5164835164835165,0.4065934065934066,0.2087912087912088,0.04395604395604396,0.0,0.0,0.03296703296703297,0.17582417582417584,0.42857142857142855,0.4945054945054945,0.4835164835164835,0.5384615384615384,0.46153846153846156,0.25274725274725274,0.03296703296703297,0.0,0.0,0.054945054945054944,0.18681318681318682,0.32967032967032966,0.5824175824175825,0.37362637362637363,0.32967032967032966,0.24175824175824176,0.07692307692307693,0.0,0.0,0.0,0.12087912087912088,0.08791208791208792,0.12087912087912088,0.13186813186813187,0.18681318681318682,0.34065934065934067,0.1978021978021978,0.10989010989010989,0.06593406593406594,0.01098901098901099,0.0,0.0,0.0,0.0989010989010989,0.12087912087912088,0.2087912087912088,0.25274725274725274,0.32967032967032966,0.27472527472527475,0.25274725274725274,0.16483516483516483,0.13186813186813187,0.12087912087912088,0.03296703296703297,0.01098901098901099,0.0,0.27472527472527475,0.26373626373626374,0.38461538461538464,0.27472527472527475,0.3626373626373626,0.2967032967032967,0.16483516483516483,0.17582417582417584,0.12087912087912088,0.01098901098901099,0.01098901098901099,0.0,0.13186813186813187,0.25274725274725274,0.25274725274725274,0.3076923076923077,0.25274725274725274,0.27472527472527475,0.1978021978021978,0.18681318681318682,0.13186813186813187,0.054945054945054944,0.02197802197802198,0.24175824175824176,0.2857142857142857,0.2087912087912088,0.31868131868131866,0.32967032967032966,0.5384615384615384,0.31868131868131866,0.2967032967032967,0.12087912087912088,0.054945054945054944,0.02197802197802198,0.2087912087912088,0.3076923076923077,0.32967032967032966,0.25274725274725274,0.4945054945054945,0.5384615384615384,0.45054945054945056,0.3956043956043956,0.1978021978021978,0.08791208791208792,0.04395604395604396,0.10989010989010989,0.24175824175824176,0.3956043956043956,0.5384615384615384,0.4065934065934066,0.5494505494505495,0.42857142857142855,0.37362637362637363,0.18681318681318682,0.06593406593406594,0.03296703296703297,0.06593406593406594,0.18681318681318682,0.25274725274725274,0.1978021978021978,0.42857142857142855,0.43956043956043955,0.38461538461538464,0.5384615384615384,0.42857142857142855,0.4175824175824176,0.2967032967032967,0.0989010989010989,0.06593406593406594,0.054945054945054944,0.054945054945054944,0.2087912087912088,0.43956043956043955,0.3956043956043956,0.42857142857142855,0.43956043956043955,0.5274725274725275,0.37362637362637363,0.4725274725274725,0.3076923076923077,0.3956043956043956,0.4945054945054945,0.4065934065934066,0.25274725274725274,0.18681318681318682,0.24175824175824176,0.38461538461538464,0.3956043956043956,0.37362637362637363,0.24175824175824176,0.14285714285714285,0.34065934065934067,0.2087912087912088,0.15384615384615385,0.2857142857142857,0.1978021978021978,0.13186813186813187,0.06593406593406594,0.07692307692307693,0.03296703296703297,0.3632859907038781
2101-07-01,0.0,0.0,0.0,0.021739130434782608,0.03260869565217391,0.0,0.13043478260869565,0.5869565217391305,0.1956521739130435,0.03260869565217391,0.03260869565217391,0.11956521739130435,0.10869565217391304,0.010869565217391304,0.45652173913043476,0.9782608695652174,0.5869565217391305,0.1956521739130435,0.05434782608695652,0.043478260869565216,0.08695652173913043,0.08695652173913043,0.0,1.0,0.9782608695652174,0.21739130434782608,0.021739130434782608,0.021739130434782608,0.021739130434782608,0.021739130434782608,0.08695652173913043,0.021739130434782608,0.9891304347826086,0.8804347826086957,0.34782608695652173,0.06521739130434782,0.0,0.0,0.09782608695652174,0.16304347826086957,0.05434782608695652,0.717391304347826,0.9021739130434783,0.5108695652173914,0.33695652173913043,0.40217391304347827,0.20652173913043478,0.03260869565217391,0.0,0.021739130434782608,0.021739130434782608,0.4673913043478261,0.6739130434782609,0.34782608695652173,0.44565217391304346,0.34782608695652173,0.42391304347826086,0.09782608695652174,0.010869565217391304,0.010869565217391304,0.010869565217391304,0.2608695652173913,0.391304347826087,0.3804347826086957,0.5978260869565217,0.29347826086956524,0.45652173913043476,0.1956521739130435,0.05434782608695652,0.0,0.0,0.0,0.03260869565217391,0.10869565217391304,0.2717391304347826,0.33695652173913043,0.6521739130434783,0.5543478260869565,0.2391304347826087,0.021739130434782608,0.05434782608695652,0.03260869565217391,0.010869565217391304,0.10869565217391304,0.13043478260869565,0.7065217391304348,0.5434782608695652,0.42391304347826086,0.14130434782608695,0.021739130434782608,0.07608695652173914,0.07608695652173914,0.08695652173913043,0.0,0.03260869565217391,0.05434782608695652,0.14130434782608695,0.14130434782608695,0.43478260869565216,0.391304347826087,0.40217391304347827,0.31521739130434784,0.17391304347826086,0.21739130434782608,0.20652173913043478,0.14130434782608695,0.0,0.03260869565217391,0.10869565217391304,0.40217391304347827,0.3695652173913043,0.5108695652173914,0.5869565217391305,0.6086956521739131,0.5434782608695652,0.45652173913043476,0.34782608695652173,0.25,0.1956521739130435,0.33695652173913043,0.5652173913043478,0.75,0.5978260869565217,0.6630434782608695,0.7717391304347826,0.6739130434782609,0.5434782608695652,0.42391304347826086,0.2391304347826087,0.16304347826086957,0.05434782608695652,0.08695652173913043,0.3804347826086957,0.532608695652174,0.6304347826086957,0.5108695652173914,0.5978260869565217,0.6195652173913043,0.5543478260869565,0.43478260869565216,0.2826086956521739,0.10869565217391304,0.11956521739130435,0.4673913043478261,0.3804347826086957,0.717391304347826,0.7717391304347826,0.8478260869565217,0.7391304347826086,0.6304347826086957,0.41304347826086957,0.15217391304347827,0.03260869565217391,0.05434782608695652,0.45652173913043476,0.7391304347826086,0.6956521739130435,0.9021739130434783,0.8586956521739131,0.717391304347826,0.717391304347826,0.4891304347826087,0.21739130434782608,0.06521739130434782,0.010869565217391304,0.20652173913043478,0.9021739130434783,0.717391304347826,0.6086956521739131,0.782608695652174,0.6847826086956522,0.6413043478260869,0.40217391304347827,0.17391304347826086,0.010869565217391304,0.010869565217391304,0.09782608695652174,0.21739130434782608,0.21739130434782608,0.75,0.5760869565217391,0.5543478260869565,0.7065217391304348,0.6847826086956522,0.6956521739130435,0.5652173913043478,0.25,0.010869565217391304,0.0,0.05434782608695652,0.21739130434782608,0.6086956521739131,0.5108695652173914,0.5217391304347826,0.532608695652174,0.7282608695652174,0.6847826086956522,0.4782608695652174,0.358695652173913,0.40217391304347827,0.5760869565217391,0.6086956521739131,0.45652173913043476,0.42391304347826086,0.2717391304347826,0.358695652173913,0.41304347826086957,0.6739130434782609,0.5108695652173914,0.3695652173913043,0.43478260869565216,0.4891304347826087,0.34782608695652173,0.22826086956521738,0.31521739130434784,0.18478260869565216,0.10869565217391304,0.07608695652173914,0.06521739130434782,0.5423573349746963
2101-10-01,0.0,0.0,0.0,0.0,0.0,0.0,0.18478260869565216,0.20652173913043478,0.07608695652173914,0.0,0.0,0.0,0.0,0.0,0.5217391304347826,0.22826086956521738,0.15217391304347827,0.08695652173913043,0.0,0.0,0.0,0.0,0.0,0.6956521739130435,0.29347826086956524,0.043478260869565216,0.03260869565217391,0.0,0.0,0.0,0.0,0.0,0.6847826086956522,0.41304347826086957,0.10869565217391304,0.05434782608695652,0.010869565217391304,0.0,0.0,0.0,0.0,0.021739130434782608,0.22826086956521738,0.05434782608695652,0.06521739130434782,0.05434782608695652,0.0,0.0,0.0,0.0,0.0,0.021739130434782608,0.06521739130434782,0.05434782608695652,0.021739130434782608,0.043478260869565216,0.0,0.0,0.0,0.0,0.0,0.043478260869565216,0.0,0.0,0.021739130434782608,0.043478260869565216,0.0,0.021739130434782608,0.0,0.0,0.0,0.09782608695652174,0.08695652173913043,0.010869565217391304,0.03260869565217391,0.0,0.043478260869565216,0.010869565217391304,0.010869565217391304,0.0,0.0,0.0,0.14130434782608695,0.13043478260869565,0.08695652173913043,0.13043478260869565,0.021739130434782608,0.021739130434782608,0.021739130434782608,0.0,0.0,0.0,0.0,0.03260869565217391,0.07608695652173914,0.16304347826086957,0.15217391304347827,0.13043478260869565,0.14130434782608695,0.07608695652173914,0.03260869565217391,0.010869565217391304,0.0,0.0,0.0,0.0,0.05434782608695652,0.10869565217391304,0.22826086956521738,0.2391304347826087,0.1956521739130435,0.1956521739130435,0.15217391304347827,0.08695652173913043,0.043478260869565216,0.021739130434782608,0.0,0.0,0.0,0.18478260869565216,0.1956521739130435,0.25,0.21739130434782608,0.1956521739130435,0.17391304347826086,0.10869565217391304,0.043478260869565216,0.010869565217391304,0.0,0.0,0.0,0.09782608695652174,0.1956521739130435,0.2391304347826087,0.15217391304347827,0.09782608695652174,0.13043478260869565,0.11956521739130435,0.06521739130434782,0.03260869565217391,0.010869565217391304,0.0,0.10869565217391304,0.15217391304347827,0.11956521739130435,0.16304347826086957,0.14130434782608695,0.17391304347826086,0.11956521739130435,0.07608695652173914,0.03260869565217391,0.021739130434782608,0.0,0.07608695652173914,0.13043478260869565,0.1956521739130435,0.18478260869565216,0.22826086956521738,0.15217391304347827,0.13043478260869565,0.07608695652173914,0.07608695652173914,0.05434782608695652,0.0,0.03260869565217391,0.09782608695652174,0.2391304347826087,0.25,0.5869565217391305,0.25,0.11956521739130435,0.09782608695652174,0.05434782608695652,0.05434782608695652,0.010869565217391304,0.0,0.010869565217391304,0.010869565217391304,0.043478260869565216,0.20652173913043478,0.09782608695652174,0.2608695652173913,0.14130434782608695,0.08695652173913043,0.07608695652173914,0.06521739130434782,0.05434782608695652,0.0,0.0,0.021739130434782608,0.05434782608695652,0.03260869565217391,0.010869565217391304,0.10869565217391304,0.07608695652173914,0.06521739130434782,0.07608695652173914,0.03260869565217391,0.010869565217391304,0.05434782608695652,0.2391304347826087,0.06521739130434782,0.06521739130434782,0.07608695652173914,0.0,0.021739130434782608,0.03260869565217391,0.15217391304347827,0.05434782608695652,0.07608695652173914,0.05434782608695652,0.10869565217391304,0.07608695652173914,0.021739130434782608,0.05434782608695652,0.03260869565217391,0.043478260869565216,0.021739130434782608,0.010869565217391304,0.1461365279086142
2102-01-01,0.05555555555555555,0.03333333333333333,0.07777777777777778,0.1,0.08888888888888889,0.03333333333333333,0.17777777777777778,0.07777777777777778,0.03333333333333333,0.0,0.011111111111111112,0.011111111111111112,0.0,0.0,0.32222222222222224,0.12222222222222222,0.07777777777777778,0.05555555555555555,0.03333333333333333,0.03333333333333333,0.022222222222222223,0.0,0.03333333333333333,0.3888888888888889,0.1,0.06666666666666667,0.08888888888888889,0.07777777777777778,0.06666666666666667,0.022222222222222223,0.011111111111111112,0.022222222222222223,0.5555555555555556,0.24444444444444444,0.1,0.08888888888888889,0.1,0.1,0.05555555555555555,0.03333333333333333,0.03333333333333333,0.1111111111111111,0.14444444444444443,0.07777777777777778,0.12222222222222222,0.1111111111111111,0.07777777777777778,0.08888888888888889,0.13333333333333333,0.044444444444444446,0.03333333333333333,0.06666666666666667,0.1,0.07777777777777778,0.12222222222222222,0.1111111111111111,0.2111111111111111,0.18888888888888888,0.16666666666666666,0.07777777777777778,0.03333333333333333,0.06666666666666667,0.08888888888888889,0.06666666666666667,0.08888888888888889,0.12222222222222222,0.13333333333333333,0.18888888888888888,0.08888888888888889,0.044444444444444446,0.05555555555555555,0.03333333333333333,0.06666666666666667,0.06666666666666667,0.08888888888888889,0.1,0.12222222222222222,0.1111111111111111,0.1111111111111111,0.06666666666666667,0.05555555555555555,0.03333333333333333,0.022222222222222223,0.044444444444444446,0.08888888888888889,0.05555555555555555,0.044444444444444446,0.05555555555555555,0.05555555555555555,0.06666666666666667,0.06666666666666667,0.06666666666666667,0.03333333333333333,0.0,0.0,0.011111111111111112,0.011111111111111112,0.022222222222222223,0.0,0.022222222222222223,0.022222222222222223,0.03333333333333333,0.044444444444444446,0.05555555555555555,0.06666666666666667,0.044444444444444446,0.0,0.0,0.03333333333333333,0.03333333333333333,0.011111111111111112,0.011111111111111112,0.022222222222222223,0.022222222222222223,0.044444444444444446,0.06666666666666667,0.06666666666666667,0.044444444444444446,0.044444444444444446,0.011111111111111112,0.03333333333333333,0.011111111111111112,0.022222222222222223,0.03333333333333333,0.03333333333333333,0.044444444444444446,0.05555555555555555,0.08888888888888889,0.044444444444444446,0.044444444444444446,0.03333333333333333,0.1,0.044444444444444446,0.022222222222222223,0.022222222222222223,0.011111111111111112,0.044444444444444446,0.044444444444444446,0.03333333333333333,0.1,0.022222222222222223,0.044444444444444446,0.14444444444444443,0.05555555555555555,0.03333333333333333,0.011111111111111112,0.022222222222222223,0.022222222222222223,0.06666666666666667,0.05555555555555555,0.022222222222222223,0.022222222222222223,0.022222222222222223,0.12222222222222222,0.18888888888888888,0.05555555555555555,0.03333333333333333,0.011111111111111112,0.022222222222222223,0.05555555555555555,0.044444444444444446,0.05555555555555555,0.03333333333333333,0.044444444444444446,0.15555555555555556,0.07777777777777778,0.05555555555555555,0.044444444444444446,0.022222222222222223,0.044444444444444446,0.044444444444444446,0.03333333333333333,0.03333333333333333,0.05555555555555555,0.1111111111111111,0.2,0.2111111111111111,0.13333333333333333,0.044444444444444446,0.05555555555555555,0.03333333333333333,0.011111111111111112,0.011111111111111112,0.022222222222222223,0.022222222222222223,0.044444444444444446,0.044444444444444446,0.13333333333333333,0.13333333333333333,0.17777777777777778,0.17777777777777778,0.1,0.044444444444444446,0.022222222222222223,0.011111111111111112,0.011111111111111112,0.011111111111111112,0.16666666666666666,0.022222222222222223,0.011111111111111112,0.05555555555555555,0.011111111111111112,0.022222222222222223,0.011111111111111112,0.14444444444444443,0.16666666666666666,0.044444444444444446,0.044444444444444446,0.044444444444444446,0.011111111111111112,0.03333333333333333,0.022222222222222223,0.011111111111111112,0.12222222222222222,0.0,0.0,0.011111111111111112,0.0,0.011111111111111112,0.0678709472979267
2102-04-01,0.02197802197802198,0.01098901098901099,0.01098901098901099,0.01098901098901099,0.0,0.0,0.06593406593406594,0.18681318681318682,0.02197802197802198,0.0,0.0,0.0,0.0,0.0,0.16483516483516483,0.4175824175824176,0.32967032967032966,0.06593406593406594,0.02197802197802198,0.0,0.0,0.03296703296703297,0.0,0.945054945054945,0.7142857142857143,0.26373626373626374,0.0989010989010989,0.0989010989010989,0.02197802197802198,0.02197802197802198,0.03296703296703297,0.0,0.967032967032967,0.8571428571428571,0.6373626373626373,0.3516483516483517,0.12087912087912088,0.07692307692307693,0.03296703296703297,0.0,0.0,0.8241758241758241,0.967032967032967,0.8241758241758241,0.7802197802197802,0.5934065934065934,0.2857142857142857,0.12087912087912088,0.07692307692307693,0.01098901098901099,0.02197802197802198,0.4945054945054945,0.9010989010989011,0.8351648351648352,0.7912087912087912,0.6153846153846154,0.5494505494505495,0.13186813186813187,0.06593406593406594,0.0,0.01098901098901099,0.43956043956043955,0.7032967032967034,0.7142857142857143,0.7472527472527473,0.5274725274725275,0.5384615384615384,0.2087912087912088,0.054945054945054944,0.0,0.0,0.07692307692307693,0.21978021978021978,0.4835164835164835,0.5604395604395604,0.5494505494505495,0.5934065934065934,0.46153846153846156,0.18681318681318682,0.02197802197802198,0.0,0.02197802197802198,0.13186813186813187,0.24175824175824176,0.4945054945054945,0.6153846153846154,0.43956043956043955,0.34065934065934067,0.27472527472527475,0.02197802197802198,0.0,0.04395604395604396,0.03296703296703297,0.3516483516483517,0.32967032967032966,0.2967032967032967,0.1978021978021978,0.25274725274725274,0.38461538461538464,0.13186813186813187,0.07692307692307693,0.07692307692307693,0.0,0.054945054945054944,0.06593406593406594,0.054945054945054944,0.31868131868131866,0.32967032967032966,0.31868131868131866,0.4175824175824176,0.4175824175824176,0.3516483516483517,0.14285714285714285,0.12087912087912088,0.04395604395604396,0.07692307692307693,0.08791208791208792,0.08791208791208792,0.054945054945054944,0.32967032967032966,0.3076923076923077,0.4175824175824176,0.2857142857142857,0.23076923076923078,0.26373626373626374,0.10989010989010989,0.12087912087912088,0.13186813186813187,0.06593406593406594,0.03296703296703297,0.0,0.16483516483516483,0.23076923076923078,0.27472527472527475,0.25274725274725274,0.15384615384615385,0.18681318681318682,0.13186813186813187,0.15384615384615385,0.14285714285714285,0.07692307692307693,0.03296703296703297,0.21978021978021978,0.21978021978021978,0.1978021978021978,0.1978021978021978,0.2087912087912088,0.4065934065934066,0.2967032967032967,0.1978021978021978,0.14285714285714285,0.054945054945054944,0.0,0.1978021978021978,0.27472527472527475,0.25274725274725274,0.23076923076923078,0.34065934065934067,0.43956043956043955,0.3626373626373626,0.31868131868131866,0.13186813186813187,0.04395604395604396,0.02197802197802198,0.15384615384615385,0.15384615384615385,0.32967032967032966,0.3626373626373626,0.31868131868131866,0.43956043956043955,0.3626373626373626,0.23076923076923078,0.12087912087912088,0.03296703296703297,0.03296703296703297,0.13186813186813187,0.27472527472527475,0.27472527472527475,0.16483516483516483,0.25274725274725274,0.31868131868131866,0.3516483516483517,0.5054945054945055,0.3626373626373626,0.27472527472527475,0.18681318681318682,0.06593406593406594,0.10989010989010989,0.15384615384615385,0.25274725274725274,0.32967032967032966,0.3626373626373626,0.3956043956043956,0.3956043956043956,0.3956043956043956,0.3956043956043956,0.23076923076923078,0.5164835164835165,0.27472527472527475,0.2857142857142857,0.4065934065934066,0.26373626373626374,0.17582417582417584,0.12087912087912088,0.3626373626373626,0.4065934065934066,0.37362637362637363,0.37362637362637363,0.21978021978021978,0.08791208791208792,0.27472527472527475,0.21978021978021978,0.0989010989010989,0.26373626373626374,0.13186813186813187,0.06593406593406594,0.02197802197802198,0.01098901098901099,0.0,0.33425274104294944
2102-07-01,0.0,0.0,0.0,0.010869565217391304,0.021739130434782608,0.021739130434782608,0.11956521739130435,0.6521739130434783,0.18478260869565216,0.05434782608695652,0.043478260869565216,0.14130434782608695,0.13043478260869565,0.07608695652173914,0.5652173913043478,0.9456521739130435,0.6739130434782609,0.18478260869565216,0.05434782608695652,0.07608695652173914,0.14130434782608695,0.10869565217391304,0.03260869565217391,1.0,0.9565217391304348,0.22826086956521738,0.043478260869565216,0.06521739130434782,0.08695652173913043,0.15217391304347827,0.15217391304347827,0.021739130434782608,0.9891304347826086,0.8478260869565217,0.45652173913043476,0.06521739130434782,0.05434782608695652,0.11956521739130435,0.20652173913043478,0.16304347826086957,0.021739130434782608,0.6630434782608695,0.8369565217391305,0.4673913043478261,0.43478260869565216,0.31521739130434784,0.32608695652173914,0.11956521739130435,0.17391304347826086,0.07608695652173914,0.03260869565217391,0.44565217391304346,0.5978260869565217,0.4891304347826087,0.4891304347826087,0.30434782608695654,0.5434782608695652,0.14130434782608695,0.06521739130434782,0.05434782608695652,0.043478260869565216,0.22826086956521738,0.391304347826087,0.42391304347826086,0.6195652173913043,0.20652173913043478,0.5543478260869565,0.17391304347826086,0.10869565217391304,0.05434782608695652,0.043478260869565216,0.05434782608695652,0.13043478260869565,0.16304347826086957,0.34782608695652173,0.34782608695652173,0.6413043478260869,0.5760869565217391,0.33695652173913043,0.15217391304347827,0.05434782608695652,0.03260869565217391,0.07608695652173914,0.08695652173913043,0.15217391304347827,0.7391304347826086,0.43478260869565216,0.2717391304347826,0.22826086956521738,0.10869565217391304,0.05434782608695652,0.043478260869565216,0.05434782608695652,0.07608695652173914,0.07608695652173914,0.20652173913043478,0.18478260869565216,0.09782608695652174,0.44565217391304346,0.2826086956521739,0.22826086956521738,0.13043478260869565,0.11956521739130435,0.13043478260869565,0.10869565217391304,0.05434782608695652,0.06521739130434782,0.11956521739130435,0.22826086956521738,0.31521739130434784,0.391304347826087,0.41304347826086957,0.4673913043478261,0.41304347826086957,0.32608695652173914,0.2608695652173913,0.21739130434782608,0.14130434782608695,0.06521739130434782,0.22826086956521738,0.34782608695652173,0.5543478260869565,0.41304347826086957,0.5434782608695652,0.5108695652173914,0.45652173913043476,0.34782608695652173,0.30434782608695654,0.1956521739130435,0.08695652173913043,0.021739130434782608,0.06521739130434782,0.33695652173913043,0.43478260869565216,0.4673913043478261,0.33695652173913043,0.43478260869565216,0.4891304347826087,0.42391304347826086,0.391304347826087,0.20652173913043478,0.06521739130434782,0.05434782608695652,0.2826086956521739,0.34782608695652173,0.45652173913043476,0.4673913043478261,0.7717391304347826,0.6304347826086957,0.5434782608695652,0.33695652173913043,0.10869565217391304,0.05434782608695652,0.021739130434782608,0.2717391304347826,0.5978260869565217,0.45652173913043476,0.8586956521739131,0.8260869565217391,0.7282608695652174,0.6739130434782609,0.4673913043478261,0.14130434782608695,0.05434782608695652,0.021739130434782608,0.10869565217391304,0.717391304347826,0.6956521739130435,0.6195652173913043,0.8478260869565217,0.6739130434782609,0.5869565217391305,0.34782608695652173,0.09782608695652174,0.010869565217391304,0.010869565217391304,0.03260869565217391,0.10869565217391304,0.07608695652173914,0.5108695652173914,0.5108695652173914,0.5217391304347826,0.8804347826086957,0.75,0.6847826086956522,0.5434782608695652,0.14130434782608695,0.03260869565217391,0.021739130434782608,0.03260869565217391,0.08695652173913043,0.45652173913043476,0.4673913043478261,0.6086956521739131,0.6956521739130435,0.8043478260869565,0.6956521739130435,0.31521739130434784,0.17391304347826086,0.42391304347826086,0.7065217391304348,0.6086956521739131,0.5108695652173914,0.3804347826086957,0.10869565217391304,0.45652173913043476,0.5434782608695652,0.6739130434782609,0.4782608695652174,0.33695652173913043,0.4891304347826087,0.4782608695652174,0.32608695652173914,0.42391304347826086,0.34782608695652173,0.21739130434782608,0.08695652173913043,0.15217391304347827,0.07608695652173914,0.522301837563994
2102-10-01,0.021739130434782608,0.0,0.0,0.0,0.0,0.0,0.2391304347826087,0.08695652173913043,0.06521739130434782,0.021739130434782608,0.0,0.0,0.0,0.0,0.6304347826086957,0.32608695652173914,0.043478260869565216,0.0,0.0,0.0,0.0,0.0,0.0,0.8804347826086957,0.34782608695652173,0.03260869565217391,0.010869565217391304,0.0,0.0,0.0,0.0,0.0,0.8260869565217391,0.45652173913043476,0.05434782608695652,0.010869565217391304,0.0,0.0,0.0,0.0,0.0,0.03260869565217391,0.21739130434782608,0.043478260869565216,0.03260869565217391,0.010869565217391304,0.0,0.0,0.0,0.0,0.0,0.03260869565217391,0.03260869565217391,0.043478260869565216,0.0,0.010869565217391304,0.010869565217391304,0.0,0.0,0.0,0.0,0.03260869565217391,0.021739130434782608,0.010869565217391304,0.03260869565217391,0.010869565217391304,0.010869565217391304,0.0,0.0,0.0,0.0,0.07608695652173914,0.043478260869565216,0.03260869565217391,0.0,0.021739130434782608,0.03260869565217391,0.010869565217391304,0.0,0.0,0.0,0.0,0.10869565217391304,0.08695652173913043,0.043478260869565216,0.09782608695652174,0.03260869565217391,0.010869565217391304,0.0,0.0,0.0,0.0,0.0,0.05434782608695652,0.14130434782608695,0.18478260869565216,0.11956521739130435,0.043478260869565216,0.10869565217391304,0.06521739130434782,0.021739130434782608,0.0,0.0,0.0,0.0,0.0,0.06521739130434782,0.21739130434782608,0.2608695652173913,0.22826086956521738,0.17391304347826086,0.16304347826086957,0.14130434782608695,0.10869565217391304,0.06521739130434782,0.021739130434782608,0.021739130434782608,0.010869565217391304,0.0,0.25,0.2608695652173913,0.25,0.21739130434782608,0.17391304347826086,0.13043478260869565,0.09782608695652174,0.07608695652173914,0.03260869565217391,0.0,0.0,0.0,0.11956521739130435,0.2391304347826087,0.2608695652173913,0.20652173913043478,0.17391304347826086,0.14130434782608695,0.09782608695652174,0.07608695652173914,0.043478260869565216,0.010869565217391304,0.010869565217391304,0.14130434782608695,0.1956521739130435,0.20652173913043478,0.25,0.1956521739130435,0.1956521739130435,0.13043478260869565,0.09782608695652174,0.05434782608695652,0.021739130434782608,0.010869565217391304,0.10869565217391304,0.15217391304347827,0.20652173913043478,0.22826086956521738,0.30434782608695654,0.21739130434782608,0.20652173913043478,0.15217391304347827,0.06521739130434782,0.021739130434782608,0.021739130434782608,0.05434782608695652,0.15217391304347827,0.2391304347826087,0.34782608695652173,0.5760869565217391,0.358695652173913,0.2717391304347826,0.18478260869565216,0.07608695652173914,0.03260869565217391,0.0,0.021739130434782608,0.03260869565217391,0.010869565217391304,0.13043478260869565,0.1956521739130435,0.22826086956521738,0.30434782608695654,0.20652173913043478,0.17391304347826086,0.1956521739130435,0.09782608695652174,0.043478260869565216,0.0,0.010869565217391304,0.043478260869565216,0.17391304347826086,0.15217391304347827,0.06521739130434782,0.09782608695652174,0.11956521739130435,0.15217391304347827,0.10869565217391304,0.09782608695652174,0.05434782608695652,0.09782608695652174,0.2826086956521739,0.11956521739130435,0.10869565217391304,0.05434782608695652,0.06521739130434782,0.10869565217391304,0.06521739130434782,0.17391304347826086,0.06521739130434782,0.03260869565217391,0.11956521739130435,0.10869565217391304,0.021739130434782608,0.06521739130434782,0.03260869565217391,0.010869565217391304,0.0,0.0,0.0,0.182455413366634
2103-01-01,0.12222222222222222,0.06666666666666667,0.044444444444444446,0.044444444444444446,0.03333333333333333,0.022222222222222223,0.15555555555555556,0.12222222222222222,0.06666666666666667,0.03333333333333333,0.03333333333333333,0.022222222222222223,0.022222222222222223,0.011111111111111112,0.4222222222222222,0.13333333333333333,0.06666666666666667,0.044444444444444446,0.022222222222222223,0.0,0.0,0.011111111111111112,0.0,0.6111111111111112,0.23333333333333334,0.1,0.05555555555555555,0.03333333333333333,0.011111111111111112,0.0,0.0,0.0,0.6111111111111112,0.45555555555555555,0.08888888888888889,0.05555555555555555,0.022222222222222223,0.03333333333333333,0.0,0.0,0.011111111111111112,0.17777777777777778,0.24444444444444444,0.12222222222222222,0.06666666666666667,0.06666666666666667,0.03333333333333333,0.044444444444444446,0.044444444444444446,0.022222222222222223,0.011111111111111112,0.13333333333333333,0.15555555555555556,0.13333333333333333,0.14444444444444443,0.07777777777777778,0.12222222222222222,0.06666666666666667,0.06666666666666667,0.022222222222222223,0.011111111111111112,0.14444444444444443,0.13333333333333333,0.13333333333333333,0.1111111111111111,0.1,0.16666666666666666,0.08888888888888889,0.03333333333333333,0.022222222222222223,0.011111111111111112,0.05555555555555555,0.1,0.12222222222222222,0.12222222222222222,0.07777777777777778,0.07777777777777778,0.07777777777777778,0.044444444444444446,0.03333333333333333,0.022222222222222223,0.0,0.022222222222222223,0.07777777777777778,0.12222222222222222,0.05555555555555555,0.03333333333333333,0.022222222222222223,0.022222222222222223,0.022222222222222223,0.0,0.0,0.0,0.011111111111111112,0.011111111111111112,0.022222222222222223,0.022222222222222223,0.05555555555555555,0.03333333333333333,0.011111111111111112,0.011111111111111112,0.011111111111111112,0.0,0.0,0.0,0.0,0.044444444444444446,0.05555555555555555,0.03333333333333333,0.03333333333333333,0.044444444444444446,0.03333333333333333,0.011111111111111112,0.0,0.0,0.0,0.0,0.0,0.0,0.03333333333333333,0.011111111111111112,0.03333333333333333,0.011111111111111112,0.011111111111111112,0.011111111111111112,0.011111111111111112,0.011111111111111112,0.0,0.0,0.0,0.0,0.05555555555555555,0.022222222222222223,0.011111111111111112,0.0,0.0,0.0,0.0,0.0,0.011111111111111112,0.0,0.0,0.07777777777777778,0.022222222222222223,0.0,0.0,0.0,0.022222222222222223,0.022222222222222223,0.022222222222222223,0.011111111111111112,0.0,0.0,0.1111111111111111,0.13333333333333333,0.0,0.0,0.0,0.022222222222222223,0.05555555555555555,0.03333333333333333,0.0,0.0,0.0,0.08888888888888889,0.011111111111111112,0.011111111111111112,0.0,0.0,0.03333333333333333,0.06666666666666667,0.022222222222222223,0.0,0.0,0.06666666666666667,0.12222222222222222,0.16666666666666666,0.07777777777777778,0.03333333333333333,0.011111111111111112,0.0,0.0,0.0,0.022222222222222223,0.03333333333333333,0.0,0.0,0.12222222222222222,0.06666666666666667,0.044444444444444446,0.06666666666666667,0.022222222222222223,0.0,0.0,0.0,0.0,0.03333333333333333,0.044444444444444446,0.0,0.0,0.011111111111111112,0.011111111111111112,0.044444444444444446,0.0,0.011111111111111112,0.0,0.0,0.1,0.03333333333333333,0.0,0.03333333333333333,0.03333333333333333,0.0,0.0,0.0,0.0,0.0,0.0,0.0,0.07462193079936205
2103-04-01,0.01098901098901099,0.01098901098901099,0.01098901098901099,0.04395604395604396,0.02197802197802198,0.02197802197802198,0.10989010989010989,0.4175824175824176,0.0989010989010989,0.0,0.01098901098901099,0.02197802197802198,0.054945054945054944,0.02197802197802198,0.2967032967032967,0.6593406593406593,0.43956043956043955,0.2087912087912088,0.06593406593406594,0.08791208791208792,0.10989010989010989,0.08791208791208792,0.02197802197802198,0.945054945054945,0.7802197802197802,0.4175824175824176,0.25274725274725274,0.21978021978021978,0.15384615384615385,0.17582417582417584,0.14285714285714285,0.02197802197802198,0.9230769230769231,0.7362637362637363,0.5384615384615384,0.38461538461538464,0.2087912087912088,0.1978021978021978,0.18681318681318682,0.0989010989010989,0.02197802197802198,0.6153846153846154,0.8241758241758241,0.6813186813186813,0.5274725274725275,0.45054945054945056,0.4065934065934066,0.2087912087912088,0.23076923076923078,0.0989010989010989,0.02197802197802198,0.5934065934065934,0.6703296703296703,0.5384615384615384,0.5054945054945055,0.4065934065934066,0.42857142857142855,0.25274725274725274,0.23076923076923078,0.0989010989010989,0.02197802197802198,0.34065934065934067,0.4835164835164835,0.45054945054945056,0.45054945054945056,0.24175824175824176,0.34065934065934067,0.2967032967032967,0.17582417582417584,0.0989010989010989,0.04395604395604396,0.04395604395604396,0.16483516483516483,0.3516483516483517,0.37362637362637363,0.26373626373626374,0.3076923076923077,0.3076923076923077,0.25274725274725274,0.2087912087912088,0.10989010989010989,0.06593406593406594,0.01098901098901099,0.0989010989010989,0.1978021978021978,0.38461538461538464,0.1978021978021978,0.16483516483516483,0.1978021978021978,0.2087912087912088,0.0989010989010989,0.054945054945054944,0.03296703296703297,0.03296703296703297,0.03296703296703297,0.02197802197802198,0.054945054945054944,0.08791208791208792,0.15384615384615385,0.10989010989010989,0.08791208791208792,0.12087912087912088,0.12087912087912088,0.0989010989010989,0.08791208791208792,0.03296703296703297,0.02197802197802198,0.08791208791208792,0.10989010989010989,0.10989010989010989,0.16483516483516483,0.14285714285714285,0.13186813186813187,0.14285714285714285,0.18681318681318682,0.14285714285714285,0.15384615384615385,0.08791208791208792,0.054945054945054944,0.14285714285714285,0.12087912087912088,0.23076923076923078,0.14285714285714285,0.26373626373626374,0.2857142857142857,0.25274725274725274,0.1978021978021978,0.17582417582417584,0.13186813186813187,0.02197802197802198,0.0,0.08791208791208792,0.08791208791208792,0.07692307692307693,0.15384615384615385,0.15384615384615385,0.21978021978021978,0.25274725274725274,0.25274725274725274,0.26373626373626374,0.13186813186813187,0.04395604395604396,0.15384615384615385,0.14285714285714285,0.06593406593406594,0.1978021978021978,0.24175824175824176,0.42857142857142855,0.3626373626373626,0.3516483516483517,0.27472527472527475,0.14285714285714285,0.04395604395604396,0.12087912087912088,0.16483516483516483,0.18681318681318682,0.24175824175824176,0.4065934065934066,0.4725274725274725,0.45054945054945056,0.4175824175824176,0.38461538461538464,0.1978021978021978,0.08791208791208792,0.06593406593406594,0.0989010989010989,0.37362637362637363,0.4065934065934066,0.38461538461538464,0.5384615384615384,0.4725274725274725,0.38461538461538464,0.27472527472527475,0.18681318681318682,0.02197802197802198,0.054945054945054944,0.10989010989010989,0.08791208791208792,0.08791208791208792,0.31868131868131866,0.34065934065934067,0.3076923076923077,0.5604395604395604,0.46153846153846156,0.4725274725274725,0.3626373626373626,0.1978021978021978,0.04395604395604396,0.04395604395604396,0.03296703296703297,0.12087912087912088,0.2857142857142857,0.31868131868131866,0.43956043956043955,0.5054945054945055,0.5164835164835165,0.4725274725274725,0.27472527472527475,0.17582417582417584,0.3076923076923077,0.5274725274725275,0.43956043956043955,0.3626373626373626,0.3076923076923077,0.26373626373626374,0.3516483516483517,0.37362637362637363,0.4945054945054945,0.4175824175824176,0.25274725274725274,0.4175824175824176,0.4065934065934066,0.26373626373626374,0.27472527472527475,0.31868131868131866,0.15384615384615385,0.07692307692307693,0.03296703296703297,0.02197802197802198,0.36637516918815904
2103-07-01,0.021739130434782608,0.0,0.043478260869565216,0.043478260869565216,0.043478260869565216,0.0,0.18478260869565216,0.5,0.11956521739130435,0.05434782608695652,0.021739130434782608,0.043478260869565216,0.05434782608695652,0.021739130434782608,0.3695652173913043,0.8478260869565217,0.5978260869565217,0.15217391304347827,0.10869565217391304,0.07608695652173914,0.07608695652173914,0.08695652173913043,0.010869565217391304,1.0,0.8695652173913043,0.1956521739130435,0.11956521739130435,0.09782608695652174,0.08695652173913043,0.11956521739130435,0.13043478260869565,0.0,1.0,0.8152173913043478,0.43478260869565216,0.15217391304347827,0.09782608695652174,0.08695652173913043,0.25,0.1956521739130435,0.0,0.6521739130434783,0.8695652173913043,0.4891304347826087,0.358695652173913,0.34782608695652173,0.22826086956521738,0.08695652173913043,0.07608695652173914,0.08695652173913043,0.010869565217391304,0.33695652173913043,0.6630434782608695,0.41304347826086957,0.45652173913043476,0.391304347826087,0.43478260869565216,0.13043478260869565,0.05434782608695652,0.05434782608695652,0.043478260869565216,0.18478260869565216,0.2608695652173913,0.40217391304347827,0.5543478260869565,0.2391304347826087,0.45652173913043476,0.25,0.13043478260869565,0.09782608695652174,0.05434782608695652,0.010869565217391304,0.010869565217391304,0.10869565217391304,0.21739130434782608,0.22826086956521738,0.5760869565217391,0.6195652173913043,0.5217391304347826,0.15217391304347827,0.07608695652173914,0.043478260869565216,0.043478260869565216,0.05434782608695652,0.06521739130434782,0.6847826086956522,0.5,0.4782608695652174,0.5108695652173914,0.18478260869565216,0.10869565217391304,0.08695652173913043,0.043478260869565216,0.043478260869565216,0.05434782608695652,0.07608695652173914,0.14130434782608695,0.06521739130434782,0.32608695652173914,0.4782608695652174,0.45652173913043476,0.358695652173913,0.18478260869565216,0.20652173913043478,0.11956521739130435,0.05434782608695652,0.043478260869565216,0.07608695652173914,0.10869565217391304,0.34782608695652173,0.358695652173913,0.43478260869565216,0.4891304347826087,0.5652173913043478,0.5978260869565217,0.44565217391304346,0.40217391304347827,0.21739130434782608,0.14130434782608695,0.17391304347826086,0.2826086956521739,0.4782608695652174,0.43478260869565216,0.532608695652174,0.6739130434782609,0.6956521739130435,0.6739130434782609,0.5,0.25,0.07608695652173914,0.021739130434782608,0.18478260869565216,0.2608695652173913,0.358695652173913,0.41304347826086957,0.3695652173913043,0.5,0.7282608695652174,0.7065217391304348,0.5978260869565217,0.25,0.07608695652173914,0.21739130434782608,0.34782608695652173,0.25,0.4891304347826087,0.5108695652173914,0.8478260869565217,0.8152173913043478,0.782608695652174,0.5434782608695652,0.20652173913043478,0.05434782608695652,0.17391304347826086,0.31521739130434784,0.5,0.5869565217391305,0.8478260869565217,0.9021739130434783,0.8586956521739131,0.8695652173913043,0.5869565217391305,0.2717391304347826,0.11956521739130435,0.16304347826086957,0.18478260869565216,0.75,0.7391304347826086,0.6739130434782609,0.9239130434782609,0.8043478260869565,0.7608695652173914,0.5108695652173914,0.22826086956521738,0.11956521739130435,0.13043478260869565,0.2717391304347826,0.2608695652173913,0.20652173913043478,0.5760869565217391,0.5217391304347826,0.5434782608695652,0.8152173913043478,0.8478260869565217,0.7608695652173914,0.5760869565217391,0.29347826086956524,0.17391304347826086,0.16304347826086957,0.14130434782608695,0.18478260869565216,0.5217391304347826,0.4673913043478261,0.6086956521739131,0.6521739130434783,0.8586956521739131,0.7391304347826086,0.3804347826086957,0.29347826086956524,0.4673913043478261,0.6630434782608695,0.7934782608695652,0.5652173913043478,0.44565217391304346,0.20652173913043478,0.391304347826087,0.5217391304347826,0.782608695652174,0.5543478260869565,0.32608695652173914,0.5652173913043478,0.4891304347826087,0.30434782608695654,0.391304347826087,0.3695652173913043,0.2608695652173913,0.13043478260869565,0.14130434782608695,0.06521739130434782,0.5689676786916418
2103-10-01,0.043478260869565216,0.0,0.0,0.0,0.0,0.0,0.2608695652173913,0.30434782608695654,0.13043478260869565,0.021739130434782608,0.0,0.0,0.0,0.0,0.44565217391304346,0.31521739130434784,0.15217391304347827,0.13043478260869565,0.021739130434782608,0.0,0.0,0.0,0.0,0.5760869565217391,0.3804347826086957,0.10869565217391304,0.0,0.021739130434782608,0.0,0.0,0.0,0.0,0.5108695652173914,0.30434782608695654,0.13043478260869565,0.0,0.0,0.0,0.0,0.0,0.0,0.05434782608695652,0.20652173913043478,0.021739130434782608,0.021739130434782608,0.0,0.0,0.0,0.0,0.0,0.0,0.03260869565217391,0.06521739130434782,0.0,0.0,0.0,0.0,0.0,0.0,0.0,0.0,0.0,0.010869565217391304,0.0,0.0,0.0,0.0,0.0,0.0,0.0,0.0,0.03260869565217391,0.021739130434782608,0.0,0.03260869565217391,0.0,0.0,0.0,0.0,0.0,0.0,0.0,0.09782608695652174,0.05434782608695652,0.043478260869565216,0.08695652173913043,0.010869565217391304,0.010869565217391304,0.0,0.0,0.0,0.0,0.0,0.05434782608695652,0.18478260869565216,0.2717391304347826,0.10869565217391304,0.043478260869565216,0.10869565217391304,0.03260869565217391,0.0,0.0,0.0,0.0,0.0,0.0,0.16304347826086957,0.2717391304347826,0.31521739130434784,0.29347826086956524,0.14130434782608695,0.14130434782608695,0.08695652173913043,0.021739130434782608,0.0,0.0,0.0,0.0,0.0,0.2717391304347826,0.21739130434782608,0.22826086956521738,0.15217391304347827,0.09782608695652174,0.08695652173913043,0.010869565217391304,0.0,0.0,0.0,0.0,0.0,0.11956521739130435,0.17391304347826086,0.17391304347826086,0.11956521739130435,0.07608695652173914,0.03260869565217391,0.03260869565217391,0.021739130434782608,0.021739130434782608,0.0,0.0,0.14130434782608695,0.13043478260869565,0.08695652173913043,0.13043478260869565,0.11956521739130435,0.17391304347826086,0.10869565217391304,0.08695652173913043,0.043478260869565216,0.0,0.0,0.07608695652173914,0.15217391304347827,0.14130434782608695,0.16304347826086957,0.2608695652173913,0.20652173913043478,0.11956521739130435,0.05434782608695652,0.010869565217391304,0.0,0.0,0.021739130434782608,0.13043478260869565,0.18478260869565216,0.29347826086956524,0.5217391304347826,0.25,0.16304347826086957,0.07608695652173914,0.010869565217391304,0.0,0.0,0.0,0.021739130434782608,0.021739130434782608,0.06521739130434782,0.14130434782608695,0.17391304347826086,0.21739130434782608,0.11956521739130435,0.08695652173913043,0.09782608695652174,0.03260869565217391,0.0,0.0,0.021739130434782608,0.0,0.10869565217391304,0.11956521739130435,0.043478260869565216,0.08695652173913043,0.09782608695652174,0.08695652173913043,0.07608695652173914,0.05434782608695652,0.010869565217391304,0.05434782608695652,0.17391304347826086,0.10869565217391304,0.05434782608695652,0.043478260869565216,0.0,0.043478260869565216,0.05434782608695652,0.13043478260869565,0.05434782608695652,0.043478260869565216,0.05434782608695652,0.07608695652173914,0.043478260869565216,0.05434782608695652,0.03260869565217391,0.021739130434782608,0.0,0.0,0.0,0.13801264105346955
2104-01-01,0.03333333333333333,0.0,0.011111111111111112,0.022222222222222223,0.044444444444444446,0.022222222222222223,0.18888888888888888,0.13333333333333333,0.03333333333333333,0.011111111111111112,0.011111111111111112,0.011111111111111112,0.011111111111111112,0.03333333333333333,0.5222222222222223,0.16666666666666666,0.07777777777777778,0.044444444444444446,0.03333333333333333,0.03333333333333333,0.011111111111111112,0.011111111111111112,0.022222222222222223,0.7333333333333333,0.32222222222222224,0.12222222222222222,0.044444444444444446,0.05555555555555555,0.044444444444444446,0.05555555555555555,0.03333333333333333,0.044444444444444446,0.7555555555555555,0.4777777777777778,0.17777777777777778,0.06666666666666667,0.1,0.13333333333333333,0.08888888888888889,0.044444444444444446,0.06666666666666667,0.13333333333333333,0.18888888888888888,0.15555555555555556,0.18888888888888888,0.16666666666666666,0.07777777777777778,0.12222222222222222,0.15555555555555556,0.06666666666666667,0.07777777777777778,0.1111111111111111,0.16666666666666666,0.17777777777777778,0.24444444444444444,0.23333333333333334,0.12222222222222222,0.14444444444444443,0.17777777777777778,0.08888888888888889,0.06666666666666667,0.1111111111111111,0.12222222222222222,0.18888888888888888,0.17777777777777778,0.23333333333333334,0.24444444444444444,0.2,0.1,0.12222222222222222,0.06666666666666667,0.08888888888888889,0.1,0.07777777777777778,0.14444444444444443,0.14444444444444443,0.18888888888888888,0.2,0.1,0.08888888888888889,0.08888888888888889,0.044444444444444446,0.044444444444444446,0.07777777777777778,0.06666666666666667,0.044444444444444446,0.044444444444444446,0.1111111111111111,0.08888888888888889,0.08888888888888889,0.07777777777777778,0.044444444444444446,0.022222222222222223,0.011111111111111112,0.011111111111111112,0.022222222222222223,0.03333333333333333,0.022222222222222223,0.0,0.022222222222222223,0.011111111111111112,0.044444444444444446,0.03333333333333333,0.03333333333333333,0.03333333333333333,0.03333333333333333,0.044444444444444446,0.044444444444444446,0.07777777777777778,0.05555555555555555,0.011111111111111112,0.0,0.011111111111111112,0.011111111111111112,0.011111111111111112,0.011111111111111112,0.022222222222222223,0.03333333333333333,0.03333333333333333,0.07777777777777778,0.08888888888888889,0.022222222222222223,0.0,0.0,0.011111111111111112,0.0,0.0,0.0,0.011111111111111112,0.044444444444444446,0.044444444444444446,0.05555555555555555,0.08888888888888889,0.03333333333333333,0.022222222222222223,0.0,0.0,0.0,0.022222222222222223,0.022222222222222223,0.011111111111111112,0.044444444444444446,0.1111111111111111,0.06666666666666667,0.03333333333333333,0.011111111111111112,0.0,0.022222222222222223,0.03333333333333333,0.044444444444444446,0.011111111111111112,0.0,0.011111111111111112,0.12222222222222222,0.16666666666666666,0.044444444444444446,0.011111111111111112,0.011111111111111112,0.03333333333333333,0.07777777777777778,0.022222222222222223,0.0,0.0,0.011111111111111112,0.1111111111111111,0.044444444444444446,0.05555555555555555,0.03333333333333333,0.022222222222222223,0.022222222222222223,0.06666666666666667,0.05555555555555555,0.011111111111111112,0.0,0.03333333333333333,0.1111111111111111,0.12222222222222222,0.07777777777777778,0.03333333333333333,0.044444444444444446,0.05555555555555555,0.044444444444444446,0.03333333333333333,0.011111111111111112,0.044444444444444446,0.0,0.0,0.06666666666666667,0.08888888888888889,0.1,0.12222222222222222,0.08888888888888889,0.05555555555555555,0.05555555555555555,0.044444444444444446,0.022222222222222223,0.011111111111111112,0.13333333333333333,0.07777777777777778,0.06666666666666667,0.05555555555555555,0.022222222222222223,0.03333333333333333,0.011111111111111112,0.16666666666666666,0.1,0.03333333333333333,0.05555555555555555,0.011111111111111112,0.0,0.022222222222222223,0.022222222222222223,0.0,0.03333333333333333,0.0,0.0,0.0,0.0,0.0,0.08968128316205708
2104-04-01,0.0,0.01098901098901099,0.054945054945054944,0.06593406593406594,0.04395604395604396,0.04395604395604396,0.15384615384615385,0.32967032967032966,0.07692307692307693,0.03296703296703297,0.03296703296703297,0.07692307692307693,0.12087912087912088,0.01098901098901099,0.24175824175824176,0.7252747252747253,0.4725274725274725,0.2087912087912088,0.18681318681318682,0.14285714285714285,0.15384615384615385,0.0989010989010989,0.0,0.989010989010989,0.8021978021978022,0.38461538461538464,0.24175824175824176,0.25274725274725274,0.1978021978021978,0.15384615384615385,0.07692307692307693,0.01098901098901099,0.978021978021978,0.9230769230769231,0.6153846153846154,0.42857142857142855,0.2087912087912088,0.18681318681318682,0.12087912087912088,0.03296703296703297,0.0,0.6593406593406593,0.967032967032967,0.8901098901098901,0.7692307692307693,0.7142857142857143,0.4725274725274725,0.2087912087912088,0.14285714285714285,0.08791208791208792,0.0,0.5054945054945055,0.8901098901098901,0.8791208791208791,0.8791208791208791,0.7032967032967034,0.5934065934065934,0.25274725274725274,0.13186813186813187,0.0989010989010989,0.02197802197802198,0.3076923076923077,0.6483516483516484,0.6923076923076923,0.6483516483516484,0.5054945054945055,0.5164835164835165,0.25274725274725274,0.14285714285714285,0.04395604395604396,0.02197802197802198,0.03296703296703297,0.16483516483516483,0.3516483516483517,0.3516483516483517,0.37362637362637363,0.43956043956043955,0.45054945054945056,0.2087912087912088,0.04395604395604396,0.02197802197802198,0.02197802197802198,0.02197802197802198,0.07692307692307693,0.1978021978021978,0.38461538461538464,0.14285714285714285,0.15384615384615385,0.18681318681318682,0.0989010989010989,0.02197802197802198,0.02197802197802198,0.0,0.14285714285714285,0.054945054945054944,0.03296703296703297,0.04395604395604396,0.06593406593406594,0.0989010989010989,0.03296703296703297,0.06593406593406594,0.01098901098901099,0.02197802197802198,0.02197802197802198,0.01098901098901099,0.0,0.06593406593406594,0.08791208791208792,0.12087912087912088,0.16483516483516483,0.13186813186813187,0.0989010989010989,0.07692307692307693,0.054945054945054944,0.04395604395604396,0.06593406593406594,0.02197802197802198,0.03296703296703297,0.0,0.18681318681318682,0.16483516483516483,0.17582417582417584,0.08791208791208792,0.08791208791208792,0.17582417582417584,0.15384615384615385,0.13186813186813187,0.054945054945054944,0.03296703296703297,0.02197802197802198,0.02197802197802198,0.04395604395604396,0.12087912087912088,0.14285714285714285,0.10989010989010989,0.07692307692307693,0.1978021978021978,0.18681318681318682,0.17582417582417584,0.12087912087912088,0.054945054945054944,0.02197802197802198,0.23076923076923078,0.27472527472527475,0.10989010989010989,0.18681318681318682,0.2087912087912088,0.3956043956043956,0.3516483516483517,0.27472527472527475,0.10989010989010989,0.07692307692307693,0.02197802197802198,0.2087912087912088,0.24175824175824176,0.21978021978021978,0.26373626373626374,0.4065934065934066,0.3956043956043956,0.37362637362637363,0.3516483516483517,0.18681318681318682,0.08791208791208792,0.054945054945054944,0.13186813186813187,0.1978021978021978,0.3626373626373626,0.42857142857142855,0.3626373626373626,0.4725274725274725,0.34065934065934067,0.26373626373626374,0.17582417582417584,0.08791208791208792,0.01098901098901099,0.04395604395604396,0.2087912087912088,0.1978021978021978,0.18681318681318682,0.3626373626373626,0.3076923076923077,0.34065934065934067,0.46153846153846156,0.3956043956043956,0.2857142857142857,0.23076923076923078,0.08791208791208792,0.03296703296703297,0.07692307692307693,0.0989010989010989,0.23076923076923078,0.2967032967032967,0.24175824175824176,0.3956043956043956,0.45054945054945056,0.3956043956043956,0.3076923076923077,0.2967032967032967,0.12087912087912088,0.25274725274725274,0.3956043956043956,0.3626373626373626,0.2087912087912088,0.14285714285714285,0.10989010989010989,0.21978021978021978,0.25274725274725274,0.3626373626373626,0.2087912087912088,0.0989010989010989,0.31868131868131866,0.2087912087912088,0.08791208791208792,0.25274725274725274,0.2087912087912088,0.07692307692307693,0.02197802197802198,0.04395604395604396,0.02197802197802198,0.32386487792584334
2104-07-01,0.021739130434782608,0.021739130434782608,0.08695652173913043,0.10869565217391304,0.13043478260869565,0.10869565217391304,0.09782608695652174,0.7934782608695652,0.29347826086956524,0.09782608695652174,0.11956521739130435,0.22826086956521738,0.2608695652173913,0.10869565217391304,0.6086956521739131,0.9782608695652174,0.8260869565217391,0.2391304347826087,0.07608695652173914,0.06521739130434782,0.15217391304347827,0.17391304347826086,0.09782608695652174,1.0,0.967391304347826,0.2826086956521739,0.08695652173913043,0.10869565217391304,0.07608695652173914,0.13043478260869565,0.17391304347826086,0.07608695652173914,1.0,0.8913043478260869,0.4673913043478261,0.14130434782608695,0.08695652173913043,0.07608695652173914,0.22826086956521738,0.18478260869565216,0.03260869565217391,0.782608695652174,0.9239130434782609,0.5434782608695652,0.5543478260869565,0.4782608695652174,0.43478260869565216,0.10869565217391304,0.043478260869565216,0.07608695652173914,0.010869565217391304,0.532608695652174,0.6956521739130435,0.5434782608695652,0.5652173913043478,0.2826086956521739,0.5434782608695652,0.13043478260869565,0.043478260869565216,0.043478260869565216,0.03260869565217391,0.21739130434782608,0.45652173913043476,0.4891304347826087,0.43478260869565216,0.13043478260869565,0.3695652173913043,0.11956521739130435,0.14130434782608695,0.10869565217391304,0.0,0.021739130434782608,0.07608695652173914,0.22826086956521738,0.2717391304347826,0.18478260869565216,0.41304347826086957,0.40217391304347827,0.29347826086956524,0.21739130434782608,0.08695652173913043,0.03260869565217391,0.043478260869565216,0.08695652173913043,0.16304347826086957,0.6956521739130435,0.31521739130434784,0.13043478260869565,0.22826086956521738,0.1956521739130435,0.14130434782608695,0.08695652173913043,0.05434782608695652,0.03260869565217391,0.043478260869565216,0.06521739130434782,0.16304347826086957,0.14130434782608695,0.5,0.34782608695652173,0.25,0.18478260869565216,0.14130434782608695,0.14130434782608695,0.11956521739130435,0.06521739130434782,0.03260869565217391,0.043478260869565216,0.13043478260869565,0.30434782608695654,0.41304347826086957,0.5543478260869565,0.5869565217391305,0.5652173913043478,0.32608695652173914,0.2391304347826087,0.14130434782608695,0.14130434782608695,0.11956521739130435,0.2391304347826087,0.34782608695652173,0.5543478260869565,0.45652173913043476,0.6521739130434783,0.717391304347826,0.45652173913043476,0.2717391304347826,0.22826086956521738,0.17391304347826086,0.08695652173913043,0.010869565217391304,0.06521739130434782,0.3695652173913043,0.40217391304347827,0.5108695652173914,0.32608695652173914,0.5869565217391305,0.44565217391304346,0.358695652173913,0.33695652173913043,0.21739130434782608,0.08695652173913043,0.07608695652173914,0.33695652173913043,0.29347826086956524,0.4891304347826087,0.5978260869565217,0.8804347826086957,0.7065217391304348,0.532608695652174,0.2826086956521739,0.18478260869565216,0.08695652173913043,0.043478260869565216,0.41304347826086957,0.5869565217391305,0.4891304347826087,0.8804347826086957,0.8804347826086957,0.7608695652173914,0.6847826086956522,0.3804347826086957,0.20652173913043478,0.09782608695652174,0.010869565217391304,0.15217391304347827,0.8369565217391305,0.717391304347826,0.5543478260869565,0.8695652173913043,0.6739130434782609,0.6086956521739131,0.29347826086956524,0.14130434782608695,0.0,0.0,0.08695652173913043,0.043478260869565216,0.09782608695652174,0.5543478260869565,0.4891304347826087,0.40217391304347827,0.8043478260869565,0.7391304347826086,0.6521739130434783,0.44565217391304346,0.15217391304347827,0.0,0.0,0.021739130434782608,0.18478260869565216,0.43478260869565216,0.3695652173913043,0.4891304347826087,0.5760869565217391,0.7717391304347826,0.6521739130434783,0.30434782608695654,0.13043478260869565,0.2717391304347826,0.6521739130434783,0.6521739130434783,0.4891304347826087,0.31521739130434784,0.021739130434782608,0.2608695652173913,0.3695652173913043,0.6847826086956522,0.5108695652173914,0.34782608695652173,0.43478260869565216,0.4673913043478261,0.32608695652173914,0.20652173913043478,0.29347826086956524,0.17391304347826086,0.06521739130434782,0.03260869565217391,0.043478260869565216,0.5268622965871511
2104-10-01,0.021739130434782608,0.010869565217391304,0.0,0.0,0.0,0.0,0.2391304347826087,0.22826086956521738,0.043478260869565216,0.021739130434782608,0.021739130434782608,0.0,0.010869565217391304,0.0,0.5978260869565217,0.32608695652173914,0.13043478260869565,0.021739130434782608,0.010869565217391304,0.010869565217391304,0.010869565217391304,0.0,0.0,0.6956521739130435,0.34782608695652173,0.07608695652173914,0.010869565217391304,0.0,0.010869565217391304,0.010869565217391304,0.010869565217391304,0.0,0.7282608695652174,0.3804347826086957,0.13043478260869565,0.0,0.0,0.0,0.0,0.0,0.0,0.11956521739130435,0.25,0.09782608695652174,0.07608695652173914,0.03260869565217391,0.0,0.0,0.0,0.0,0.0,0.09782608695652174,0.16304347826086957,0.10869565217391304,0.05434782608695652,0.010869565217391304,0.0,0.0,0.0,0.0,0.0,0.09782608695652174,0.08695652173913043,0.06521739130434782,0.03260869565217391,0.0,0.0,0.0,0.0,0.0,0.0,0.17391304347826086,0.15217391304347827,0.043478260869565216,0.021739130434782608,0.0,0.03260869565217391,0.0,0.0,0.0,0.0,0.0,0.22826086956521738,0.18478260869565216,0.11956521739130435,0.10869565217391304,0.03260869565217391,0.0,0.0,0.0,0.0,0.0,0.0,0.15217391304347827,0.22826086956521738,0.25,0.21739130434782608,0.14130434782608695,0.17391304347826086,0.06521739130434782,0.010869565217391304,0.0,0.0,0.0,0.0,0.0,0.16304347826086957,0.30434782608695654,0.2717391304347826,0.25,0.21739130434782608,0.20652173913043478,0.13043478260869565,0.08695652173913043,0.010869565217391304,0.010869565217391304,0.0,0.0,0.0,0.21739130434782608,0.22826086956521738,0.25,0.18478260869565216,0.14130434782608695,0.13043478260869565,0.09782608695652174,0.021739130434782608,0.0,0.0,0.0,0.0,0.15217391304347827,0.22826086956521738,0.21739130434782608,0.15217391304347827,0.10869565217391304,0.06521739130434782,0.07608695652173914,0.06521739130434782,0.021739130434782608,0.0,0.0,0.11956521739130435,0.11956521739130435,0.13043478260869565,0.16304347826086957,0.17391304347826086,0.11956521739130435,0.08695652173913043,0.08695652173913043,0.03260869565217391,0.0,0.0,0.13043478260869565,0.10869565217391304,0.21739130434782608,0.18478260869565216,0.29347826086956524,0.18478260869565216,0.13043478260869565,0.08695652173913043,0.010869565217391304,0.0,0.0,0.06521739130434782,0.10869565217391304,0.25,0.22826086956521738,0.5217391304347826,0.25,0.17391304347826086,0.08695652173913043,0.021739130434782608,0.0,0.0,0.0,0.0,0.021739130434782608,0.06521739130434782,0.13043478260869565,0.14130434782608695,0.1956521739130435,0.14130434782608695,0.09782608695652174,0.09782608695652174,0.03260869565217391,0.0,0.0,0.0,0.03260869565217391,0.08695652173913043,0.08695652173913043,0.03260869565217391,0.05434782608695652,0.09782608695652174,0.09782608695652174,0.10869565217391304,0.09782608695652174,0.03260869565217391,0.010869565217391304,0.2717391304347826,0.08695652173913043,0.06521739130434782,0.0,0.010869565217391304,0.043478260869565216,0.03260869565217391,0.11956521739130435,0.05434782608695652,0.0,0.06521739130434782,0.043478260869565216,0.021739130434782608,0.05434782608695652,0.03260869565217391,0.010869565217391304,0.0,0.010869565217391304,0.0,0.14752729357400632
2105-01-01,0.011111111111111112,0.022222222222222223,0.03333333333333333,0.03333333333333333,0.044444444444444446,0.044444444444444446,0.13333333333333333,0.044444444444444446,0.0,0.0,0.0,0.0,0.0,0.0,0.5666666666666667,0.16666666666666666,0.03333333333333333,0.044444444444444446,0.0,0.0,0.0,0.0,0.022222222222222223,0.8333333333333334,0.3,0.044444444444444446,0.03333333333333333,0.011111111111111112,0.0,0.011111111111111112,0.022222222222222223,0.022222222222222223,0.8222222222222222,0.6,0.1111111111111111,0.03333333333333333,0.022222222222222223,0.05555555555555555,0.044444444444444446,0.022222222222222223,0.022222222222222223,0.1111111111111111,0.18888888888888888,0.07777777777777778,0.13333333333333333,0.08888888888888889,0.05555555555555555,0.1,0.07777777777777778,0.05555555555555555,0.03333333333333333,0.1,0.1111111111111111,0.08888888888888889,0.1,0.1111111111111111,0.14444444444444443,0.12222222222222222,0.08888888888888889,0.044444444444444446,0.011111111111111112,0.05555555555555555,0.05555555555555555,0.07777777777777778,0.1,0.16666666666666666,0.16666666666666666,0.1,0.03333333333333333,0.011111111111111112,0.0,0.044444444444444446,0.05555555555555555,0.07777777777777778,0.1,0.07777777777777778,0.1111111111111111,0.1111111111111111,0.03333333333333333,0.022222222222222223,0.011111111111111112,0.0,0.044444444444444446,0.07777777777777778,0.05555555555555555,0.044444444444444446,0.03333333333333333,0.05555555555555555,0.044444444444444446,0.0,0.0,0.011111111111111112,0.0,0.022222222222222223,0.03333333333333333,0.044444444444444446,0.03333333333333333,0.022222222222222223,0.022222222222222223,0.0,0.022222222222222223,0.0,0.0,0.0,0.0,0.0,0.022222222222222223,0.03333333333333333,0.07777777777777778,0.07777777777777778,0.0,0.0,0.0,0.011111111111111112,0.0,0.0,0.0,0.0,0.0,0.06666666666666667,0.03333333333333333,0.044444444444444446,0.022222222222222223,0.011111111111111112,0.011111111111111112,0.0,0.011111111111111112,0.0,0.0,0.0,0.0,0.022222222222222223,0.022222222222222223,0.03333333333333333,0.03333333333333333,0.022222222222222223,0.0,0.0,0.011111111111111112,0.011111111111111112,0.0,0.0,0.044444444444444446,0.022222222222222223,0.011111111111111112,0.022222222222222223,0.03333333333333333,0.044444444444444446,0.022222222222222223,0.03333333333333333,0.011111111111111112,0.011111111111111112,0.0,0.06666666666666667,0.1111111111111111,0.022222222222222223,0.044444444444444446,0.044444444444444446,0.06666666666666667,0.06666666666666667,0.03333333333333333,0.0,0.0,0.0,0.05555555555555555,0.044444444444444446,0.044444444444444446,0.05555555555555555,0.044444444444444446,0.05555555555555555,0.06666666666666667,0.044444444444444446,0.0,0.0,0.05555555555555555,0.08888888888888889,0.08888888888888889,0.044444444444444446,0.022222222222222223,0.05555555555555555,0.05555555555555555,0.03333333333333333,0.011111111111111112,0.044444444444444446,0.03333333333333333,0.0,0.0,0.07777777777777778,0.08888888888888889,0.08888888888888889,0.07777777777777778,0.06666666666666667,0.044444444444444446,0.03333333333333333,0.011111111111111112,0.0,0.022222222222222223,0.1,0.022222222222222223,0.011111111111111112,0.022222222222222223,0.0,0.011111111111111112,0.0,0.044444444444444446,0.022222222222222223,0.011111111111111112,0.06666666666666667,0.0,0.0,0.0,0.022222222222222223,0.0,0.011111111111111112,0.0,0.0,0.0,0.0,0.0,0.0838080806530141
2105-04-01,0.0,0.0,0.0,0.0,0.02197802197802198,0.0,0.14285714285714285,0.37362637362637363,0.07692307692307693,0.03296703296703297,0.03296703296703297,0.01098901098901099,0.01098901098901099,0.0,0.27472527472527475,0.6043956043956044,0.5274725274725275,0.21978021978021978,0.0989010989010989,0.04395604395604396,0.06593406593406594,0.03296703296703297,0.0,1.0,0.8241758241758241,0.42857142857142855,0.31868131868131866,0.16483516483516483,0.14285714285714285,0.0989010989010989,0.04395604395604396,0.0,1.0,0.8901098901098901,0.6263736263736264,0.34065934065934067,0.17582417582417584,0.13186813186813187,0.07692307692307693,0.0,0.0,0.6923076923076923,0.945054945054945,0.8351648351648352,0.7362637362637363,0.5934065934065934,0.4065934065934066,0.2087912087912088,0.12087912087912088,0.04395604395604396,0.0,0.5054945054945055,0.8351648351648352,0.7252747252747253,0.7802197802197802,0.6153846153846154,0.6043956043956044,0.31868131868131866,0.1978021978021978,0.04395604395604396,0.0,0.2967032967032967,0.6593406593406593,0.6813186813186813,0.7472527472527473,0.5384615384615384,0.5054945054945055,0.2967032967032967,0.17582417582417584,0.07692307692307693,0.0,0.01098901098901099,0.1978021978021978,0.43956043956043955,0.4945054945054945,0.46153846153846156,0.5384615384615384,0.45054945054945056,0.2857142857142857,0.10989010989010989,0.054945054945054944,0.0,0.054945054945054944,0.10989010989010989,0.31868131868131866,0.5714285714285714,0.34065934065934067,0.2967032967032967,0.31868131868131866,0.1978021978021978,0.08791208791208792,0.02197802197802198,0.0,0.16483516483516483,0.10989010989010989,0.13186813186813187,0.10989010989010989,0.17582417582417584,0.21978021978021978,0.17582417582417584,0.10989010989010989,0.14285714285714285,0.12087912087912088,0.0989010989010989,0.06593406593406594,0.02197802197802198,0.0989010989010989,0.15384615384615385,0.21978021978021978,0.27472527472527475,0.25274725274725274,0.23076923076923078,0.26373626373626374,0.1978021978021978,0.0989010989010989,0.15384615384615385,0.13186813186813187,0.12087912087912088,0.054945054945054944,0.24175824175824176,0.2087912087912088,0.31868131868131866,0.2087912087912088,0.2857142857142857,0.34065934065934067,0.25274725274725274,0.23076923076923078,0.21978021978021978,0.12087912087912088,0.06593406593406594,0.01098901098901099,0.14285714285714285,0.2087912087912088,0.21978021978021978,0.1978021978021978,0.17582417582417584,0.2087912087912088,0.2087912087912088,0.21978021978021978,0.2857142857142857,0.16483516483516483,0.054945054945054944,0.23076923076923078,0.25274725274725274,0.15384615384615385,0.24175824175824176,0.2857142857142857,0.45054945054945056,0.3956043956043956,0.3516483516483517,0.26373626373626374,0.17582417582417584,0.04395604395604396,0.17582417582417584,0.23076923076923078,0.23076923076923078,0.2087912087912088,0.4835164835164835,0.5604395604395604,0.4835164835164835,0.45054945054945056,0.2967032967032967,0.15384615384615385,0.08791208791208792,0.14285714285714285,0.16483516483516483,0.34065934065934067,0.43956043956043955,0.37362637362637363,0.5054945054945055,0.4065934065934066,0.34065934065934067,0.25274725274725274,0.12087912087912088,0.13186813186813187,0.0989010989010989,0.13186813186813187,0.21978021978021978,0.10989010989010989,0.27472527472527475,0.31868131868131866,0.31868131868131866,0.5274725274725275,0.4175824175824176,0.4065934065934066,0.37362637362637363,0.17582417582417584,0.0989010989010989,0.08791208791208792,0.13186813186813187,0.1978021978021978,0.26373626373626374,0.3516483516483517,0.4065934065934066,0.4065934065934066,0.4725274725274725,0.38461538461538464,0.25274725274725274,0.16483516483516483,0.26373626373626374,0.4835164835164835,0.4065934065934066,0.2857142857142857,0.26373626373626374,0.18681318681318682,0.26373626373626374,0.2967032967032967,0.4945054945054945,0.32967032967032966,0.25274725274725274,0.34065934065934067,0.34065934065934067,0.21978021978021978,0.31868131868131866,0.2857142857142857,0.18681318681318682,0.12087912087912088,0.10989010989010989,0.07692307692307693,0.37853848075981933
2105-07-01,0.0,0.0,0.0,0.0,0.0,0.03260869565217391,0.21739130434782608,0.6304347826086957,0.22826086956521738,0.043478260869565216,0.07608695652173914,0.14130434782608695,0.15217391304347827,0.03260869565217391,0.34782608695652173,0.9347826086956522,0.717391304347826,0.30434782608695654,0.10869565217391304,0.14130434782608695,0.22826086956521738,0.14130434782608695,0.03260869565217391,1.0,0.967391304347826,0.33695652173913043,0.08695652173913043,0.08695652173913043,0.13043478260869565,0.17391304347826086,0.17391304347826086,0.043478260869565216,0.9565217391304348,0.8586956521739131,0.358695652173913,0.06521739130434782,0.043478260869565216,0.08695652173913043,0.2826086956521739,0.20652173913043478,0.043478260869565216,0.6847826086956522,0.8586956521739131,0.5434782608695652,0.43478260869565216,0.40217391304347827,0.2826086956521739,0.11956521739130435,0.07608695652173914,0.06521739130434782,0.010869565217391304,0.5869565217391305,0.6847826086956522,0.5,0.4782608695652174,0.44565217391304346,0.4673913043478261,0.13043478260869565,0.010869565217391304,0.03260869565217391,0.010869565217391304,0.3804347826086957,0.532608695652174,0.5217391304347826,0.5543478260869565,0.32608695652173914,0.5108695652173914,0.13043478260869565,0.021739130434782608,0.021739130434782608,0.0,0.03260869565217391,0.021739130434782608,0.21739130434782608,0.358695652173913,0.41304347826086957,0.5869565217391305,0.4673913043478261,0.18478260869565216,0.043478260869565216,0.021739130434782608,0.0,0.03260869565217391,0.0,0.05434782608695652,0.6195652173913043,0.33695652173913043,0.17391304347826086,0.15217391304347827,0.03260869565217391,0.010869565217391304,0.0,0.0,0.03260869565217391,0.043478260869565216,0.07608695652173914,0.010869565217391304,0.021739130434782608,0.2391304347826087,0.16304347826086957,0.10869565217391304,0.08695652173913043,0.043478260869565216,0.021739130434782608,0.0,0.03260869565217391,0.03260869565217391,0.043478260869565216,0.11956521739130435,0.16304347826086957,0.14130434782608695,0.2608695652173913,0.42391304347826086,0.41304347826086957,0.1956521739130435,0.10869565217391304,0.021739130434782608,0.0,0.010869565217391304,0.11956521739130435,0.10869565217391304,0.43478260869565216,0.30434782608695654,0.44565217391304346,0.6195652173913043,0.44565217391304346,0.21739130434782608,0.11956521739130435,0.05434782608695652,0.03260869565217391,0.0,0.0,0.14130434782608695,0.13043478260869565,0.20652173913043478,0.18478260869565216,0.4673913043478261,0.4782608695652174,0.358695652173913,0.2826086956521739,0.09782608695652174,0.010869565217391304,0.021739130434782608,0.07608695652173914,0.021739130434782608,0.20652173913043478,0.358695652173913,0.8369565217391305,0.7282608695652174,0.45652173913043476,0.25,0.03260869565217391,0.021739130434782608,0.010869565217391304,0.08695652173913043,0.1956521739130435,0.20652173913043478,0.7282608695652174,0.7717391304347826,0.782608695652174,0.6195652173913043,0.3804347826086957,0.11956521739130435,0.05434782608695652,0.021739130434782608,0.03260869565217391,0.4673913043478261,0.5217391304347826,0.41304347826086957,0.7282608695652174,0.6739130434782609,0.5869565217391305,0.2391304347826087,0.06521739130434782,0.021739130434782608,0.021739130434782608,0.05434782608695652,0.20652173913043478,0.06521739130434782,0.3804347826086957,0.3695652173913043,0.32608695652173914,0.7065217391304348,0.6521739130434783,0.6630434782608695,0.40217391304347827,0.14130434782608695,0.021739130434782608,0.010869565217391304,0.05434782608695652,0.08695652173913043,0.34782608695652173,0.391304347826087,0.4673913043478261,0.5760869565217391,0.7282608695652174,0.6521739130434783,0.29347826086956524,0.22826086956521738,0.3695652173913043,0.5869565217391305,0.6413043478260869,0.3695652173913043,0.21739130434782608,0.20652173913043478,0.32608695652173914,0.44565217391304346,0.717391304347826,0.45652173913043476,0.1956521739130435,0.5108695652173914,0.43478260869565216,0.21739130434782608,0.2826086956521739,0.2826086956521739,0.11956521739130435,0.08695652173913043,0.06521739130434782,0.03260869565217391,0.46751136235153157
2105-10-01,0.021739130434782608,0.0,0.0,0.0,0.0,0.0,0.09782608695652174,0.11956521739130435,0.03260869565217391,0.021739130434782608,0.0,0.0,0.0,0.0,0.4782608695652174,0.2608695652173913,0.14130434782608695,0.03260869565217391,0.021739130434782608,0.010869565217391304,0.0,0.0,0.0,0.7934782608695652,0.34782608695652173,0.06521739130434782,0.010869565217391304,0.021739130434782608,0.010869565217391304,0.0,0.0,0.0,0.8043478260869565,0.6195652173913043,0.14130434782608695,0.021739130434782608,0.010869565217391304,0.010869565217391304,0.0,0.0,0.0,0.07608695652173914,0.2826086956521739,0.06521739130434782,0.021739130434782608,0.010869565217391304,0.0,0.0,0.0,0.0,0.0,0.010869565217391304,0.07608695652173914,0.05434782608695652,0.010869565217391304,0.0,0.0,0.0,0.0,0.0,0.0,0.021739130434782608,0.03260869565217391,0.021739130434782608,0.021739130434782608,0.0,0.0,0.0,0.0,0.0,0.0,0.08695652173913043,0.06521739130434782,0.0,0.0,0.0,0.021739130434782608,0.010869565217391304,0.0,0.0,0.0,0.0,0.1956521739130435,0.09782608695652174,0.043478260869565216,0.05434782608695652,0.010869565217391304,0.0,0.0,0.0,0.0,0.0,0.0,0.08695652173913043,0.13043478260869565,0.2608695652173913,0.15217391304347827,0.10869565217391304,0.13043478260869565,0.03260869565217391,0.010869565217391304,0.0,0.0,0.0,0.0,0.0,0.13043478260869565,0.30434782608695654,0.33695652173913043,0.32608695652173914,0.18478260869565216,0.1956521739130435,0.14130434782608695,0.07608695652173914,0.021739130434782608,0.0,0.0,0.0,0.0,0.2826086956521739,0.2717391304347826,0.2717391304347826,0.22826086956521738,0.18478260869565216,0.18478260869565216,0.09782608695652174,0.03260869565217391,0.0,0.0,0.0,0.0,0.2391304347826087,0.2717391304347826,0.2717391304347826,0.20652173913043478,0.10869565217391304,0.11956521739130435,0.09782608695652174,0.06521739130434782,0.010869565217391304,0.0,0.0,0.22826086956521738,0.20652173913043478,0.11956521739130435,0.17391304347826086,0.13043478260869565,0.18478260869565216,0.15217391304347827,0.06521739130434782,0.010869565217391304,0.0,0.0,0.09782608695652174,0.1956521739130435,0.22826086956521738,0.16304347826086957,0.21739130434782608,0.16304347826086957,0.16304347826086957,0.09782608695652174,0.043478260869565216,0.0,0.0,0.043478260869565216,0.09782608695652174,0.2717391304347826,0.30434782608695654,0.532608695652174,0.2717391304347826,0.17391304347826086,0.10869565217391304,0.03260869565217391,0.0,0.021739130434782608,0.05434782608695652,0.03260869565217391,0.021739130434782608,0.07608695652173914,0.13043478260869565,0.22826086956521738,0.32608695652173914,0.17391304347826086,0.14130434782608695,0.13043478260869565,0.03260869565217391,0.0,0.03260869565217391,0.021739130434782608,0.043478260869565216,0.14130434782608695,0.11956521739130435,0.010869565217391304,0.08695652173913043,0.14130434782608695,0.14130434782608695,0.08695652173913043,0.10869565217391304,0.0,0.043478260869565216,0.31521739130434784,0.10869565217391304,0.05434782608695652,0.010869565217391304,0.0,0.043478260869565216,0.021739130434782608,0.15217391304347827,0.05434782608695652,0.010869565217391304,0.06521739130434782,0.08695652173913043,0.010869565217391304,0.03260869565217391,0.043478260869565216,0.010869565217391304,0.0,0.0,0.0,0.16704824750637412
2106-01-01,0.06666666666666667,0.022222222222222223,0.05555555555555555,0.044444444444444446,0.011111111111111112,0.0,0.05555555555555555,0.07777777777777778,0.011111111111111112,0.0,0.05555555555555555,0.05555555555555555,0.011111111111111112,0.0,0.3333333333333333,0.1,0.044444444444444446,0.022222222222222223,0.044444444444444446,0.05555555555555555,0.044444444444444446,0.022222222222222223,0.0,0.5888888888888889,0.25555555555555554,0.011111111111111112,0.011111111111111112,0.07777777777777778,0.1,0.05555555555555555,0.022222222222222223,0.0,0.5888888888888889,0.4888888888888889,0.07777777777777778,0.011111111111111112,0.07777777777777778,0.1111111111111111,0.05555555555555555,0.022222222222222223,0.0,0.1,0.18888888888888888,0.07777777777777778,0.044444444444444446,0.044444444444444446,0.1111111111111111,0.1,0.05555555555555555,0.022222222222222223,0.0,0.07777777777777778,0.14444444444444443,0.07777777777777778,0.05555555555555555,0.03333333333333333,0.1111111111111111,0.06666666666666667,0.05555555555555555,0.03333333333333333,0.0,0.06666666666666667,0.1111111111111111,0.1111111111111111,0.06666666666666667,0.06666666666666667,0.14444444444444443,0.12222222222222222,0.06666666666666667,0.011111111111111112,0.0,0.0,0.044444444444444446,0.011111111111111112,0.03333333333333333,0.022222222222222223,0.022222222222222223,0.03333333333333333,0.06666666666666667,0.022222222222222223,0.0,0.0,0.0,0.0,0.0,0.0,0.0,0.0,0.022222222222222223,0.022222222222222223,0.0,0.0,0.0,0.0,0.0,0.0,0.0,0.0,0.0,0.0,0.0,0.0,0.0,0.0,0.0,0.0,0.0,0.0,0.0,0.0,0.0,0.0,0.0,0.0,0.0,0.0,0.0,0.0,0.0,0.0,0.0,0.0,0.0,0.011111111111111112,0.022222222222222223,0.0,0.0,0.011111111111111112,0.0,0.0,0.0,0.011111111111111112,0.0,0.0,0.0,0.0,0.0,0.011111111111111112,0.011111111111111112,0.03333333333333333,0.011111111111111112,0.0,0.03333333333333333,0.0,0.0,0.0,0.011111111111111112,0.011111111111111112,0.0,0.03333333333333333,0.022222222222222223,0.0,0.0,0.0,0.1,0.0,0.0,0.0,0.011111111111111112,0.05555555555555555,0.022222222222222223,0.0,0.0,0.0,0.0,0.0,0.011111111111111112,0.0,0.0,0.011111111111111112,0.03333333333333333,0.022222222222222223,0.0,0.0,0.022222222222222223,0.05555555555555555,0.08888888888888889,0.011111111111111112,0.0,0.0,0.0,0.0,0.0,0.022222222222222223,0.0,0.0,0.0,0.044444444444444446,0.05555555555555555,0.05555555555555555,0.05555555555555555,0.011111111111111112,0.0,0.011111111111111112,0.0,0.0,0.0,0.044444444444444446,0.0,0.0,0.022222222222222223,0.0,0.0,0.0,0.022222222222222223,0.0,0.0,0.07777777777777778,0.011111111111111112,0.0,0.0,0.044444444444444446,0.0,0.0,0.0,0.0,0.0,0.0,0.0,0.0583742562418315
2106-04-01,0.03296703296703297,0.01098901098901099,0.01098901098901099,0.03296703296703297,0.02197802197802198,0.01098901098901099,0.10989010989010989,0.31868131868131866,0.054945054945054944,0.03296703296703297,0.0,0.02197802197802198,0.02197802197802198,0.02197802197802198,0.2967032967032967,0.6043956043956044,0.27472527472527475,0.13186813186813187,0.04395604395604396,0.03296703296703297,0.04395604395604396,0.0,0.0,0.9230769230769231,0.8021978021978022,0.31868131868131866,0.18681318681318682,0.12087912087912088,0.054945054945054944,0.02197802197802198,0.02197802197802198,0.0,0.9120879120879121,0.8901098901098901,0.6263736263736264,0.2857142857142857,0.13186813186813187,0.06593406593406594,0.06593406593406594,0.02197802197802198,0.01098901098901099,0.6373626373626373,0.9010989010989011,0.9120879120879121,0.7912087912087912,0.5714285714285714,0.3076923076923077,0.12087912087912088,0.0989010989010989,0.04395604395604396,0.0,0.5384615384615384,0.8131868131868132,0.8791208791208791,0.7472527472527473,0.6153846153846154,0.4835164835164835,0.16483516483516483,0.054945054945054944,0.02197802197802198,0.0,0.42857142857142855,0.6593406593406593,0.7472527472527473,0.7032967032967034,0.46153846153846156,0.46153846153846156,0.2087912087912088,0.054945054945054944,0.03296703296703297,0.01098901098901099,0.07692307692307693,0.2087912087912088,0.3626373626373626,0.43956043956043955,0.4065934065934066,0.42857142857142855,0.3516483516483517,0.15384615384615385,0.07692307692307693,0.02197802197802198,0.01098901098901099,0.08791208791208792,0.15384615384615385,0.3076923076923077,0.4835164835164835,0.23076923076923078,0.18681318681318682,0.18681318681318682,0.10989010989010989,0.03296703296703297,0.0,0.0,0.12087912087912088,0.0989010989010989,0.0989010989010989,0.13186813186813187,0.16483516483516483,0.17582417582417584,0.12087912087912088,0.0989010989010989,0.07692307692307693,0.08791208791208792,0.02197802197802198,0.01098901098901099,0.0,0.10989010989010989,0.15384615384615385,0.24175824175824176,0.2087912087912088,0.18681318681318682,0.12087912087912088,0.16483516483516483,0.12087912087912088,0.0989010989010989,0.0989010989010989,0.054945054945054944,0.02197802197802198,0.01098901098901099,0.3076923076923077,0.17582417582417584,0.17582417582417584,0.08791208791208792,0.15384615384615385,0.13186813186813187,0.12087912087912088,0.0989010989010989,0.10989010989010989,0.04395604395604396,0.01098901098901099,0.0,0.06593406593406594,0.14285714285714285,0.07692307692307693,0.08791208791208792,0.13186813186813187,0.17582417582417584,0.0989010989010989,0.13186813186813187,0.0989010989010989,0.07692307692307693,0.01098901098901099,0.18681318681318682,0.21978021978021978,0.08791208791208792,0.12087912087912088,0.16483516483516483,0.25274725274725274,0.18681318681318682,0.18681318681318682,0.10989010989010989,0.06593406593406594,0.01098901098901099,0.0989010989010989,0.15384615384615385,0.2087912087912088,0.13186813186813187,0.21978021978021978,0.27472527472527475,0.2967032967032967,0.3516483516483517,0.23076923076923078,0.08791208791208792,0.03296703296703297,0.03296703296703297,0.07692307692307693,0.27472527472527475,0.26373626373626374,0.18681318681318682,0.27472527472527475,0.21978021978021978,0.2857142857142857,0.10989010989010989,0.07692307692307693,0.01098901098901099,0.054945054945054944,0.10989010989010989,0.14285714285714285,0.02197802197802198,0.18681318681318682,0.17582417582417584,0.16483516483516483,0.3626373626373626,0.26373626373626374,0.37362637362637363,0.2857142857142857,0.12087912087912088,0.03296703296703297,0.06593406593406594,0.07692307692307693,0.12087912087912088,0.17582417582417584,0.23076923076923078,0.3076923076923077,0.2857142857142857,0.38461538461538464,0.38461538461538464,0.23076923076923078,0.0989010989010989,0.21978021978021978,0.4175824175824176,0.2857142857142857,0.26373626373626374,0.14285714285714285,0.16483516483516483,0.31868131868131866,0.4065934065934066,0.43956043956043955,0.27472527472527475,0.15384615384615385,0.34065934065934067,0.3626373626373626,0.16483516483516483,0.2857142857142857,0.3516483516483517,0.16483516483516483,0.04395604395604396,0.0989010989010989,0.01098901098901099,0.30581221554040516
2106-07-01,0.010869565217391304,0.03260869565217391,0.043478260869565216,0.043478260869565216,0.13043478260869565,0.043478260869565216,0.07608695652173914,0.6086956521739131,0.22826086956521738,0.08695652173913043,0.043478260869565216,0.07608695652173914,0.05434782608695652,0.010869565217391304,0.29347826086956524,0.9130434782608695,0.7065217391304348,0.25,0.07608695652173914,0.043478260869565216,0.07608695652173914,0.021739130434782608,0.0,1.0,0.9456521739130435,0.2391304347826087,0.13043478260869565,0.09782608695652174,0.05434782608695652,0.06521739130434782,0.06521739130434782,0.0,0.9565217391304348,0.8478260869565217,0.41304347826086957,0.1956521739130435,0.07608695652173914,0.043478260869565216,0.16304347826086957,0.16304347826086957,0.021739130434782608,0.6086956521739131,0.8260869565217391,0.5760869565217391,0.41304347826086957,0.31521739130434784,0.29347826086956524,0.09782608695652174,0.0,0.010869565217391304,0.0,0.33695652173913043,0.532608695652174,0.45652173913043476,0.42391304347826086,0.2717391304347826,0.3804347826086957,0.13043478260869565,0.0,0.010869565217391304,0.0,0.20652173913043478,0.34782608695652173,0.33695652173913043,0.3804347826086957,0.13043478260869565,0.34782608695652173,0.07608695652173914,0.03260869565217391,0.0,0.0,0.0,0.0,0.07608695652173914,0.17391304347826086,0.05434782608695652,0.33695652173913043,0.2717391304347826,0.07608695652173914,0.0,0.0,0.0,0.0,0.010869565217391304,0.06521739130434782,0.42391304347826086,0.043478260869565216,0.010869565217391304,0.021739130434782608,0.0,0.0,0.0,0.0,0.0,0.0,0.0,0.06521739130434782,0.021739130434782608,0.2391304347826087,0.07608695652173914,0.043478260869565216,0.021739130434782608,0.0,0.0,0.0,0.0,0.0,0.0,0.021739130434782608,0.10869565217391304,0.18478260869565216,0.2608695652173913,0.2826086956521739,0.1956521739130435,0.06521739130434782,0.043478260869565216,0.043478260869565216,0.03260869565217391,0.0,0.06521739130434782,0.16304347826086957,0.29347826086956524,0.2608695652173913,0.30434782608695654,0.41304347826086957,0.2391304347826087,0.07608695652173914,0.03260869565217391,0.010869565217391304,0.0,0.0,0.043478260869565216,0.13043478260869565,0.2608695652173913,0.30434782608695654,0.18478260869565216,0.29347826086956524,0.29347826086956524,0.18478260869565216,0.20652173913043478,0.05434782608695652,0.0,0.08695652173913043,0.11956521739130435,0.17391304347826086,0.34782608695652173,0.42391304347826086,0.6956521739130435,0.4673913043478261,0.3695652173913043,0.16304347826086957,0.03260869565217391,0.010869565217391304,0.05434782608695652,0.20652173913043478,0.34782608695652173,0.33695652173913043,0.6630434782608695,0.8260869565217391,0.6956521739130435,0.6304347826086957,0.31521739130434784,0.07608695652173914,0.021739130434782608,0.06521739130434782,0.13043478260869565,0.5543478260869565,0.6195652173913043,0.5217391304347826,0.7934782608695652,0.6413043478260869,0.5217391304347826,0.17391304347826086,0.043478260869565216,0.05434782608695652,0.06521739130434782,0.14130434782608695,0.09782608695652174,0.14130434782608695,0.40217391304347827,0.4673913043478261,0.358695652173913,0.75,0.717391304347826,0.6195652173913043,0.5,0.07608695652173914,0.06521739130434782,0.06521739130434782,0.07608695652173914,0.07608695652173914,0.41304347826086957,0.3804347826086957,0.4782608695652174,0.5652173913043478,0.75,0.6304347826086957,0.2391304347826087,0.21739130434782608,0.2826086956521739,0.532608695652174,0.5760869565217391,0.41304347826086957,0.30434782608695654,0.07608695652173914,0.21739130434782608,0.31521739130434784,0.5978260869565217,0.42391304347826086,0.2608695652173913,0.44565217391304346,0.44565217391304346,0.20652173913043478,0.22826086956521738,0.2608695652173913,0.13043478260869565,0.03260869565217391,0.03260869565217391,0.0,0.44015988831719866
2106-10-01,0.043478260869565216,0.010869565217391304,0.0,0.0,0.0,0.0,0.18478260869565216,0.16304347826086957,0.03260869565217391,0.021739130434782608,0.0,0.0,0.0,0.0,0.5217391304347826,0.2717391304347826,0.08695652173913043,0.010869565217391304,0.010869565217391304,0.010869565217391304,0.0,0.0,0.0,0.7391304347826086,0.31521739130434784,0.08695652173913043,0.03260869565217391,0.0,0.0,0.0,0.0,0.0,0.782608695652174,0.4673913043478261,0.043478260869565216,0.010869565217391304,0.0,0.0,0.0,0.0,0.0,0.010869565217391304,0.14130434782608695,0.03260869565217391,0.010869565217391304,0.0,0.0,0.0,0.0,0.0,0.0,0.0,0.021739130434782608,0.03260869565217391,0.021739130434782608,0.0,0.0,0.0,0.0,0.0,0.0,0.0,0.0,0.010869565217391304,0.010869565217391304,0.0,0.0,0.010869565217391304,0.0,0.0,0.0,0.03260869565217391,0.0,0.0,0.010869565217391304,0.010869565217391304,0.0,0.0,0.0,0.0,0.0,0.0,0.08695652173913043,0.021739130434782608,0.0,0.010869565217391304,0.0,0.0,0.0,0.0,0.0,0.0,0.0,0.03260869565217391,0.07608695652173914,0.14130434782608695,0.08695652173913043,0.0,0.05434782608695652,0.010869565217391304,0.0,0.0,0.0,0.0,0.0,0.0,0.10869565217391304,0.16304347826086957,0.1956521739130435,0.17391304347826086,0.07608695652173914,0.08695652173913043,0.08695652173913043,0.07608695652173914,0.03260869565217391,0.0,0.0,0.0,0.0,0.18478260869565216,0.16304347826086957,0.14130434782608695,0.07608695652173914,0.09782608695652174,0.07608695652173914,0.06521739130434782,0.0,0.0,0.0,0.0,0.0,0.09782608695652174,0.16304347826086957,0.13043478260869565,0.07608695652173914,0.05434782608695652,0.05434782608695652,0.043478260869565216,0.0,0.0,0.0,0.0,0.09782608695652174,0.13043478260869565,0.043478260869565216,0.09782608695652174,0.11956521739130435,0.14130434782608695,0.10869565217391304,0.03260869565217391,0.010869565217391304,0.0,0.0,0.05434782608695652,0.07608695652173914,0.14130434782608695,0.13043478260869565,0.31521739130434784,0.20652173913043478,0.11956521739130435,0.06521739130434782,0.0,0.0,0.0,0.05434782608695652,0.05434782608695652,0.2608695652173913,0.33695652173913043,0.5760869565217391,0.391304347826087,0.18478260869565216,0.07608695652173914,0.0,0.0,0.0,0.03260869565217391,0.03260869565217391,0.043478260869565216,0.021739130434782608,0.17391304347826086,0.22826086956521738,0.33695652173913043,0.11956521739130435,0.09782608695652174,0.08695652173913043,0.021739130434782608,0.0,0.0,0.010869565217391304,0.021739130434782608,0.08695652173913043,0.16304347826086957,0.06521739130434782,0.06521739130434782,0.06521739130434782,0.08695652173913043,0.06521739130434782,0.11956521739130435,0.0,0.043478260869565216,0.33695652173913043,0.07608695652173914,0.07608695652173914,0.010869565217391304,0.010869565217391304,0.010869565217391304,0.03260869565217391,0.21739130434782608,0.043478260869565216,0.010869565217391304,0.09782608695652174,0.06521739130434782,0.010869565217391304,0.021739130434782608,0.021739130434782608,0.021739130434782608,0.0,0.0,0.0,0.14872166962260233
2107-01-01,0.07777777777777778,0.06666666666666667,0.05555555555555555,0.05555555555555555,0.05555555555555555,0.044444444444444446,0.2,0.15555555555555556,0.08888888888888889,0.022222222222222223,0.0,0.022222222222222223,0.0,0.011111111111111112,0.5555555555555556,0.26666666666666666,0.2222222222222222,0.1,0.07777777777777778,0.05555555555555555,0.022222222222222223,0.011111111111111112,0.011111111111111112,0.7555555555555555,0.45555555555555555,0.2111111111111111,0.13333333333333333,0.14444444444444443,0.08888888888888889,0.022222222222222223,0.022222222222222223,0.022222222222222223,0.7111111111111111,0.5333333333333333,0.2222222222222222,0.13333333333333333,0.08888888888888889,0.07777777777777778,0.03333333333333333,0.022222222222222223,0.022222222222222223,0.13333333333333333,0.26666666666666666,0.2,0.2,0.18888888888888888,0.1,0.1,0.08888888888888889,0.03333333333333333,0.022222222222222223,0.12222222222222222,0.17777777777777778,0.2,0.15555555555555556,0.1111111111111111,0.16666666666666666,0.14444444444444443,0.1111111111111111,0.044444444444444446,0.022222222222222223,0.13333333333333333,0.16666666666666666,0.1111111111111111,0.1,0.16666666666666666,0.24444444444444444,0.2,0.06666666666666667,0.011111111111111112,0.011111111111111112,0.05555555555555555,0.08888888888888889,0.06666666666666667,0.06666666666666667,0.12222222222222222,0.08888888888888889,0.14444444444444443,0.07777777777777778,0.03333333333333333,0.011111111111111112,0.0,0.044444444444444446,0.03333333333333333,0.03333333333333333,0.03333333333333333,0.05555555555555555,0.06666666666666667,0.05555555555555555,0.022222222222222223,0.011111111111111112,0.0,0.0,0.011111111111111112,0.022222222222222223,0.03333333333333333,0.03333333333333333,0.022222222222222223,0.044444444444444446,0.03333333333333333,0.022222222222222223,0.022222222222222223,0.0,0.0,0.0,0.0,0.07777777777777778,0.08888888888888889,0.1,0.06666666666666667,0.03333333333333333,0.03333333333333333,0.044444444444444446,0.022222222222222223,0.0,0.0,0.0,0.0,0.0,0.044444444444444446,0.07777777777777778,0.03333333333333333,0.011111111111111112,0.0,0.011111111111111112,0.022222222222222223,0.011111111111111112,0.0,0.0,0.0,0.0,0.08888888888888889,0.06666666666666667,0.011111111111111112,0.0,0.0,0.011111111111111112,0.011111111111111112,0.011111111111111112,0.011111111111111112,0.0,0.0,0.13333333333333333,0.044444444444444446,0.0,0.0,0.0,0.03333333333333333,0.011111111111111112,0.022222222222222223,0.022222222222222223,0.0,0.0,0.08888888888888889,0.15555555555555556,0.022222222222222223,0.011111111111111112,0.011111111111111112,0.0,0.07777777777777778,0.06666666666666667,0.011111111111111112,0.0,0.0,0.08888888888888889,0.05555555555555555,0.044444444444444446,0.011111111111111112,0.0,0.011111111111111112,0.07777777777777778,0.08888888888888889,0.022222222222222223,0.0,0.07777777777777778,0.2111111111111111,0.23333333333333334,0.13333333333333333,0.044444444444444446,0.022222222222222223,0.0,0.011111111111111112,0.0,0.05555555555555555,0.05555555555555555,0.011111111111111112,0.0,0.18888888888888888,0.13333333333333333,0.16666666666666666,0.1111111111111111,0.044444444444444446,0.0,0.03333333333333333,0.022222222222222223,0.0,0.022222222222222223,0.1111111111111111,0.044444444444444446,0.044444444444444446,0.05555555555555555,0.011111111111111112,0.022222222222222223,0.011111111111111112,0.16666666666666666,0.1111111111111111,0.03333333333333333,0.07777777777777778,0.03333333333333333,0.0,0.0,0.03333333333333333,0.0,0.044444444444444446,0.011111111111111112,0.0,0.0,0.0,0.0,0.10098519973971702
2107-04-01,0.0,0.0,0.0,0.0,0.02197802197802198,0.01098901098901099,0.15384615384615385,0.37362637362637363,0.08791208791208792,0.04395604395604396,0.06593406593406594,0.06593406593406594,0.03296703296703297,0.01098901098901099,0.3516483516483517,0.6703296703296703,0.4725274725274725,0.2087912087912088,0.12087912087912088,0.18681318681318682,0.10989010989010989,0.03296703296703297,0.0,0.978021978021978,0.8351648351648352,0.42857142857142855,0.32967032967032966,0.21978021978021978,0.21978021978021978,0.13186813186813187,0.02197802197802198,0.0,0.978021978021978,0.8681318681318682,0.7142857142857143,0.4065934065934066,0.26373626373626374,0.18681318681318682,0.0989010989010989,0.02197802197802198,0.0,0.6593406593406593,0.967032967032967,0.9010989010989011,0.7912087912087912,0.6483516483516484,0.45054945054945056,0.18681318681318682,0.0989010989010989,0.03296703296703297,0.01098901098901099,0.4725274725274725,0.8901098901098901,0.8571428571428571,0.8021978021978022,0.7472527472527473,0.6813186813186813,0.17582417582417584,0.0989010989010989,0.02197802197802198,0.0,0.4175824175824176,0.6703296703296703,0.7802197802197802,0.7582417582417582,0.5824175824175825,0.5934065934065934,0.21978021978021978,0.054945054945054944,0.03296703296703297,0.0,0.07692307692307693,0.26373626373626374,0.45054945054945056,0.5164835164835165,0.4835164835164835,0.5604395604395604,0.3956043956043956,0.17582417582417584,0.054945054945054944,0.01098901098901099,0.02197802197802198,0.054945054945054944,0.17582417582417584,0.2857142857142857,0.5604395604395604,0.23076923076923078,0.23076923076923078,0.14285714285714285,0.054945054945054944,0.04395604395604396,0.02197802197802198,0.02197802197802198,0.16483516483516483,0.06593406593406594,0.08791208791208792,0.10989010989010989,0.2087912087912088,0.21978021978021978,0.08791208791208792,0.07692307692307693,0.08791208791208792,0.06593406593406594,0.06593406593406594,0.02197802197802198,0.01098901098901099,0.17582417582417584,0.17582417582417584,0.18681318681318682,0.21978021978021978,0.25274725274725274,0.1978021978021978,0.12087912087912088,0.07692307692307693,0.06593406593406594,0.06593406593406594,0.07692307692307693,0.02197802197802198,0.0,0.24175824175824176,0.1978021978021978,0.34065934065934067,0.14285714285714285,0.16483516483516483,0.0989010989010989,0.08791208791208792,0.06593406593406594,0.06593406593406594,0.03296703296703297,0.0,0.0,0.15384615384615385,0.2087912087912088,0.12087912087912088,0.08791208791208792,0.0989010989010989,0.10989010989010989,0.06593406593406594,0.0989010989010989,0.08791208791208792,0.01098901098901099,0.0,0.2087912087912088,0.2087912087912088,0.08791208791208792,0.15384615384615385,0.14285714285714285,0.2967032967032967,0.15384615384615385,0.10989010989010989,0.04395604395604396,0.0,0.0,0.1978021978021978,0.13186813186813187,0.18681318681318682,0.14285714285714285,0.25274725274725274,0.37362637362637363,0.34065934065934067,0.3076923076923077,0.10989010989010989,0.02197802197802198,0.0,0.15384615384615385,0.0989010989010989,0.37362637362637363,0.4945054945054945,0.32967032967032966,0.4065934065934066,0.31868131868131866,0.1978021978021978,0.06593406593406594,0.04395604395604396,0.04395604395604396,0.06593406593406594,0.2087912087912088,0.12087912087912088,0.07692307692307693,0.2967032967032967,0.26373626373626374,0.27472527472527475,0.38461538461538464,0.26373626373626374,0.24175824175824176,0.10989010989010989,0.08791208791208792,0.07692307692307693,0.054945054945054944,0.10989010989010989,0.12087912087912088,0.23076923076923078,0.25274725274725274,0.31868131868131866,0.3626373626373626,0.31868131868131866,0.24175824175824176,0.1978021978021978,0.15384615384615385,0.25274725274725274,0.3626373626373626,0.26373626373626374,0.1978021978021978,0.12087912087912088,0.1978021978021978,0.25274725274725274,0.3516483516483517,0.32967032967032966,0.17582417582417584,0.0989010989010989,0.34065934065934067,0.16483516483516483,0.06593406593406594,0.3516483516483517,0.17582417582417584,0.06593406593406594,0.0,0.04395604395604396,0.0,0.30533013239417706
2107-07-01,0.043478260869565216,0.03260869565217391,0.05434782608695652,0.09782608695652174,0.09782608695652174,0.021739130434782608,0.08695652173913043,0.6956521739130435,0.18478260869565216,0.043478260869565216,0.05434782608695652,0.09782608695652174,0.14130434782608695,0.09782608695652174,0.3695652173913043,0.967391304347826,0.6739130434782609,0.20652173913043478,0.08695652173913043,0.05434782608695652,0.10869565217391304,0.10869565217391304,0.043478260869565216,1.0,0.9782608695652174,0.30434782608695654,0.10869565217391304,0.10869565217391304,0.08695652173913043,0.08695652173913043,0.08695652173913043,0.043478260869565216,0.9891304347826086,0.9565217391304348,0.4673913043478261,0.17391304347826086,0.10869565217391304,0.07608695652173914,0.15217391304347827,0.16304347826086957,0.03260869565217391,0.782608695652174,0.9130434782608695,0.5978260869565217,0.5,0.358695652173913,0.29347826086956524,0.11956521739130435,0.06521739130434782,0.05434782608695652,0.021739130434782608,0.358695652173913,0.6413043478260869,0.5543478260869565,0.4782608695652174,0.32608695652173914,0.3804347826086957,0.13043478260869565,0.03260869565217391,0.021739130434782608,0.010869565217391304,0.14130434782608695,0.2391304347826087,0.3804347826086957,0.5434782608695652,0.21739130434782608,0.3695652173913043,0.10869565217391304,0.021739130434782608,0.010869565217391304,0.021739130434782608,0.010869565217391304,0.010869565217391304,0.10869565217391304,0.25,0.18478260869565216,0.5434782608695652,0.3695652173913043,0.15217391304347827,0.03260869565217391,0.010869565217391304,0.0,0.021739130434782608,0.043478260869565216,0.043478260869565216,0.5978260869565217,0.391304347826087,0.1956521739130435,0.10869565217391304,0.043478260869565216,0.021739130434782608,0.010869565217391304,0.010869565217391304,0.0,0.0,0.043478260869565216,0.15217391304347827,0.10869565217391304,0.2717391304347826,0.20652173913043478,0.14130434782608695,0.05434782608695652,0.021739130434782608,0.010869565217391304,0.043478260869565216,0.021739130434782608,0.0,0.0,0.07608695652173914,0.1956521739130435,0.22826086956521738,0.33695652173913043,0.4782608695652174,0.45652173913043476,0.33695652173913043,0.10869565217391304,0.07608695652173914,0.14130434782608695,0.05434782608695652,0.11956521739130435,0.2826086956521739,0.3804347826086957,0.42391304347826086,0.5652173913043478,0.6413043478260869,0.532608695652174,0.29347826086956524,0.21739130434782608,0.18478260869565216,0.05434782608695652,0.021739130434782608,0.07608695652173914,0.2717391304347826,0.40217391304347827,0.5434782608695652,0.42391304347826086,0.5543478260869565,0.5760869565217391,0.4673913043478261,0.32608695652173914,0.1956521739130435,0.03260869565217391,0.11956521739130435,0.29347826086956524,0.358695652173913,0.6413043478260869,0.6956521739130435,0.8478260869565217,0.7608695652173914,0.6521739130434783,0.391304347826087,0.15217391304347827,0.05434782608695652,0.08695652173913043,0.2608695652173913,0.5760869565217391,0.6956521739130435,0.9239130434782609,0.9239130434782609,0.782608695652174,0.7717391304347826,0.44565217391304346,0.1956521739130435,0.08695652173913043,0.03260869565217391,0.14130434782608695,0.782608695652174,0.8586956521739131,0.7717391304347826,0.8913043478260869,0.75,0.6739130434782609,0.3804347826086957,0.20652173913043478,0.021739130434782608,0.03260869565217391,0.06521739130434782,0.03260869565217391,0.11956521739130435,0.6413043478260869,0.6413043478260869,0.532608695652174,0.8260869565217391,0.7608695652173914,0.75,0.5652173913043478,0.2717391304347826,0.043478260869565216,0.03260869565217391,0.0,0.15217391304347827,0.5760869565217391,0.358695652173913,0.532608695652174,0.6413043478260869,0.7934782608695652,0.7282608695652174,0.2608695652173913,0.09782608695652174,0.2391304347826087,0.6304347826086957,0.6630434782608695,0.5217391304347826,0.42391304347826086,0.0,0.18478260869565216,0.31521739130434784,0.6739130434782609,0.5869565217391305,0.3804347826086957,0.45652173913043476,0.5108695652173914,0.30434782608695654,0.32608695652173914,0.29347826086956524,0.15217391304347827,0.08695652173913043,0.06521739130434782,0.043478260869565216,0.5254422109269619
2107-10-01,0.043478260869565216,0.0,0.0,0.0,0.0,0.0,0.09782608695652174,0.15217391304347827,0.05434782608695652,0.03260869565217391,0.0,0.0,0.0,0.0,0.31521739130434784,0.21739130434782608,0.15217391304347827,0.021739130434782608,0.021739130434782608,0.010869565217391304,0.0,0.0,0.0,0.6413043478260869,0.2717391304347826,0.043478260869565216,0.021739130434782608,0.021739130434782608,0.010869565217391304,0.010869565217391304,0.0,0.0,0.6304347826086957,0.44565217391304346,0.07608695652173914,0.0,0.0,0.010869565217391304,0.0,0.0,0.0,0.03260869565217391,0.2608695652173913,0.05434782608695652,0.06521739130434782,0.05434782608695652,0.010869565217391304,0.0,0.0,0.0,0.0,0.010869565217391304,0.10869565217391304,0.08695652173913043,0.07608695652173914,0.03260869565217391,0.03260869565217391,0.0,0.0,0.0,0.0,0.0,0.0,0.03260869565217391,0.043478260869565216,0.0,0.021739130434782608,0.0,0.0,0.0,0.0,0.0,0.0,0.0,0.010869565217391304,0.0,0.010869565217391304,0.010869565217391304,0.0,0.0,0.0,0.0,0.010869565217391304,0.0,0.0,0.0,0.0,0.0,0.0,0.0,0.0,0.0,0.0,0.05434782608695652,0.06521739130434782,0.16304347826086957,0.06521739130434782,0.010869565217391304,0.021739130434782608,0.0,0.0,0.0,0.0,0.0,0.0,0.0,0.07608695652173914,0.11956521739130435,0.21739130434782608,0.25,0.10869565217391304,0.10869565217391304,0.09782608695652174,0.07608695652173914,0.05434782608695652,0.03260869565217391,0.0,0.0,0.0,0.2391304347826087,0.25,0.2391304347826087,0.2391304347826087,0.20652173913043478,0.14130434782608695,0.09782608695652174,0.07608695652173914,0.010869565217391304,0.0,0.0,0.0,0.14130434782608695,0.25,0.2391304347826087,0.22826086956521738,0.11956521739130435,0.08695652173913043,0.07608695652173914,0.043478260869565216,0.05434782608695652,0.0,0.0,0.14130434782608695,0.18478260869565216,0.18478260869565216,0.1956521739130435,0.1956521739130435,0.20652173913043478,0.11956521739130435,0.11956521739130435,0.05434782608695652,0.0,0.0,0.06521739130434782,0.16304347826086957,0.21739130434782608,0.20652173913043478,0.31521739130434784,0.29347826086956524,0.18478260869565216,0.17391304347826086,0.07608695652173914,0.0,0.0,0.021739130434782608,0.14130434782608695,0.25,0.22826086956521738,0.5108695652173914,0.34782608695652173,0.21739130434782608,0.16304347826086957,0.03260869565217391,0.010869565217391304,0.0,0.010869565217391304,0.03260869565217391,0.043478260869565216,0.07608695652173914,0.15217391304347827,0.18478260869565216,0.2391304347826087,0.17391304347826086,0.14130434782608695,0.15217391304347827,0.05434782608695652,0.010869565217391304,0.0,0.021739130434782608,0.021739130434782608,0.09782608695652174,0.09782608695652174,0.043478260869565216,0.10869565217391304,0.14130434782608695,0.13043478260869565,0.09782608695652174,0.07608695652173914,0.0,0.06521739130434782,0.21739130434782608,0.08695652173913043,0.13043478260869565,0.021739130434782608,0.0,0.043478260869565216,0.05434782608695652,0.21739130434782608,0.10869565217391304,0.03260869565217391,0.10869565217391304,0.16304347826086957,0.021739130434782608,0.010869565217391304,0.05434782608695652,0.010869565217391304,0.021739130434782608,0.010869565217391304,0.0,0.1653652007332245
2108-01-01,0.06666666666666667,0.022222222222222223,0.022222222222222223,0.0,0.0,0.0,0.2111111111111111,0.1111111111111111,0.05555555555555555,0.03333333333333333,0.022222222222222223,0.0,0.0,0.0,0.4666666666666667,0.23333333333333334,0.15555555555555556,0.05555555555555555,0.06666666666666667,0.022222222222222223,0.011111111111111112,0.0,0.0,0.6777777777777778,0.3888888888888889,0.16666666666666666,0.12222222222222222,0.14444444444444443,0.07777777777777778,0.07777777777777778,0.022222222222222223,0.0,0.7777777777777778,0.6222222222222222,0.2777777777777778,0.12222222222222222,0.16666666666666666,0.15555555555555556,0.1111111111111111,0.06666666666666667,0.0,0.2222222222222222,0.34444444444444444,0.3111111111111111,0.26666666666666666,0.2222222222222222,0.1,0.13333333333333333,0.14444444444444443,0.06666666666666667,0.022222222222222223,0.1111111111111111,0.26666666666666666,0.24444444444444444,0.23333333333333334,0.24444444444444444,0.12222222222222222,0.1,0.1111111111111111,0.06666666666666667,0.022222222222222223,0.1,0.16666666666666666,0.2111111111111111,0.25555555555555554,0.25555555555555554,0.23333333333333334,0.15555555555555556,0.06666666666666667,0.022222222222222223,0.0,0.03333333333333333,0.06666666666666667,0.1111111111111111,0.16666666666666666,0.14444444444444443,0.17777777777777778,0.15555555555555556,0.1,0.022222222222222223,0.011111111111111112,0.0,0.03333333333333333,0.03333333333333333,0.06666666666666667,0.07777777777777778,0.05555555555555555,0.05555555555555555,0.08888888888888889,0.044444444444444446,0.0,0.0,0.0,0.05555555555555555,0.03333333333333333,0.022222222222222223,0.022222222222222223,0.044444444444444446,0.011111111111111112,0.0,0.0,0.022222222222222223,0.0,0.0,0.0,0.0,0.06666666666666667,0.06666666666666667,0.08888888888888889,0.05555555555555555,0.0,0.0,0.0,0.0,0.0,0.0,0.0,0.0,0.0,0.08888888888888889,0.06666666666666667,0.03333333333333333,0.011111111111111112,0.0,0.011111111111111112,0.011111111111111112,0.0,0.011111111111111112,0.0,0.0,0.0,0.022222222222222223,0.022222222222222223,0.022222222222222223,0.011111111111111112,0.0,0.0,0.0,0.011111111111111112,0.03333333333333333,0.0,0.0,0.06666666666666667,0.022222222222222223,0.011111111111111112,0.022222222222222223,0.011111111111111112,0.022222222222222223,0.022222222222222223,0.011111111111111112,0.011111111111111112,0.0,0.0,0.06666666666666667,0.24444444444444444,0.03333333333333333,0.011111111111111112,0.011111111111111112,0.022222222222222223,0.03333333333333333,0.011111111111111112,0.0,0.0,0.0,0.044444444444444446,0.03333333333333333,0.05555555555555555,0.022222222222222223,0.0,0.011111111111111112,0.044444444444444446,0.044444444444444446,0.0,0.0,0.1,0.13333333333333333,0.14444444444444443,0.08888888888888889,0.0,0.011111111111111112,0.011111111111111112,0.022222222222222223,0.011111111111111112,0.011111111111111112,0.03333333333333333,0.0,0.0,0.12222222222222222,0.07777777777777778,0.03333333333333333,0.011111111111111112,0.0,0.022222222222222223,0.022222222222222223,0.03333333333333333,0.0,0.0,0.022222222222222223,0.022222222222222223,0.022222222222222223,0.03333333333333333,0.0,0.0,0.0,0.05555555555555555,0.044444444444444446,0.011111111111111112,0.08888888888888889,0.0,0.0,0.0,0.011111111111111112,0.0,0.022222222222222223,0.0,0.0,0.0,0.0,0.0,0.08626967691642182
2108-04-01,0.0,0.02197802197802198,0.02197802197802198,0.02197802197802198,0.0,0.0,0.06593406593406594,0.2967032967032967,0.06593406593406594,0.0,0.02197802197802198,0.03296703296703297,0.04395604395604396,0.054945054945054944,0.3076923076923077,0.5164835164835165,0.37362637362637363,0.12087912087912088,0.04395604395604396,0.01098901098901099,0.054945054945054944,0.02197802197802198,0.04395604395604396,0.9560439560439561,0.7472527472527473,0.2967032967032967,0.15384615384615385,0.0989010989010989,0.054945054945054944,0.02197802197802198,0.03296703296703297,0.04395604395604396,0.9230769230769231,0.8461538461538461,0.6703296703296703,0.3626373626373626,0.0989010989010989,0.06593406593406594,0.02197802197802198,0.04395604395604396,0.02197802197802198,0.6373626373626373,0.9120879120879121,0.7802197802197802,0.6703296703296703,0.5604395604395604,0.4175824175824176,0.14285714285714285,0.03296703296703297,0.01098901098901099,0.02197802197802198,0.46153846153846156,0.7912087912087912,0.7472527472527473,0.6373626373626373,0.5274725274725275,0.4835164835164835,0.18681318681318682,0.07692307692307693,0.02197802197802198,0.0,0.31868131868131866,0.5824175824175825,0.5934065934065934,0.6043956043956044,0.42857142857142855,0.3516483516483517,0.14285714285714285,0.01098901098901099,0.03296703296703297,0.0,0.02197802197802198,0.2087912087912088,0.42857142857142855,0.4175824175824176,0.3956043956043956,0.43956043956043955,0.2967032967032967,0.12087912087912088,0.04395604395604396,0.03296703296703297,0.0,0.0,0.12087912087912088,0.26373626373626374,0.45054945054945056,0.2087912087912088,0.14285714285714285,0.0989010989010989,0.054945054945054944,0.0,0.01098901098901099,0.0,0.054945054945054944,0.03296703296703297,0.04395604395604396,0.02197802197802198,0.08791208791208792,0.10989010989010989,0.03296703296703297,0.03296703296703297,0.02197802197802198,0.01098901098901099,0.0,0.02197802197802198,0.0,0.06593406593406594,0.08791208791208792,0.0989010989010989,0.12087912087912088,0.1978021978021978,0.15384615384615385,0.0989010989010989,0.054945054945054944,0.04395604395604396,0.04395604395604396,0.03296703296703297,0.054945054945054944,0.02197802197802198,0.16483516483516483,0.2087912087912088,0.25274725274725274,0.14285714285714285,0.13186813186813187,0.17582417582417584,0.13186813186813187,0.054945054945054944,0.0989010989010989,0.02197802197802198,0.02197802197802198,0.0,0.13186813186813187,0.16483516483516483,0.18681318681318682,0.1978021978021978,0.08791208791208792,0.14285714285714285,0.10989010989010989,0.10989010989010989,0.15384615384615385,0.054945054945054944,0.01098901098901099,0.16483516483516483,0.16483516483516483,0.10989010989010989,0.25274725274725274,0.25274725274725274,0.43956043956043955,0.4065934065934066,0.27472527472527475,0.18681318681318682,0.03296703296703297,0.01098901098901099,0.10989010989010989,0.15384615384615385,0.17582417582417584,0.25274725274725274,0.5494505494505495,0.4835164835164835,0.45054945054945056,0.4725274725274725,0.31868131868131866,0.10989010989010989,0.03296703296703297,0.054945054945054944,0.0989010989010989,0.38461538461538464,0.4835164835164835,0.38461538461538464,0.5604395604395604,0.46153846153846156,0.37362637362637363,0.23076923076923078,0.06593406593406594,0.0,0.054945054945054944,0.14285714285714285,0.10989010989010989,0.06593406593406594,0.27472527472527475,0.38461538461538464,0.32967032967032966,0.5714285714285714,0.5054945054945055,0.4945054945054945,0.3626373626373626,0.17582417582417584,0.03296703296703297,0.03296703296703297,0.054945054945054944,0.16483516483516483,0.2857142857142857,0.32967032967032966,0.43956043956043955,0.4945054945054945,0.5054945054945055,0.45054945054945056,0.3076923076923077,0.15384615384615385,0.3076923076923077,0.5274725274725275,0.4725274725274725,0.34065934065934067,0.26373626373626374,0.07692307692307693,0.2967032967032967,0.37362637362637363,0.5054945054945055,0.3626373626373626,0.24175824175824176,0.3956043956043956,0.3626373626373626,0.18681318681318682,0.3076923076923077,0.2087912087912088,0.13186813186813187,0.06593406593406594,0.07692307692307693,0.0,0.36347464229288534
2108-07-01,0.0,0.0,0.0,0.021739130434782608,0.043478260869565216,0.021739130434782608,0.0,0.5543478260869565,0.13043478260869565,0.03260869565217391,0.010869565217391304,0.03260869565217391,0.14130434782608695,0.06521739130434782,0.5869565217391305,0.9347826086956522,0.5869565217391305,0.14130434782608695,0.021739130434782608,0.010869565217391304,0.06521739130434782,0.09782608695652174,0.03260869565217391,0.9891304347826086,0.8804347826086957,0.09782608695652174,0.010869565217391304,0.010869565217391304,0.03260869565217391,0.06521739130434782,0.08695652173913043,0.021739130434782608,0.9782608695652174,0.7282608695652174,0.29347826086956524,0.03260869565217391,0.0,0.021739130434782608,0.17391304347826086,0.1956521739130435,0.043478260869565216,0.5869565217391305,0.8152173913043478,0.32608695652173914,0.33695652173913043,0.29347826086956524,0.13043478260869565,0.03260869565217391,0.03260869565217391,0.043478260869565216,0.03260869565217391,0.3804347826086957,0.5652173913043478,0.43478260869565216,0.32608695652173914,0.25,0.358695652173913,0.05434782608695652,0.010869565217391304,0.021739130434782608,0.05434782608695652,0.16304347826086957,0.21739130434782608,0.32608695652173914,0.4782608695652174,0.16304347826086957,0.34782608695652173,0.11956521739130435,0.06521739130434782,0.05434782608695652,0.03260869565217391,0.05434782608695652,0.05434782608695652,0.07608695652173914,0.18478260869565216,0.17391304347826086,0.5108695652173914,0.5,0.2608695652173913,0.05434782608695652,0.09782608695652174,0.05434782608695652,0.06521739130434782,0.08695652173913043,0.08695652173913043,0.4782608695652174,0.45652173913043476,0.2826086956521739,0.06521739130434782,0.010869565217391304,0.03260869565217391,0.16304347826086957,0.09782608695652174,0.03260869565217391,0.05434782608695652,0.08695652173913043,0.17391304347826086,0.09782608695652174,0.32608695652173914,0.3695652173913043,0.2608695652173913,0.22826086956521738,0.14130434782608695,0.1956521739130435,0.22826086956521738,0.11956521739130435,0.043478260869565216,0.06521739130434782,0.13043478260869565,0.33695652173913043,0.2826086956521739,0.42391304347826086,0.532608695652174,0.5652173913043478,0.4782608695652174,0.4673913043478261,0.3804347826086957,0.30434782608695654,0.11956521739130435,0.15217391304347827,0.2826086956521739,0.4782608695652174,0.532608695652174,0.6304347826086957,0.7065217391304348,0.7282608695652174,0.6195652173913043,0.45652173913043476,0.2608695652173913,0.10869565217391304,0.06521739130434782,0.05434782608695652,0.1956521739130435,0.40217391304347827,0.4891304347826087,0.42391304347826086,0.5652173913043478,0.6956521739130435,0.5869565217391305,0.532608695652174,0.30434782608695654,0.07608695652173914,0.11956521739130435,0.21739130434782608,0.20652173913043478,0.45652173913043476,0.5217391304347826,0.8913043478260869,0.8260869565217391,0.6739130434782609,0.5217391304347826,0.30434782608695654,0.043478260869565216,0.03260869565217391,0.13043478260869565,0.43478260869565216,0.391304347826087,0.7717391304347826,0.8260869565217391,0.7934782608695652,0.75,0.5869565217391305,0.31521739130434784,0.10869565217391304,0.0,0.08695652173913043,0.4673913043478261,0.6956521739130435,0.6195652173913043,0.7391304347826086,0.7065217391304348,0.6739130434782609,0.43478260869565216,0.1956521739130435,0.0,0.0,0.021739130434782608,0.021739130434782608,0.05434782608695652,0.40217391304347827,0.4782608695652174,0.42391304347826086,0.7065217391304348,0.7282608695652174,0.717391304347826,0.6956521739130435,0.30434782608695654,0.0,0.0,0.0,0.043478260869565216,0.2608695652173913,0.33695652173913043,0.42391304347826086,0.5108695652173914,0.7282608695652174,0.717391304347826,0.15217391304347827,0.14130434782608695,0.33695652173913043,0.5652173913043478,0.5543478260869565,0.5434782608695652,0.45652173913043476,0.07608695652173914,0.1956521739130435,0.3804347826086957,0.6413043478260869,0.5760869565217391,0.3695652173913043,0.4782608695652174,0.4891304347826087,0.33695652173913043,0.31521739130434784,0.2608695652173913,0.18478260869565216,0.09782608695652174,0.05434782608695652,0.043478260869565216,0.4922681372199745
2108-10-01,0.06521739130434782,0.0,0.0,0.0,0.0,0.0,0.2826086956521739,0.2608695652173913,0.08695652173913043,0.03260869565217391,0.0,0.0,0.0,0.0,0.6304347826086957,0.3695652173913043,0.14130434782608695,0.03260869565217391,0.021739130434782608,0.010869565217391304,0.0,0.0,0.0,0.7282608695652174,0.4782608695652174,0.09782608695652174,0.0,0.0,0.0,0.0,0.0,0.0,0.7608695652173914,0.5108695652173914,0.08695652173913043,0.0,0.0,0.0,0.0,0.0,0.0,0.043478260869565216,0.1956521739130435,0.05434782608695652,0.05434782608695652,0.03260869565217391,0.010869565217391304,0.0,0.0,0.0,0.0,0.010869565217391304,0.08695652173913043,0.05434782608695652,0.05434782608695652,0.0,0.010869565217391304,0.0,0.0,0.0,0.0,0.010869565217391304,0.043478260869565216,0.010869565217391304,0.0,0.0,0.010869565217391304,0.09782608695652174,0.0,0.0,0.0,0.05434782608695652,0.0,0.0,0.010869565217391304,0.0,0.010869565217391304,0.0,0.05434782608695652,0.0,0.0,0.0,0.08695652173913043,0.043478260869565216,0.03260869565217391,0.06521739130434782,0.010869565217391304,0.0,0.0,0.010869565217391304,0.0,0.0,0.0,0.05434782608695652,0.13043478260869565,0.15217391304347827,0.06521739130434782,0.03260869565217391,0.09782608695652174,0.03260869565217391,0.0,0.0,0.0,0.0,0.0,0.0,0.09782608695652174,0.16304347826086957,0.17391304347826086,0.13043478260869565,0.10869565217391304,0.10869565217391304,0.08695652173913043,0.021739130434782608,0.021739130434782608,0.0,0.0,0.0,0.0,0.18478260869565216,0.13043478260869565,0.15217391304347827,0.09782608695652174,0.10869565217391304,0.043478260869565216,0.010869565217391304,0.010869565217391304,0.0,0.0,0.0,0.0,0.15217391304347827,0.11956521739130435,0.10869565217391304,0.09782608695652174,0.05434782608695652,0.021739130434782608,0.010869565217391304,0.021739130434782608,0.0,0.0,0.0,0.14130434782608695,0.10869565217391304,0.06521739130434782,0.08695652173913043,0.16304347826086957,0.16304347826086957,0.07608695652173914,0.10869565217391304,0.0,0.0,0.0,0.08695652173913043,0.10869565217391304,0.16304347826086957,0.11956521739130435,0.2608695652173913,0.20652173913043478,0.10869565217391304,0.13043478260869565,0.021739130434782608,0.0,0.0,0.043478260869565216,0.07608695652173914,0.20652173913043478,0.18478260869565216,0.5217391304347826,0.25,0.13043478260869565,0.09782608695652174,0.010869565217391304,0.0,0.0,0.0,0.0,0.0,0.010869565217391304,0.05434782608695652,0.08695652173913043,0.13043478260869565,0.07608695652173914,0.09782608695652174,0.09782608695652174,0.0,0.0,0.0,0.0,0.0,0.010869565217391304,0.010869565217391304,0.0,0.05434782608695652,0.010869565217391304,0.043478260869565216,0.08695652173913043,0.010869565217391304,0.0,0.010869565217391304,0.09782608695652174,0.06521739130434782,0.043478260869565216,0.03260869565217391,0.0,0.0,0.021739130434782608,0.11956521739130435,0.05434782608695652,0.03260869565217391,0.03260869565217391,0.09782608695652174,0.021739130434782608,0.0,0.010869565217391304,0.0,0.0,0.0,0.0,0.12880605498759537
2109-01-01,0.1111111111111111,0.08888888888888889,0.044444444444444446,0.03333333333333333,0.044444444444444446,0.0,0.17777777777777778,0.14444444444444443,0.07777777777777778,0.05555555555555555,0.03333333333333333,0.011111111111111112,0.0,0.0,0.34444444444444444,0.15555555555555556,0.14444444444444443,0.08888888888888889,0.06666666666666667,0.05555555555555555,0.011111111111111112,0.0,0.0,0.6,0.28888888888888886,0.18888888888888888,0.13333333333333333,0.08888888888888889,0.06666666666666667,0.022222222222222223,0.011111111111111112,0.0,0.7111111111111111,0.45555555555555555,0.2,0.18888888888888888,0.12222222222222222,0.06666666666666667,0.05555555555555555,0.011111111111111112,0.0,0.2,0.2777777777777778,0.2222222222222222,0.17777777777777778,0.18888888888888888,0.12222222222222222,0.08888888888888889,0.06666666666666667,0.011111111111111112,0.044444444444444446,0.1,0.2,0.18888888888888888,0.18888888888888888,0.17777777777777778,0.15555555555555556,0.12222222222222222,0.08888888888888889,0.05555555555555555,0.022222222222222223,0.08888888888888889,0.15555555555555556,0.2,0.18888888888888888,0.17777777777777778,0.18888888888888888,0.14444444444444443,0.07777777777777778,0.044444444444444446,0.011111111111111112,0.07777777777777778,0.08888888888888889,0.13333333333333333,0.15555555555555556,0.16666666666666666,0.13333333333333333,0.13333333333333333,0.12222222222222222,0.06666666666666667,0.044444444444444446,0.0,0.07777777777777778,0.07777777777777778,0.07777777777777778,0.1,0.1,0.08888888888888889,0.1,0.07777777777777778,0.044444444444444446,0.011111111111111112,0.0,0.044444444444444446,0.044444444444444446,0.03333333333333333,0.044444444444444446,0.044444444444444446,0.06666666666666667,0.05555555555555555,0.05555555555555555,0.044444444444444446,0.022222222222222223,0.03333333333333333,0.0,0.0,0.05555555555555555,0.06666666666666667,0.03333333333333333,0.03333333333333333,0.03333333333333333,0.05555555555555555,0.05555555555555555,0.044444444444444446,0.011111111111111112,0.0,0.0,0.0,0.0,0.044444444444444446,0.03333333333333333,0.044444444444444446,0.044444444444444446,0.03333333333333333,0.011111111111111112,0.0,0.0,0.0,0.022222222222222223,0.011111111111111112,0.011111111111111112,0.03333333333333333,0.03333333333333333,0.044444444444444446,0.022222222222222223,0.022222222222222223,0.011111111111111112,0.0,0.0,0.0,0.0,0.0,0.03333333333333333,0.022222222222222223,0.03333333333333333,0.022222222222222223,0.011111111111111112,0.0,0.0,0.011111111111111112,0.0,0.0,0.0,0.011111111111111112,0.16666666666666666,0.044444444444444446,0.011111111111111112,0.011111111111111112,0.0,0.011111111111111112,0.011111111111111112,0.0,0.0,0.0,0.022222222222222223,0.022222222222222223,0.044444444444444446,0.022222222222222223,0.011111111111111112,0.0,0.0,0.0,0.0,0.0,0.06666666666666667,0.14444444444444443,0.1,0.06666666666666667,0.011111111111111112,0.022222222222222223,0.011111111111111112,0.011111111111111112,0.0,0.0,0.0,0.011111111111111112,0.0,0.1,0.07777777777777778,0.1,0.07777777777777778,0.03333333333333333,0.022222222222222223,0.011111111111111112,0.011111111111111112,0.0,0.0,0.044444444444444446,0.022222222222222223,0.022222222222222223,0.03333333333333333,0.0,0.011111111111111112,0.011111111111111112,0.08888888888888889,0.07777777777777778,0.022222222222222223,0.05555555555555555,0.011111111111111112,0.011111111111111112,0.0,0.011111111111111112,0.0,0.022222222222222223,0.0,0.0,0.0,0.0,0.0,0.07230414853659702
2109-04-01,0.0,0.01098901098901099,0.02197802197802198,0.02197802197802198,0.0,0.02197802197802198,0.08791208791208792,0.45054945054945056,0.13186813186813187,0.04395604395604396,0.03296703296703297,0.03296703296703297,0.01098901098901099,0.03296703296703297,0.24175824175824176,0.6263736263736264,0.5384615384615384,0.17582417582417584,0.10989010989010989,0.0989010989010989,0.07692307692307693,0.07692307692307693,0.02197802197802198,0.945054945054945,0.8131868131868132,0.37362637362637363,0.1978021978021978,0.13186813186813187,0.13186813186813187,0.10989010989010989,0.06593406593406594,0.01098901098901099,0.945054945054945,0.8571428571428571,0.5824175824175825,0.3076923076923077,0.17582417582417584,0.10989010989010989,0.12087912087912088,0.06593406593406594,0.03296703296703297,0.6813186813186813,0.945054945054945,0.7582417582417582,0.6923076923076923,0.5164835164835165,0.3626373626373626,0.10989010989010989,0.12087912087912088,0.06593406593406594,0.054945054945054944,0.4725274725274725,0.8461538461538461,0.7142857142857143,0.7252747252747253,0.5604395604395604,0.46153846153846156,0.24175824175824176,0.0989010989010989,0.06593406593406594,0.04395604395604396,0.3956043956043956,0.6923076923076923,0.6373626373626373,0.6043956043956044,0.4725274725274725,0.4065934065934066,0.23076923076923078,0.14285714285714285,0.0989010989010989,0.054945054945054944,0.10989010989010989,0.18681318681318682,0.4175824175824176,0.45054945054945056,0.37362637362637363,0.5164835164835165,0.3516483516483517,0.21978021978021978,0.08791208791208792,0.07692307692307693,0.054945054945054944,0.054945054945054944,0.10989010989010989,0.26373626373626374,0.5054945054945055,0.34065934065934067,0.25274725274725274,0.2087912087912088,0.08791208791208792,0.054945054945054944,0.02197802197802198,0.054945054945054944,0.2087912087912088,0.15384615384615385,0.0989010989010989,0.08791208791208792,0.12087912087912088,0.21978021978021978,0.13186813186813187,0.0989010989010989,0.07692307692307693,0.08791208791208792,0.07692307692307693,0.01098901098901099,0.02197802197802198,0.16483516483516483,0.2087912087912088,0.27472527472527475,0.34065934065934067,0.21978021978021978,0.18681318681318682,0.2087912087912088,0.13186813186813187,0.07692307692307693,0.10989010989010989,0.08791208791208792,0.04395604395604396,0.03296703296703297,0.3626373626373626,0.31868131868131866,0.34065934065934067,0.1978021978021978,0.25274725274725274,0.26373626373626374,0.1978021978021978,0.18681318681318682,0.12087912087912088,0.03296703296703297,0.02197802197802198,0.0,0.1978021978021978,0.27472527472527475,0.21978021978021978,0.18681318681318682,0.15384615384615385,0.21978021978021978,0.17582417582417584,0.2087912087912088,0.16483516483516483,0.06593406593406594,0.0,0.3516483516483517,0.45054945054945056,0.15384615384615385,0.26373626373626374,0.2967032967032967,0.3956043956043956,0.3626373626373626,0.3516483516483517,0.17582417582417584,0.0989010989010989,0.02197802197802198,0.3076923076923077,0.38461538461538464,0.4065934065934066,0.32967032967032966,0.5604395604395604,0.4725274725274725,0.43956043956043955,0.46153846153846156,0.26373626373626374,0.13186813186813187,0.07692307692307693,0.24175824175824176,0.24175824175824176,0.5714285714285714,0.5824175824175825,0.43956043956043955,0.5054945054945055,0.4065934065934066,0.2967032967032967,0.18681318681318682,0.14285714285714285,0.12087912087912088,0.1978021978021978,0.2967032967032967,0.34065934065934067,0.2857142857142857,0.5054945054945055,0.4065934065934066,0.3516483516483517,0.4945054945054945,0.42857142857142855,0.3076923076923077,0.32967032967032966,0.18681318681318682,0.1978021978021978,0.18681318681318682,0.21978021978021978,0.4065934065934066,0.5054945054945055,0.4945054945054945,0.46153846153846156,0.42857142857142855,0.46153846153846156,0.34065934065934067,0.5274725274725275,0.32967032967032966,0.34065934065934067,0.46153846153846156,0.43956043956043955,0.25274725274725274,0.18681318681318682,0.23076923076923078,0.37362637362637363,0.46153846153846156,0.3956043956043956,0.2857142857142857,0.18681318681318682,0.2967032967032967,0.24175824175824176,0.13186813186813187,0.26373626373626374,0.17582417582417584,0.08791208791208792,0.06593406593406594,0.06593406593406594,0.054945054945054944,0.3850188975876016
2109-07-01,0.010869565217391304,0.010869565217391304,0.010869565217391304,0.03260869565217391,0.021739130434782608,0.021739130434782608,0.1956521739130435,0.7065217391304348,0.30434782608695654,0.07608695652173914,0.09782608695652174,0.14130434782608695,0.13043478260869565,0.06521739130434782,0.4782608695652174,0.9130434782608695,0.6956521739130435,0.2717391304347826,0.11956521739130435,0.11956521739130435,0.16304347826086957,0.10869565217391304,0.010869565217391304,1.0,0.967391304347826,0.2826086956521739,0.09782608695652174,0.09782608695652174,0.08695652173913043,0.14130434782608695,0.16304347826086957,0.021739130434782608,0.9891304347826086,0.9782608695652174,0.3804347826086957,0.14130434782608695,0.043478260869565216,0.09782608695652174,0.20652173913043478,0.10869565217391304,0.021739130434782608,0.5869565217391305,0.7608695652173914,0.44565217391304346,0.33695652173913043,0.34782608695652173,0.41304347826086957,0.1956521739130435,0.06521739130434782,0.010869565217391304,0.0,0.32608695652173914,0.5108695652173914,0.5217391304347826,0.4782608695652174,0.2608695652173913,0.5108695652173914,0.11956521739130435,0.043478260869565216,0.0,0.0,0.15217391304347827,0.30434782608695654,0.2717391304347826,0.32608695652173914,0.13043478260869565,0.358695652173913,0.13043478260869565,0.0,0.010869565217391304,0.0,0.021739130434782608,0.021739130434782608,0.05434782608695652,0.13043478260869565,0.07608695652173914,0.30434782608695654,0.40217391304347827,0.16304347826086957,0.06521739130434782,0.010869565217391304,0.0,0.021739130434782608,0.043478260869565216,0.010869565217391304,0.5,0.17391304347826086,0.021739130434782608,0.06521739130434782,0.03260869565217391,0.03260869565217391,0.010869565217391304,0.0,0.0,0.010869565217391304,0.03260869565217391,0.14130434782608695,0.03260869565217391,0.30434782608695654,0.18478260869565216,0.07608695652173914,0.03260869565217391,0.021739130434782608,0.021739130434782608,0.010869565217391304,0.0,0.0,0.021739130434782608,0.06521739130434782,0.25,0.22826086956521738,0.3804347826086957,0.5,0.42391304347826086,0.2826086956521739,0.07608695652173914,0.021739130434782608,0.043478260869565216,0.021739130434782608,0.05434782608695652,0.1956521739130435,0.4673913043478261,0.532608695652174,0.6304347826086957,0.7282608695652174,0.5108695652173914,0.2608695652173913,0.1956521739130435,0.06521739130434782,0.021739130434782608,0.010869565217391304,0.021739130434782608,0.14130434782608695,0.31521739130434784,0.5434782608695652,0.42391304347826086,0.6521739130434783,0.5543478260869565,0.45652173913043476,0.44565217391304346,0.16304347826086957,0.021739130434782608,0.03260869565217391,0.22826086956521738,0.2391304347826087,0.5434782608695652,0.6304347826086957,0.8695652173913043,0.7717391304347826,0.6630434782608695,0.41304347826086957,0.11956521739130435,0.010869565217391304,0.010869565217391304,0.18478260869565216,0.391304347826087,0.4782608695652174,0.8913043478260869,0.9565217391304348,0.8804347826086957,0.782608695652174,0.5543478260869565,0.1956521739130435,0.13043478260869565,0.010869565217391304,0.08695652173913043,0.6630434782608695,0.7282608695652174,0.532608695652174,0.9565217391304348,0.7608695652173914,0.6847826086956522,0.40217391304347827,0.20652173913043478,0.0,0.0,0.07608695652173914,0.09782608695652174,0.03260869565217391,0.5434782608695652,0.40217391304347827,0.40217391304347827,0.8478260869565217,0.782608695652174,0.7717391304347826,0.6304347826086957,0.2608695652173913,0.0,0.0,0.010869565217391304,0.043478260869565216,0.42391304347826086,0.34782608695652173,0.43478260869565216,0.5869565217391305,0.8586956521739131,0.7391304347826086,0.15217391304347827,0.09782608695652174,0.20652173913043478,0.5543478260869565,0.6739130434782609,0.6086956521739131,0.358695652173913,0.043478260869565216,0.20652173913043478,0.29347826086956524,0.6847826086956522,0.5869565217391305,0.31521739130434784,0.3804347826086957,0.391304347826087,0.2717391304347826,0.22826086956521738,0.2391304347826087,0.10869565217391304,0.05434782608695652,0.021739130434782608,0.010869565217391304,0.5068510113264155
2109-10-01,0.0,0.0,0.0,0.0,0.0,0.0,0.0,0.043478260869565216,0.0,0.0,0.0,0.0,0.0,0.0,0.29347826086956524,0.16304347826086957,0.010869565217391304,0.0,0.0,0.0,0.0,0.0,0.0,0.6086956521739131,0.18478260869565216,0.010869565217391304,0.0,0.0,0.0,0.0,0.0,0.0,0.6956521739130435,0.40217391304347827,0.043478260869565216,0.0,0.0,0.0,0.0,0.0,0.0,0.0,0.11956521739130435,0.0,0.0,0.0,0.0,0.0,0.0,0.0,0.0,0.0,0.010869565217391304,0.03260869565217391,0.0,0.0,0.0,0.0,0.0,0.0,0.0,0.0,0.0,0.0,0.0,0.0,0.0,0.0,0.0,0.0,0.0,0.0,0.0,0.0,0.0,0.0,0.0,0.0,0.0,0.0,0.0,0.0,0.021739130434782608,0.0,0.0,0.0,0.0,0.0,0.0,0.0,0.0,0.0,0.0,0.0,0.0,0.05434782608695652,0.021739130434782608,0.010869565217391304,0.010869565217391304,0.0,0.0,0.0,0.0,0.0,0.0,0.0,0.0,0.10869565217391304,0.16304347826086957,0.13043478260869565,0.07608695652173914,0.08695652173913043,0.03260869565217391,0.010869565217391304,0.0,0.0,0.0,0.0,0.0,0.15217391304347827,0.1956521739130435,0.11956521739130435,0.06521739130434782,0.05434782608695652,0.03260869565217391,0.021739130434782608,0.0,0.0,0.0,0.0,0.0,0.10869565217391304,0.18478260869565216,0.09782608695652174,0.08695652173913043,0.010869565217391304,0.021739130434782608,0.021739130434782608,0.0,0.0,0.0,0.0,0.08695652173913043,0.18478260869565216,0.11956521739130435,0.17391304347826086,0.09782608695652174,0.10869565217391304,0.05434782608695652,0.021739130434782608,0.0,0.0,0.0,0.05434782608695652,0.14130434782608695,0.18478260869565216,0.2826086956521739,0.31521739130434784,0.22826086956521738,0.09782608695652174,0.03260869565217391,0.010869565217391304,0.0,0.0,0.05434782608695652,0.10869565217391304,0.31521739130434784,0.42391304347826086,0.5652173913043478,0.34782608695652173,0.16304347826086957,0.05434782608695652,0.010869565217391304,0.0,0.0,0.0,0.021739130434782608,0.021739130434782608,0.03260869565217391,0.22826086956521738,0.11956521739130435,0.2826086956521739,0.1956521739130435,0.10869565217391304,0.043478260869565216,0.010869565217391304,0.0,0.0,0.0,0.03260869565217391,0.09782608695652174,0.09782608695652174,0.03260869565217391,0.08695652173913043,0.09782608695652174,0.05434782608695652,0.043478260869565216,0.06521739130434782,0.010869565217391304,0.010869565217391304,0.2608695652173913,0.05434782608695652,0.010869565217391304,0.0,0.010869565217391304,0.03260869565217391,0.021739130434782608,0.10869565217391304,0.021739130434782608,0.010869565217391304,0.043478260869565216,0.03260869565217391,0.0,0.03260869565217391,0.021739130434782608,0.0,0.0,0.0,0.0,0.11623653626504454
2110-01-01,0.011111111111111112,0.011111111111111112,0.0,0.0,0.0,0.0,0.07777777777777778,0.05555555555555555,0.03333333333333333,0.022222222222222223,0.0,0.0,0.0,0.0,0.23333333333333334,0.07777777777777778,0.06666666666666667,0.03333333333333333,0.022222222222222223,0.022222222222222223,0.0,0.0,0.0,0.6333333333333333,0.23333333333333334,0.1,0.05555555555555555,0.011111111111111112,0.0,0.0,0.0,0.0,0.7222222222222222,0.4222222222222222,0.15555555555555556,0.044444444444444446,0.022222222222222223,0.022222222222222223,0.011111111111111112,0.0,0.0,0.16666666666666666,0.3,0.2,0.13333333333333333,0.07777777777777778,0.022222222222222223,0.07777777777777778,0.044444444444444446,0.0,0.0,0.07777777777777778,0.18888888888888888,0.18888888888888888,0.15555555555555556,0.14444444444444443,0.08888888888888889,0.07777777777777778,0.05555555555555555,0.011111111111111112,0.0,0.05555555555555555,0.14444444444444443,0.12222222222222222,0.1,0.15555555555555556,0.13333333333333333,0.1,0.044444444444444446,0.0,0.0,0.0,0.044444444444444446,0.08888888888888889,0.044444444444444446,0.08888888888888889,0.1111111111111111,0.07777777777777778,0.044444444444444446,0.011111111111111112,0.0,0.0,0.0,0.022222222222222223,0.022222222222222223,0.022222222222222223,0.022222222222222223,0.022222222222222223,0.022222222222222223,0.0,0.0,0.0,0.0,0.0,0.0,0.022222222222222223,0.011111111111111112,0.0,0.0,0.0,0.0,0.0,0.0,0.0,0.0,0.0,0.0,0.022222222222222223,0.022222222222222223,0.044444444444444446,0.011111111111111112,0.0,0.0,0.011111111111111112,0.0,0.0,0.0,0.0,0.0,0.022222222222222223,0.022222222222222223,0.011111111111111112,0.0,0.0,0.022222222222222223,0.022222222222222223,0.011111111111111112,0.011111111111111112,0.0,0.0,0.0,0.022222222222222223,0.011111111111111112,0.011111111111111112,0.0,0.0,0.0,0.011111111111111112,0.011111111111111112,0.022222222222222223,0.0,0.0,0.05555555555555555,0.0,0.0,0.0,0.0,0.022222222222222223,0.03333333333333333,0.011111111111111112,0.022222222222222223,0.0,0.0,0.022222222222222223,0.12222222222222222,0.0,0.011111111111111112,0.022222222222222223,0.011111111111111112,0.08888888888888889,0.0,0.0,0.0,0.0,0.011111111111111112,0.0,0.0,0.011111111111111112,0.022222222222222223,0.03333333333333333,0.03333333333333333,0.0,0.0,0.0,0.011111111111111112,0.07777777777777778,0.07777777777777778,0.011111111111111112,0.0,0.011111111111111112,0.022222222222222223,0.022222222222222223,0.022222222222222223,0.022222222222222223,0.0,0.0,0.0,0.022222222222222223,0.022222222222222223,0.044444444444444446,0.03333333333333333,0.022222222222222223,0.022222222222222223,0.022222222222222223,0.022222222222222223,0.0,0.0,0.044444444444444446,0.022222222222222223,0.03333333333333333,0.03333333333333333,0.0,0.0,0.0,0.03333333333333333,0.044444444444444446,0.0,0.03333333333333333,0.011111111111111112,0.011111111111111112,0.011111111111111112,0.044444444444444446,0.0,0.011111111111111112,0.011111111111111112,0.0,0.0,0.0,0.0,0.06156447725868808
2110-04-01,0.0,0.0,0.0,0.0,0.0,0.0,0.10989010989010989,0.2967032967032967,0.03296703296703297,0.02197802197802198,0.0,0.0,0.01098901098901099,0.02197802197802198,0.24175824175824176,0.46153846153846156,0.32967032967032966,0.0989010989010989,0.03296703296703297,0.03296703296703297,0.06593406593406594,0.04395604395604396,0.0,0.9560439560439561,0.6043956043956044,0.21978021978021978,0.08791208791208792,0.03296703296703297,0.03296703296703297,0.03296703296703297,0.01098901098901099,0.0,0.9120879120879121,0.7362637362637363,0.4065934065934066,0.14285714285714285,0.08791208791208792,0.054945054945054944,0.054945054945054944,0.0,0.0,0.7032967032967034,0.8571428571428571,0.7362637362637363,0.5604395604395604,0.31868131868131866,0.17582417582417584,0.0989010989010989,0.07692307692307693,0.02197802197802198,0.0,0.5714285714285714,0.8021978021978022,0.7362637362637363,0.6043956043956044,0.46153846153846156,0.34065934065934067,0.1978021978021978,0.08791208791208792,0.03296703296703297,0.0,0.5054945054945055,0.6373626373626373,0.6373626373626373,0.6813186813186813,0.37362637362637363,0.3626373626373626,0.14285714285714285,0.06593406593406594,0.03296703296703297,0.0,0.13186813186813187,0.32967032967032966,0.46153846153846156,0.5164835164835165,0.5494505494505495,0.4945054945054945,0.32967032967032966,0.12087912087912088,0.01098901098901099,0.02197802197802198,0.0,0.054945054945054944,0.17582417582417584,0.3626373626373626,0.6703296703296703,0.4175824175824176,0.23076923076923078,0.08791208791208792,0.02197802197802198,0.0,0.02197802197802198,0.0,0.16483516483516483,0.12087912087912088,0.10989010989010989,0.08791208791208792,0.15384615384615385,0.25274725274725274,0.16483516483516483,0.0989010989010989,0.054945054945054944,0.02197802197802198,0.04395604395604396,0.02197802197802198,0.0,0.12087912087912088,0.13186813186813187,0.17582417582417584,0.23076923076923078,0.18681318681318682,0.18681318681318682,0.18681318681318682,0.18681318681318682,0.0989010989010989,0.04395604395604396,0.054945054945054944,0.01098901098901099,0.01098901098901099,0.25274725274725274,0.24175824175824176,0.34065934065934067,0.1978021978021978,0.1978021978021978,0.3076923076923077,0.16483516483516483,0.17582417582417584,0.15384615384615385,0.04395604395604396,0.02197802197802198,0.01098901098901099,0.16483516483516483,0.21978021978021978,0.13186813186813187,0.21978021978021978,0.18681318681318682,0.26373626373626374,0.18681318681318682,0.23076923076923078,0.15384615384615385,0.04395604395604396,0.01098901098901099,0.2857142857142857,0.3956043956043956,0.12087912087912088,0.18681318681318682,0.2857142857142857,0.3956043956043956,0.2967032967032967,0.25274725274725274,0.10989010989010989,0.01098901098901099,0.0,0.2967032967032967,0.38461538461538464,0.2967032967032967,0.2857142857142857,0.5274725274725275,0.46153846153846156,0.3626373626373626,0.2967032967032967,0.16483516483516483,0.02197802197802198,0.0,0.21978021978021978,0.3076923076923077,0.5054945054945055,0.5604395604395604,0.46153846153846156,0.4945054945054945,0.32967032967032966,0.24175824175824176,0.10989010989010989,0.054945054945054944,0.13186813186813187,0.16483516483516483,0.3516483516483517,0.4065934065934066,0.3076923076923077,0.5384615384615384,0.5384615384615384,0.43956043956043955,0.5164835164835165,0.38461538461538464,0.34065934065934067,0.27472527472527475,0.08791208791208792,0.15384615384615385,0.1978021978021978,0.25274725274725274,0.4175824175824176,0.5714285714285714,0.5494505494505495,0.5164835164835165,0.43956043956043955,0.4175824175824176,0.32967032967032966,0.6263736263736264,0.4725274725274725,0.45054945054945056,0.4835164835164835,0.3626373626373626,0.25274725274725274,0.15384615384615385,0.43956043956043955,0.4725274725274725,0.4945054945054945,0.3956043956043956,0.25274725274725274,0.12087912087912088,0.37362637362637363,0.2087912087912088,0.10989010989010989,0.2967032967032967,0.2087912087912088,0.06593406593406594,0.01098901098901099,0.0,0.0,0.36006651698921727
2110-07-01,0.021739130434782608,0.010869565217391304,0.021739130434782608,0.021739130434782608,0.021739130434782608,0.0,0.06521739130434782,0.4673913043478261,0.09782608695652174,0.021739130434782608,0.043478260869565216,0.10869565217391304,0.10869565217391304,0.03260869565217391,0.44565217391304346,0.9782608695652174,0.6413043478260869,0.17391304347826086,0.06521739130434782,0.08695652173913043,0.11956521739130435,0.10869565217391304,0.03260869565217391,1.0,0.9565217391304348,0.20652173913043478,0.09782608695652174,0.07608695652173914,0.10869565217391304,0.13043478260869565,0.09782608695652174,0.03260869565217391,0.9891304347826086,0.8152173913043478,0.41304347826086957,0.043478260869565216,0.03260869565217391,0.11956521739130435,0.25,0.20652173913043478,0.010869565217391304,0.6630434782608695,0.8152173913043478,0.43478260869565216,0.31521739130434784,0.2391304347826087,0.2826086956521739,0.15217391304347827,0.07608695652173914,0.043478260869565216,0.0,0.42391304347826086,0.4782608695652174,0.2717391304347826,0.358695652173913,0.22826086956521738,0.3804347826086957,0.14130434782608695,0.043478260869565216,0.03260869565217391,0.0,0.18478260869565216,0.21739130434782608,0.29347826086956524,0.4673913043478261,0.17391304347826086,0.3695652173913043,0.20652173913043478,0.18478260869565216,0.06521739130434782,0.021739130434782608,0.0,0.010869565217391304,0.09782608695652174,0.1956521739130435,0.1956521739130435,0.6304347826086957,0.5978260869565217,0.44565217391304346,0.25,0.09782608695652174,0.010869565217391304,0.0,0.10869565217391304,0.07608695652173914,0.6847826086956522,0.5543478260869565,0.4673913043478261,0.4782608695652174,0.31521739130434784,0.17391304347826086,0.05434782608695652,0.03260869565217391,0.0,0.0,0.05434782608695652,0.16304347826086957,0.11956521739130435,0.3804347826086957,0.44565217391304346,0.4891304347826087,0.44565217391304346,0.2717391304347826,0.18478260869565216,0.16304347826086957,0.06521739130434782,0.0,0.0,0.14130434782608695,0.2826086956521739,0.2826086956521739,0.42391304347826086,0.5652173913043478,0.6956521739130435,0.5652173913043478,0.5,0.31521739130434784,0.20652173913043478,0.11956521739130435,0.20652173913043478,0.31521739130434784,0.5434782608695652,0.532608695652174,0.6847826086956522,0.8695652173913043,0.7717391304347826,0.6304347826086957,0.40217391304347827,0.17391304347826086,0.08695652173913043,0.03260869565217391,0.13043478260869565,0.30434782608695654,0.45652173913043476,0.5652173913043478,0.43478260869565216,0.6304347826086957,0.7391304347826086,0.6630434782608695,0.4673913043478261,0.2608695652173913,0.08695652173913043,0.1956521739130435,0.34782608695652173,0.42391304347826086,0.5543478260869565,0.6086956521739131,0.9239130434782609,0.8260869565217391,0.717391304347826,0.44565217391304346,0.21739130434782608,0.06521739130434782,0.14130434782608695,0.3695652173913043,0.5978260869565217,0.532608695652174,0.8695652173913043,0.9239130434782609,0.8695652173913043,0.782608695652174,0.532608695652174,0.22826086956521738,0.09782608695652174,0.10869565217391304,0.22826086956521738,0.8478260869565217,0.7608695652173914,0.6739130434782609,0.9239130434782609,0.8260869565217391,0.7065217391304348,0.3804347826086957,0.17391304347826086,0.05434782608695652,0.05434782608695652,0.22826086956521738,0.30434782608695654,0.29347826086956524,0.6413043478260869,0.5217391304347826,0.4673913043478261,0.8913043478260869,0.782608695652174,0.6847826086956522,0.5652173913043478,0.20652173913043478,0.03260869565217391,0.08695652173913043,0.10869565217391304,0.2608695652173913,0.532608695652174,0.5,0.5434782608695652,0.7282608695652174,0.8478260869565217,0.6847826086956522,0.4782608695652174,0.30434782608695654,0.40217391304347827,0.6956521739130435,0.7065217391304348,0.5,0.34782608695652173,0.2391304347826087,0.41304347826086957,0.4891304347826087,0.7282608695652174,0.5217391304347826,0.3804347826086957,0.5108695652173914,0.43478260869565216,0.25,0.3804347826086957,0.29347826086956524,0.10869565217391304,0.06521739130434782,0.06521739130434782,0.010869565217391304,0.5577258501400258
2110-10-01,0.06521739130434782,0.03260869565217391,0.010869565217391304,0.0,0.0,0.0,0.21739130434782608,0.20652173913043478,0.09782608695652174,0.05434782608695652,0.010869565217391304,0.0,0.0,0.0,0.4782608695652174,0.2608695652173913,0.11956521739130435,0.06521739130434782,0.043478260869565216,0.021739130434782608,0.0,0.0,0.0,0.7065217391304348,0.34782608695652173,0.043478260869565216,0.03260869565217391,0.010869565217391304,0.03260869565217391,0.0,0.0,0.0,0.8043478260869565,0.5,0.03260869565217391,0.0,0.021739130434782608,0.021739130434782608,0.0,0.0,0.0,0.07608695652173914,0.2608695652173913,0.0,0.010869565217391304,0.0,0.010869565217391304,0.010869565217391304,0.0,0.0,0.0,0.010869565217391304,0.10869565217391304,0.05434782608695652,0.0,0.0,0.0,0.0,0.0,0.0,0.0,0.0,0.010869565217391304,0.021739130434782608,0.043478260869565216,0.0,0.0,0.0,0.0,0.0,0.0,0.0,0.0,0.0,0.010869565217391304,0.0,0.03260869565217391,0.0,0.0,0.0,0.0,0.0,0.010869565217391304,0.0,0.0,0.021739130434782608,0.0,0.0,0.0,0.0,0.0,0.0,0.0,0.010869565217391304,0.03260869565217391,0.09782608695652174,0.03260869565217391,0.0,0.03260869565217391,0.010869565217391304,0.0,0.0,0.0,0.0,0.0,0.0,0.0,0.10869565217391304,0.10869565217391304,0.20652173913043478,0.07608695652173914,0.13043478260869565,0.10869565217391304,0.07608695652173914,0.010869565217391304,0.0,0.0,0.0,0.0,0.09782608695652174,0.15217391304347827,0.18478260869565216,0.15217391304347827,0.11956521739130435,0.08695652173913043,0.05434782608695652,0.021739130434782608,0.0,0.0,0.0,0.0,0.05434782608695652,0.09782608695652174,0.11956521739130435,0.10869565217391304,0.043478260869565216,0.05434782608695652,0.043478260869565216,0.021739130434782608,0.0,0.0,0.0,0.05434782608695652,0.06521739130434782,0.05434782608695652,0.06521739130434782,0.10869565217391304,0.15217391304347827,0.09782608695652174,0.05434782608695652,0.03260869565217391,0.0,0.0,0.043478260869565216,0.043478260869565216,0.09782608695652174,0.07608695652173914,0.2608695652173913,0.20652173913043478,0.16304347826086957,0.09782608695652174,0.05434782608695652,0.021739130434782608,0.0,0.010869565217391304,0.043478260869565216,0.10869565217391304,0.25,0.5869565217391305,0.34782608695652173,0.20652173913043478,0.10869565217391304,0.043478260869565216,0.021739130434782608,0.0,0.021739130434782608,0.0,0.0,0.021739130434782608,0.06521739130434782,0.08695652173913043,0.1956521739130435,0.11956521739130435,0.13043478260869565,0.08695652173913043,0.043478260869565216,0.043478260869565216,0.0,0.0,0.0,0.010869565217391304,0.021739130434782608,0.0,0.07608695652173914,0.09782608695652174,0.06521739130434782,0.06521739130434782,0.010869565217391304,0.0,0.03260869565217391,0.2826086956521739,0.07608695652173914,0.03260869565217391,0.010869565217391304,0.0,0.0,0.043478260869565216,0.20652173913043478,0.03260869565217391,0.010869565217391304,0.05434782608695652,0.03260869565217391,0.010869565217391304,0.05434782608695652,0.03260869565217391,0.0,0.0,0.0,0.0,0.13678487296877692
2111-01-01,0.03333333333333333,0.0,0.0,0.0,0.0,0.022222222222222223,0.12222222222222222,0.044444444444444446,0.011111111111111112,0.011111111111111112,0.0,0.0,0.0,0.0,0.35555555555555557,0.1111111111111111,0.03333333333333333,0.022222222222222223,0.0,0.0,0.0,0.0,0.0,0.6666666666666666,0.25555555555555554,0.06666666666666667,0.05555555555555555,0.0,0.022222222222222223,0.011111111111111112,0.0,0.0,0.7666666666666667,0.5333333333333333,0.17777777777777778,0.1111111111111111,0.05555555555555555,0.022222222222222223,0.022222222222222223,0.0,0.0,0.08888888888888889,0.26666666666666666,0.18888888888888888,0.16666666666666666,0.15555555555555556,0.05555555555555555,0.08888888888888889,0.08888888888888889,0.011111111111111112,0.0,0.05555555555555555,0.07777777777777778,0.15555555555555556,0.15555555555555556,0.2111111111111111,0.12222222222222222,0.1,0.08888888888888889,0.022222222222222223,0.0,0.03333333333333333,0.07777777777777778,0.08888888888888889,0.12222222222222222,0.17777777777777778,0.14444444444444443,0.2,0.06666666666666667,0.011111111111111112,0.011111111111111112,0.0,0.011111111111111112,0.07777777777777778,0.1111111111111111,0.1111111111111111,0.12222222222222222,0.12222222222222222,0.1111111111111111,0.03333333333333333,0.0,0.011111111111111112,0.022222222222222223,0.011111111111111112,0.011111111111111112,0.022222222222222223,0.03333333333333333,0.05555555555555555,0.06666666666666667,0.022222222222222223,0.0,0.0,0.011111111111111112,0.0,0.022222222222222223,0.022222222222222223,0.0,0.0,0.0,0.011111111111111112,0.011111111111111112,0.011111111111111112,0.0,0.011111111111111112,0.011111111111111112,0.011111111111111112,0.022222222222222223,0.07777777777777778,0.07777777777777778,0.03333333333333333,0.0,0.0,0.0,0.011111111111111112,0.011111111111111112,0.011111111111111112,0.011111111111111112,0.0,0.0,0.08888888888888889,0.03333333333333333,0.0,0.0,0.0,0.0,0.0,0.0,0.0,0.0,0.0,0.0,0.1,0.03333333333333333,0.0,0.011111111111111112,0.0,0.0,0.0,0.011111111111111112,0.011111111111111112,0.0,0.0,0.17777777777777778,0.05555555555555555,0.0,0.022222222222222223,0.0,0.0,0.0,0.011111111111111112,0.022222222222222223,0.0,0.0,0.16666666666666666,0.25555555555555554,0.03333333333333333,0.022222222222222223,0.03333333333333333,0.011111111111111112,0.044444444444444446,0.011111111111111112,0.011111111111111112,0.0,0.0,0.1111111111111111,0.05555555555555555,0.06666666666666667,0.05555555555555555,0.022222222222222223,0.022222222222222223,0.022222222222222223,0.0,0.011111111111111112,0.0,0.05555555555555555,0.12222222222222222,0.16666666666666666,0.1111111111111111,0.06666666666666667,0.06666666666666667,0.05555555555555555,0.022222222222222223,0.03333333333333333,0.011111111111111112,0.0,0.011111111111111112,0.011111111111111112,0.07777777777777778,0.1111111111111111,0.14444444444444443,0.13333333333333333,0.07777777777777778,0.07777777777777778,0.03333333333333333,0.03333333333333333,0.0,0.0,0.1111111111111111,0.07777777777777778,0.03333333333333333,0.011111111111111112,0.03333333333333333,0.022222222222222223,0.011111111111111112,0.1111111111111111,0.06666666666666667,0.03333333333333333,0.06666666666666667,0.03333333333333333,0.03333333333333333,0.011111111111111112,0.044444444444444446,0.011111111111111112,0.022222222222222223,0.0,0.0,0.0,0.0,0.0,0.0776073256534266
2111-04-01,0.02197802197802198,0.02197802197802198,0.01098901098901099,0.01098901098901099,0.03296703296703297,0.04395604395604396,0.0989010989010989,0.45054945054945056,0.16483516483516483,0.12087912087912088,0.14285714285714285,0.06593406593406594,0.054945054945054944,0.04395604395604396,0.31868131868131866,0.6923076923076923,0.4945054945054945,0.34065934065934067,0.26373626373626374,0.21978021978021978,0.16483516483516483,0.08791208791208792,0.03296703296703297,1.0,0.8681318681318682,0.4835164835164835,0.34065934065934067,0.23076923076923078,0.25274725274725274,0.1978021978021978,0.0989010989010989,0.01098901098901099,1.0,0.9560439560439561,0.7582417582417582,0.4725274725274725,0.25274725274725274,0.18681318681318682,0.14285714285714285,0.10989010989010989,0.04395604395604396,0.7912087912087912,0.989010989010989,0.9010989010989011,0.7912087912087912,0.6813186813186813,0.4945054945054945,0.31868131868131866,0.15384615384615385,0.07692307692307693,0.08791208791208792,0.5494505494505495,0.8131868131868132,0.8021978021978022,0.7252747252747253,0.6593406593406593,0.6153846153846154,0.37362637362637363,0.15384615384615385,0.0989010989010989,0.07692307692307693,0.2087912087912088,0.6373626373626373,0.6703296703296703,0.6703296703296703,0.4945054945054945,0.5824175824175825,0.32967032967032966,0.1978021978021978,0.12087912087912088,0.04395604395604396,0.04395604395604396,0.12087912087912088,0.27472527472527475,0.32967032967032966,0.38461538461538464,0.5384615384615384,0.5384615384615384,0.4835164835164835,0.21978021978021978,0.10989010989010989,0.054945054945054944,0.03296703296703297,0.12087912087912088,0.16483516483516483,0.46153846153846156,0.3626373626373626,0.3076923076923077,0.32967032967032966,0.2087912087912088,0.18681318681318682,0.054945054945054944,0.054945054945054944,0.12087912087912088,0.054945054945054944,0.12087912087912088,0.08791208791208792,0.0989010989010989,0.13186813186813187,0.16483516483516483,0.15384615384615385,0.21978021978021978,0.21978021978021978,0.26373626373626374,0.10989010989010989,0.07692307692307693,0.12087912087912088,0.14285714285714285,0.18681318681318682,0.18681318681318682,0.18681318681318682,0.16483516483516483,0.2087912087912088,0.2967032967032967,0.32967032967032966,0.37362637362637363,0.2967032967032967,0.15384615384615385,0.10989010989010989,0.21978021978021978,0.3076923076923077,0.2967032967032967,0.3076923076923077,0.4065934065934066,0.5164835164835165,0.45054945054945056,0.4725274725274725,0.3516483516483517,0.17582417582417584,0.07692307692307693,0.01098901098901099,0.08791208791208792,0.2087912087912088,0.25274725274725274,0.32967032967032966,0.3076923076923077,0.46153846153846156,0.46153846153846156,0.5054945054945055,0.3516483516483517,0.17582417582417584,0.07692307692307693,0.14285714285714285,0.32967032967032966,0.2967032967032967,0.5274725274725275,0.5494505494505495,0.6483516483516484,0.5934065934065934,0.4945054945054945,0.3516483516483517,0.17582417582417584,0.08791208791208792,0.14285714285714285,0.2857142857142857,0.42857142857142855,0.4945054945054945,0.7252747252747253,0.7142857142857143,0.6703296703296703,0.5604395604395604,0.37362637362637363,0.18681318681318682,0.12087912087912088,0.0989010989010989,0.23076923076923078,0.6813186813186813,0.7912087912087912,0.7032967032967034,0.7362637362637363,0.6703296703296703,0.5274725274725275,0.37362637362637363,0.1978021978021978,0.06593406593406594,0.06593406593406594,0.16483516483516483,0.17582417582417584,0.25274725274725274,0.6153846153846154,0.6263736263736264,0.6153846153846154,0.7582417582417582,0.6703296703296703,0.5274725274725275,0.43956043956043955,0.17582417582417584,0.06593406593406594,0.04395604395604396,0.01098901098901099,0.2087912087912088,0.5274725274725275,0.5604395604395604,0.7032967032967034,0.7362637362637363,0.7032967032967034,0.5054945054945055,0.4065934065934066,0.2967032967032967,0.5604395604395604,0.7032967032967034,0.6153846153846154,0.4065934065934066,0.25274725274725274,0.18681318681318682,0.45054945054945056,0.5274725274725275,0.5384615384615384,0.4175824175824176,0.2857142857142857,0.3956043956043956,0.4065934065934066,0.18681318681318682,0.4065934065934066,0.26373626373626374,0.14285714285714285,0.04395604395604396,0.054945054945054944,0.01098901098901099,0.48409568570632877
2111-07-01,0.0,0.0,0.0,0.021739130434782608,0.07608695652173914,0.0,0.15217391304347827,0.5217391304347826,0.15217391304347827,0.043478260869565216,0.06521739130434782,0.15217391304347827,0.21739130434782608,0.06521739130434782,0.4782608695652174,0.9565217391304348,0.8152173913043478,0.21739130434782608,0.06521739130434782,0.09782608695652174,0.16304347826086957,0.17391304347826086,0.0,1.0,0.9565217391304348,0.2826086956521739,0.010869565217391304,0.03260869565217391,0.09782608695652174,0.14130434782608695,0.16304347826086957,0.0,0.9891304347826086,0.9239130434782609,0.5760869565217391,0.17391304347826086,0.0,0.03260869565217391,0.20652173913043478,0.22826086956521738,0.0,0.6195652173913043,0.8695652173913043,0.5652173913043478,0.5652173913043478,0.5217391304347826,0.3804347826086957,0.05434782608695652,0.05434782608695652,0.05434782608695652,0.010869565217391304,0.30434782608695654,0.6086956521739131,0.5869565217391305,0.5,0.43478260869565216,0.6413043478260869,0.15217391304347827,0.07608695652173914,0.03260869565217391,0.0,0.16304347826086957,0.31521739130434784,0.41304347826086957,0.5217391304347826,0.34782608695652173,0.6521739130434783,0.44565217391304346,0.3695652173913043,0.17391304347826086,0.05434782608695652,0.010869565217391304,0.05434782608695652,0.10869565217391304,0.22826086956521738,0.25,0.6304347826086957,0.717391304347826,0.5652173913043478,0.358695652173913,0.14130434782608695,0.07608695652173914,0.0,0.05434782608695652,0.06521739130434782,0.6847826086956522,0.4891304347826087,0.4782608695652174,0.5108695652173914,0.43478260869565216,0.25,0.15217391304347827,0.07608695652173914,0.0,0.0,0.010869565217391304,0.07608695652173914,0.09782608695652174,0.3695652173913043,0.34782608695652173,0.391304347826087,0.4782608695652174,0.41304347826086957,0.33695652173913043,0.1956521739130435,0.09782608695652174,0.010869565217391304,0.010869565217391304,0.010869565217391304,0.15217391304347827,0.2608695652173913,0.3695652173913043,0.45652173913043476,0.5108695652173914,0.5217391304347826,0.5108695652173914,0.391304347826087,0.2717391304347826,0.14130434782608695,0.08695652173913043,0.15217391304347827,0.41304347826086957,0.40217391304347827,0.5543478260869565,0.6521739130434783,0.6195652173913043,0.5652173913043478,0.4782608695652174,0.2391304347826087,0.07608695652173914,0.043478260869565216,0.021739130434782608,0.18478260869565216,0.2826086956521739,0.45652173913043476,0.3804347826086957,0.5652173913043478,0.6086956521739131,0.5543478260869565,0.4782608695652174,0.2391304347826087,0.05434782608695652,0.08695652173913043,0.1956521739130435,0.17391304347826086,0.45652173913043476,0.5760869565217391,0.8260869565217391,0.7065217391304348,0.5760869565217391,0.391304347826087,0.16304347826086957,0.05434782608695652,0.010869565217391304,0.2608695652173913,0.32608695652173914,0.5434782608695652,0.8478260869565217,0.8695652173913043,0.7717391304347826,0.6956521739130435,0.5108695652173914,0.20652173913043478,0.05434782608695652,0.03260869565217391,0.11956521739130435,0.6304347826086957,0.6956521739130435,0.6630434782608695,0.8152173913043478,0.7282608695652174,0.6521739130434783,0.3695652173913043,0.14130434782608695,0.0,0.0,0.13043478260869565,0.15217391304347827,0.06521739130434782,0.5,0.42391304347826086,0.42391304347826086,0.717391304347826,0.7065217391304348,0.6847826086956522,0.5978260869565217,0.2391304347826087,0.043478260869565216,0.043478260869565216,0.043478260869565216,0.08695652173913043,0.41304347826086957,0.358695652173913,0.40217391304347827,0.532608695652174,0.7065217391304348,0.6739130434782609,0.2826086956521739,0.17391304347826086,0.33695652173913043,0.5869565217391305,0.532608695652174,0.42391304347826086,0.358695652173913,0.13043478260869565,0.25,0.3804347826086957,0.6086956521739131,0.4673913043478261,0.2826086956521739,0.391304347826087,0.43478260869565216,0.21739130434782608,0.2608695652173913,0.25,0.08695652173913043,0.03260869565217391,0.021739130434782608,0.010869565217391304,0.4940863316512882
2111-10-01,0.010869565217391304,0.0,0.0,0.0,0.0,0.0,0.10869565217391304,0.1956521739130435,0.06521739130434782,0.010869565217391304,0.0,0.0,0.0,0.0,0.5434782608695652,0.32608695652173914,0.1956521739130435,0.05434782608695652,0.010869565217391304,0.0,0.0,0.0,0.0,0.8152173913043478,0.41304347826086957,0.10869565217391304,0.03260869565217391,0.010869565217391304,0.010869565217391304,0.0,0.0,0.0,0.8369565217391305,0.6521739130434783,0.13043478260869565,0.043478260869565216,0.0,0.0,0.0,0.0,0.0,0.03260869565217391,0.15217391304347827,0.11956521739130435,0.06521739130434782,0.021739130434782608,0.0,0.0,0.0,0.0,0.0,0.010869565217391304,0.06521739130434782,0.08695652173913043,0.05434782608695652,0.021739130434782608,0.0,0.0,0.0,0.0,0.0,0.0,0.010869565217391304,0.05434782608695652,0.021739130434782608,0.010869565217391304,0.0,0.021739130434782608,0.0,0.0,0.0,0.0,0.0,0.010869565217391304,0.0,0.0,0.0,0.0,0.010869565217391304,0.0,0.0,0.0,0.021739130434782608,0.0,0.0,0.021739130434782608,0.0,0.0,0.0,0.0,0.0,0.0,0.0,0.0,0.043478260869565216,0.07608695652173914,0.03260869565217391,0.0,0.0,0.0,0.0,0.0,0.0,0.0,0.0,0.0,0.09782608695652174,0.15217391304347827,0.15217391304347827,0.15217391304347827,0.06521739130434782,0.05434782608695652,0.043478260869565216,0.021739130434782608,0.010869565217391304,0.010869565217391304,0.0,0.0,0.0,0.16304347826086957,0.11956521739130435,0.13043478260869565,0.08695652173913043,0.08695652173913043,0.07608695652173914,0.043478260869565216,0.021739130434782608,0.010869565217391304,0.0,0.0,0.0,0.08695652173913043,0.11956521739130435,0.10869565217391304,0.10869565217391304,0.07608695652173914,0.07608695652173914,0.043478260869565216,0.05434782608695652,0.010869565217391304,0.0,0.0,0.07608695652173914,0.07608695652173914,0.05434782608695652,0.08695652173913043,0.17391304347826086,0.16304347826086957,0.09782608695652174,0.08695652173913043,0.0,0.0,0.0,0.05434782608695652,0.08695652173913043,0.13043478260869565,0.13043478260869565,0.2717391304347826,0.1956521739130435,0.22826086956521738,0.13043478260869565,0.021739130434782608,0.0,0.0,0.05434782608695652,0.06521739130434782,0.18478260869565216,0.18478260869565216,0.4891304347826087,0.2717391304347826,0.1956521739130435,0.10869565217391304,0.010869565217391304,0.0,0.0,0.0,0.021739130434782608,0.010869565217391304,0.06521739130434782,0.08695652173913043,0.10869565217391304,0.18478260869565216,0.08695652173913043,0.13043478260869565,0.07608695652173914,0.021739130434782608,0.0,0.0,0.0,0.0,0.08695652173913043,0.03260869565217391,0.010869565217391304,0.021739130434782608,0.07608695652173914,0.06521739130434782,0.03260869565217391,0.05434782608695652,0.010869565217391304,0.021739130434782608,0.22826086956521738,0.05434782608695652,0.021739130434782608,0.021739130434782608,0.0,0.03260869565217391,0.010869565217391304,0.16304347826086957,0.05434782608695652,0.03260869565217391,0.05434782608695652,0.06521739130434782,0.043478260869565216,0.0,0.03260869565217391,0.010869565217391304,0.0,0.0,0.0,0.13982086633576288
2112-01-01,0.044444444444444446,0.044444444444444446,0.044444444444444446,0.03333333333333333,0.03333333333333333,0.044444444444444446,0.2,0.1111111111111111,0.06666666666666667,0.03333333333333333,0.022222222222222223,0.011111111111111112,0.022222222222222223,0.022222222222222223,0.5222222222222223,0.15555555555555556,0.14444444444444443,0.1,0.07777777777777778,0.07777777777777778,0.011111111111111112,0.0,0.022222222222222223,0.6666666666666666,0.26666666666666666,0.13333333333333333,0.13333333333333333,0.13333333333333333,0.1,0.03333333333333333,0.022222222222222223,0.011111111111111112,0.7333333333333333,0.4888888888888889,0.14444444444444443,0.14444444444444443,0.1,0.07777777777777778,0.08888888888888889,0.044444444444444446,0.03333333333333333,0.16666666666666666,0.24444444444444444,0.1111111111111111,0.1111111111111111,0.13333333333333333,0.07777777777777778,0.12222222222222222,0.12222222222222222,0.05555555555555555,0.03333333333333333,0.12222222222222222,0.12222222222222222,0.1111111111111111,0.16666666666666666,0.18888888888888888,0.1111111111111111,0.14444444444444443,0.12222222222222222,0.07777777777777778,0.022222222222222223,0.12222222222222222,0.13333333333333333,0.12222222222222222,0.15555555555555556,0.2,0.16666666666666666,0.2111111111111111,0.1,0.05555555555555555,0.022222222222222223,0.05555555555555555,0.1,0.12222222222222222,0.15555555555555556,0.14444444444444443,0.15555555555555556,0.16666666666666666,0.1111111111111111,0.05555555555555555,0.05555555555555555,0.03333333333333333,0.05555555555555555,0.1,0.07777777777777778,0.05555555555555555,0.07777777777777778,0.08888888888888889,0.1111111111111111,0.06666666666666667,0.05555555555555555,0.044444444444444446,0.03333333333333333,0.06666666666666667,0.06666666666666667,0.08888888888888889,0.05555555555555555,0.05555555555555555,0.044444444444444446,0.022222222222222223,0.03333333333333333,0.022222222222222223,0.06666666666666667,0.05555555555555555,0.03333333333333333,0.03333333333333333,0.06666666666666667,0.1111111111111111,0.1,0.07777777777777778,0.03333333333333333,0.022222222222222223,0.022222222222222223,0.022222222222222223,0.022222222222222223,0.022222222222222223,0.044444444444444446,0.044444444444444446,0.011111111111111112,0.07777777777777778,0.07777777777777778,0.07777777777777778,0.022222222222222223,0.022222222222222223,0.022222222222222223,0.011111111111111112,0.022222222222222223,0.022222222222222223,0.022222222222222223,0.011111111111111112,0.022222222222222223,0.12222222222222222,0.07777777777777778,0.05555555555555555,0.03333333333333333,0.011111111111111112,0.011111111111111112,0.022222222222222223,0.022222222222222223,0.011111111111111112,0.03333333333333333,0.011111111111111112,0.2,0.05555555555555555,0.03333333333333333,0.022222222222222223,0.022222222222222223,0.011111111111111112,0.022222222222222223,0.022222222222222223,0.011111111111111112,0.022222222222222223,0.0,0.15555555555555556,0.17777777777777778,0.044444444444444446,0.022222222222222223,0.03333333333333333,0.044444444444444446,0.03333333333333333,0.044444444444444446,0.022222222222222223,0.011111111111111112,0.0,0.12222222222222222,0.08888888888888889,0.06666666666666667,0.03333333333333333,0.022222222222222223,0.022222222222222223,0.022222222222222223,0.022222222222222223,0.011111111111111112,0.011111111111111112,0.07777777777777778,0.2777777777777778,0.2111111111111111,0.1111111111111111,0.07777777777777778,0.1111111111111111,0.06666666666666667,0.022222222222222223,0.011111111111111112,0.0,0.011111111111111112,0.022222222222222223,0.011111111111111112,0.17777777777777778,0.13333333333333333,0.12222222222222222,0.14444444444444443,0.1111111111111111,0.06666666666666667,0.03333333333333333,0.011111111111111112,0.0,0.0,0.14444444444444443,0.07777777777777778,0.044444444444444446,0.05555555555555555,0.0,0.0,0.0,0.1111111111111111,0.08888888888888889,0.07777777777777778,0.07777777777777778,0.0,0.0,0.011111111111111112,0.011111111111111112,0.011111111111111112,0.044444444444444446,0.011111111111111112,0.0,0.0,0.0,0.0,0.09285450903940921
2112-04-01,0.06593406593406594,0.054945054945054944,0.054945054945054944,0.054945054945054944,0.01098901098901099,0.0,0.31868131868131866,0.4835164835164835,0.0989010989010989,0.04395604395604396,0.04395604395604396,0.08791208791208792,0.054945054945054944,0.02197802197802198,0.4725274725274725,0.6813186813186813,0.6483516483516484,0.2967032967032967,0.17582417582417584,0.14285714285714285,0.0989010989010989,0.03296703296703297,0.04395604395604396,0.989010989010989,0.8571428571428571,0.4945054945054945,0.31868131868131866,0.3626373626373626,0.1978021978021978,0.15384615384615385,0.07692307692307693,0.04395604395604396,0.967032967032967,0.9230769230769231,0.6813186813186813,0.45054945054945056,0.32967032967032966,0.2857142857142857,0.17582417582417584,0.03296703296703297,0.04395604395604396,0.6153846153846154,0.9340659340659341,0.8571428571428571,0.7252747252747253,0.5824175824175825,0.5494505494505495,0.32967032967032966,0.23076923076923078,0.054945054945054944,0.07692307692307693,0.4835164835164835,0.8021978021978022,0.8021978021978022,0.7032967032967034,0.5714285714285714,0.5934065934065934,0.34065934065934067,0.18681318681318682,0.04395604395604396,0.06593406593406594,0.38461538461538464,0.6703296703296703,0.6923076923076923,0.5934065934065934,0.45054945054945056,0.4725274725274725,0.26373626373626374,0.12087912087912088,0.08791208791208792,0.04395604395604396,0.14285714285714285,0.37362637362637363,0.4945054945054945,0.5274725274725275,0.4725274725274725,0.43956043956043955,0.37362637362637363,0.1978021978021978,0.054945054945054944,0.06593406593406594,0.04395604395604396,0.0989010989010989,0.16483516483516483,0.45054945054945056,0.5164835164835165,0.32967032967032966,0.18681318681318682,0.15384615384615385,0.06593406593406594,0.02197802197802198,0.054945054945054944,0.04395604395604396,0.0989010989010989,0.0989010989010989,0.13186813186813187,0.10989010989010989,0.17582417582417584,0.18681318681318682,0.15384615384615385,0.12087912087912088,0.08791208791208792,0.054945054945054944,0.04395604395604396,0.054945054945054944,0.054945054945054944,0.13186813186813187,0.12087912087912088,0.18681318681318682,0.1978021978021978,0.23076923076923078,0.23076923076923078,0.1978021978021978,0.10989010989010989,0.07692307692307693,0.07692307692307693,0.06593406593406594,0.054945054945054944,0.03296703296703297,0.16483516483516483,0.17582417582417584,0.31868131868131866,0.24175824175824176,0.15384615384615385,0.18681318681318682,0.18681318681318682,0.17582417582417584,0.10989010989010989,0.054945054945054944,0.02197802197802198,0.0,0.07692307692307693,0.23076923076923078,0.21978021978021978,0.23076923076923078,0.18681318681318682,0.27472527472527475,0.27472527472527475,0.24175824175824176,0.14285714285714285,0.054945054945054944,0.03296703296703297,0.13186813186813187,0.24175824175824176,0.14285714285714285,0.24175824175824176,0.3076923076923077,0.38461538461538464,0.34065934065934067,0.24175824175824176,0.12087912087912088,0.07692307692307693,0.054945054945054944,0.16483516483516483,0.26373626373626374,0.34065934065934067,0.27472527472527475,0.4725274725274725,0.46153846153846156,0.3076923076923077,0.3076923076923077,0.17582417582417584,0.08791208791208792,0.08791208791208792,0.15384615384615385,0.18681318681318682,0.45054945054945056,0.5054945054945055,0.37362637362637363,0.4725274725274725,0.24175824175824176,0.24175824175824176,0.15384615384615385,0.08791208791208792,0.02197802197802198,0.17582417582417584,0.2087912087912088,0.23076923076923078,0.12087912087912088,0.37362637362637363,0.3076923076923077,0.3076923076923077,0.4945054945054945,0.26373626373626374,0.32967032967032966,0.23076923076923078,0.08791208791208792,0.13186813186813187,0.18681318681318682,0.21978021978021978,0.2857142857142857,0.31868131868131866,0.2967032967032967,0.3956043956043956,0.38461538461538464,0.34065934065934067,0.31868131868131866,0.3626373626373626,0.1978021978021978,0.3516483516483517,0.3956043956043956,0.2857142857142857,0.1978021978021978,0.13186813186813187,0.3076923076923077,0.42857142857142855,0.3626373626373626,0.2967032967032967,0.18681318681318682,0.0989010989010989,0.2857142857142857,0.1978021978021978,0.054945054945054944,0.34065934065934067,0.17582417582417584,0.07692307692307693,0.01098901098901099,0.054945054945054944,0.0,0.3347475088570497
2112-07-01,0.010869565217391304,0.0,0.021739130434782608,0.010869565217391304,0.0,0.0,0.07608695652173914,0.5217391304347826,0.14130434782608695,0.043478260869565216,0.021739130434782608,0.010869565217391304,0.021739130434782608,0.010869565217391304,0.43478260869565216,0.9239130434782609,0.6304347826086957,0.16304347826086957,0.05434782608695652,0.043478260869565216,0.043478260869565216,0.0,0.0,1.0,0.9782608695652174,0.21739130434782608,0.08695652173913043,0.06521739130434782,0.06521739130434782,0.03260869565217391,0.05434782608695652,0.0,1.0,0.9347826086956522,0.43478260869565216,0.15217391304347827,0.06521739130434782,0.043478260869565216,0.14130434782608695,0.20652173913043478,0.03260869565217391,0.7282608695652174,0.8804347826086957,0.6086956521739131,0.5652173913043478,0.42391304347826086,0.2717391304347826,0.10869565217391304,0.010869565217391304,0.0,0.0,0.358695652173913,0.6630434782608695,0.5217391304347826,0.532608695652174,0.391304347826087,0.43478260869565216,0.18478260869565216,0.010869565217391304,0.0,0.0,0.15217391304347827,0.22826086956521738,0.30434782608695654,0.6086956521739131,0.1956521739130435,0.3804347826086957,0.1956521739130435,0.03260869565217391,0.010869565217391304,0.0,0.0,0.0,0.10869565217391304,0.31521739130434784,0.2608695652173913,0.6195652173913043,0.45652173913043476,0.22826086956521738,0.05434782608695652,0.0,0.0,0.0,0.043478260869565216,0.09782608695652174,0.6413043478260869,0.44565217391304346,0.16304347826086957,0.14130434782608695,0.09782608695652174,0.010869565217391304,0.021739130434782608,0.010869565217391304,0.0,0.0,0.0,0.07608695652173914,0.09782608695652174,0.2826086956521739,0.3695652173913043,0.16304347826086957,0.043478260869565216,0.021739130434782608,0.021739130434782608,0.021739130434782608,0.010869565217391304,0.0,0.010869565217391304,0.010869565217391304,0.1956521739130435,0.25,0.391304347826087,0.44565217391304346,0.45652173913043476,0.13043478260869565,0.03260869565217391,0.021739130434782608,0.03260869565217391,0.021739130434782608,0.05434782608695652,0.20652173913043478,0.41304347826086957,0.43478260869565216,0.5,0.5108695652173914,0.25,0.08695652173913043,0.05434782608695652,0.03260869565217391,0.0,0.0,0.010869565217391304,0.11956521739130435,0.32608695652173914,0.31521739130434784,0.20652173913043478,0.4673913043478261,0.2717391304347826,0.20652173913043478,0.18478260869565216,0.043478260869565216,0.0,0.03260869565217391,0.2608695652173913,0.21739130434782608,0.30434782608695654,0.42391304347826086,0.7934782608695652,0.5760869565217391,0.40217391304347827,0.14130434782608695,0.043478260869565216,0.010869565217391304,0.010869565217391304,0.2717391304347826,0.3804347826086957,0.29347826086956524,0.8260869565217391,0.9021739130434783,0.75,0.5760869565217391,0.31521739130434784,0.06521739130434782,0.03260869565217391,0.0,0.03260869565217391,0.5434782608695652,0.6086956521739131,0.4782608695652174,0.8152173913043478,0.6630434782608695,0.5108695652173914,0.21739130434782608,0.07608695652173914,0.010869565217391304,0.0,0.13043478260869565,0.03260869565217391,0.021739130434782608,0.4782608695652174,0.41304347826086957,0.29347826086956524,0.7391304347826086,0.6413043478260869,0.5869565217391305,0.42391304347826086,0.15217391304347827,0.0,0.0,0.0,0.0,0.33695652173913043,0.32608695652173914,0.41304347826086957,0.5217391304347826,0.6956521739130435,0.5434782608695652,0.14130434782608695,0.03260869565217391,0.10869565217391304,0.532608695652174,0.5434782608695652,0.3804347826086957,0.25,0.0,0.08695652173913043,0.2717391304347826,0.5652173913043478,0.40217391304347827,0.21739130434782608,0.33695652173913043,0.40217391304347827,0.1956521739130435,0.15217391304347827,0.22826086956521738,0.11956521739130435,0.021739130434782608,0.0,0.0,0.4304643949841311
2112-10-01,0.05434782608695652,0.03260869565217391,0.021739130434782608,0.0,0.0,0.0,0.31521739130434784,0.31521739130434784,0.14130434782608695,0.05434782608695652,0.03260869565217391,0.0,0.0,0.0,0.7608695652173914,0.42391304347826086,0.22826086956521738,0.07608695652173914,0.05434782608695652,0.03260869565217391,0.010869565217391304,0.0,0.0,0.8913043478260869,0.4673913043478261,0.21739130434782608,0.043478260869565216,0.03260869565217391,0.010869565217391304,0.0,0.010869565217391304,0.0,0.8369565217391305,0.6086956521739131,0.10869565217391304,0.021739130434782608,0.021739130434782608,0.010869565217391304,0.0,0.0,0.0,0.021739130434782608,0.17391304347826086,0.06521739130434782,0.05434782608695652,0.010869565217391304,0.010869565217391304,0.0,0.0,0.0,0.0,0.05434782608695652,0.021739130434782608,0.07608695652173914,0.043478260869565216,0.0,0.0,0.0,0.0,0.0,0.0,0.021739130434782608,0.0,0.010869565217391304,0.021739130434782608,0.0,0.0,0.010869565217391304,0.0,0.0,0.0,0.07608695652173914,0.021739130434782608,0.0,0.021739130434782608,0.0,0.010869565217391304,0.0,0.010869565217391304,0.0,0.0,0.0,0.11956521739130435,0.06521739130434782,0.010869565217391304,0.03260869565217391,0.0,0.0,0.0,0.0,0.0,0.0,0.0,0.08695652173913043,0.1956521739130435,0.2717391304347826,0.08695652173913043,0.03260869565217391,0.08695652173913043,0.03260869565217391,0.0,0.0,0.0,0.0,0.0,0.0,0.13043478260869565,0.2391304347826087,0.31521739130434784,0.2608695652173913,0.10869565217391304,0.08695652173913043,0.08695652173913043,0.03260869565217391,0.0,0.0,0.0,0.0,0.0,0.2608695652173913,0.2608695652173913,0.20652173913043478,0.11956521739130435,0.07608695652173914,0.05434782608695652,0.05434782608695652,0.043478260869565216,0.03260869565217391,0.0,0.0,0.0,0.13043478260869565,0.1956521739130435,0.13043478260869565,0.14130434782608695,0.07608695652173914,0.043478260869565216,0.043478260869565216,0.06521739130434782,0.03260869565217391,0.0,0.0,0.09782608695652174,0.08695652173913043,0.08695652173913043,0.09782608695652174,0.09782608695652174,0.10869565217391304,0.043478260869565216,0.10869565217391304,0.021739130434782608,0.0,0.0,0.07608695652173914,0.07608695652173914,0.10869565217391304,0.043478260869565216,0.1956521739130435,0.14130434782608695,0.15217391304347827,0.13043478260869565,0.05434782608695652,0.0,0.0,0.03260869565217391,0.07608695652173914,0.11956521739130435,0.15217391304347827,0.44565217391304346,0.18478260869565216,0.13043478260869565,0.11956521739130435,0.06521739130434782,0.010869565217391304,0.0,0.010869565217391304,0.010869565217391304,0.0,0.021739130434782608,0.021739130434782608,0.09782608695652174,0.15217391304347827,0.043478260869565216,0.08695652173913043,0.10869565217391304,0.043478260869565216,0.021739130434782608,0.0,0.0,0.0,0.08695652173913043,0.010869565217391304,0.0,0.0,0.03260869565217391,0.03260869565217391,0.07608695652173914,0.010869565217391304,0.0,0.010869565217391304,0.16304347826086957,0.05434782608695652,0.06521739130434782,0.03260869565217391,0.0,0.021739130434782608,0.0,0.09782608695652174,0.05434782608695652,0.021739130434782608,0.0,0.06521739130434782,0.0,0.0,0.010869565217391304,0.010869565217391304,0.0,0.0,0.0,0.13791722841419038
2113-01-01,0.15555555555555556,0.15555555555555556,0.15555555555555556,0.1,0.1,0.06666666666666667,0.2777777777777778,0.17777777777777778,0.08888888888888889,0.06666666666666667,0.022222222222222223,0.022222222222222223,0.0,0.022222222222222223,0.6333333333333333,0.32222222222222224,0.13333333333333333,0.05555555555555555,0.044444444444444446,0.03333333333333333,0.011111111111111112,0.0,0.0,0.7555555555555555,0.3888888888888889,0.1111111111111111,0.07777777777777778,0.06666666666666667,0.03333333333333333,0.022222222222222223,0.011111111111111112,0.022222222222222223,0.7888888888888889,0.6333333333333333,0.2111111111111111,0.1,0.05555555555555555,0.07777777777777778,0.06666666666666667,0.07777777777777778,0.022222222222222223,0.25555555555555554,0.3111111111111111,0.18888888888888888,0.2111111111111111,0.12222222222222222,0.044444444444444446,0.13333333333333333,0.1,0.08888888888888889,0.03333333333333333,0.15555555555555556,0.2111111111111111,0.2111111111111111,0.24444444444444444,0.13333333333333333,0.12222222222222222,0.15555555555555556,0.14444444444444443,0.07777777777777778,0.03333333333333333,0.13333333333333333,0.17777777777777778,0.2111111111111111,0.18888888888888888,0.2111111111111111,0.14444444444444443,0.2111111111111111,0.1,0.03333333333333333,0.022222222222222223,0.06666666666666667,0.08888888888888889,0.1111111111111111,0.14444444444444443,0.15555555555555556,0.17777777777777778,0.15555555555555556,0.06666666666666667,0.03333333333333333,0.011111111111111112,0.022222222222222223,0.022222222222222223,0.07777777777777778,0.13333333333333333,0.08888888888888889,0.06666666666666667,0.1,0.05555555555555555,0.022222222222222223,0.022222222222222223,0.0,0.011111111111111112,0.011111111111111112,0.0,0.03333333333333333,0.022222222222222223,0.05555555555555555,0.03333333333333333,0.011111111111111112,0.011111111111111112,0.011111111111111112,0.011111111111111112,0.0,0.0,0.011111111111111112,0.044444444444444446,0.1111111111111111,0.03333333333333333,0.022222222222222223,0.03333333333333333,0.05555555555555555,0.06666666666666667,0.022222222222222223,0.022222222222222223,0.0,0.0,0.0,0.022222222222222223,0.05555555555555555,0.022222222222222223,0.03333333333333333,0.022222222222222223,0.03333333333333333,0.044444444444444446,0.011111111111111112,0.011111111111111112,0.0,0.0,0.022222222222222223,0.011111111111111112,0.07777777777777778,0.011111111111111112,0.011111111111111112,0.011111111111111112,0.011111111111111112,0.03333333333333333,0.022222222222222223,0.022222222222222223,0.03333333333333333,0.0,0.011111111111111112,0.12222222222222222,0.0,0.0,0.011111111111111112,0.03333333333333333,0.07777777777777778,0.044444444444444446,0.05555555555555555,0.03333333333333333,0.011111111111111112,0.011111111111111112,0.07777777777777778,0.13333333333333333,0.0,0.011111111111111112,0.044444444444444446,0.12222222222222222,0.08888888888888889,0.03333333333333333,0.011111111111111112,0.0,0.011111111111111112,0.044444444444444446,0.03333333333333333,0.022222222222222223,0.03333333333333333,0.022222222222222223,0.1111111111111111,0.1,0.1,0.011111111111111112,0.0,0.06666666666666667,0.1111111111111111,0.12222222222222222,0.06666666666666667,0.022222222222222223,0.03333333333333333,0.022222222222222223,0.022222222222222223,0.03333333333333333,0.05555555555555555,0.08888888888888889,0.011111111111111112,0.0,0.1111111111111111,0.12222222222222222,0.2222222222222222,0.16666666666666666,0.05555555555555555,0.022222222222222223,0.05555555555555555,0.022222222222222223,0.03333333333333333,0.05555555555555555,0.14444444444444443,0.022222222222222223,0.044444444444444446,0.044444444444444446,0.05555555555555555,0.044444444444444446,0.03333333333333333,0.07777777777777778,0.1111111111111111,0.05555555555555555,0.12222222222222222,0.06666666666666667,0.011111111111111112,0.06666666666666667,0.06666666666666667,0.03333333333333333,0.07777777777777778,0.06666666666666667,0.044444444444444446,0.044444444444444446,0.07777777777777778,0.05555555555555555,0.11119000898025314
2113-04-01,0.0,0.0,0.02197802197802198,0.02197802197802198,0.02197802197802198,0.0,0.1978021978021978,0.3076923076923077,0.054945054945054944,0.02197802197802198,0.0,0.01098901098901099,0.054945054945054944,0.0,0.2967032967032967,0.5384615384615384,0.43956043956043955,0.17582417582417584,0.0989010989010989,0.054945054945054944,0.04395604395604396,0.04395604395604396,0.0,0.9340659340659341,0.7142857142857143,0.34065934065934067,0.17582417582417584,0.13186813186813187,0.06593406593406594,0.06593406593406594,0.03296703296703297,0.01098901098901099,0.8461538461538461,0.7582417582417582,0.46153846153846156,0.21978021978021978,0.15384615384615385,0.10989010989010989,0.06593406593406594,0.03296703296703297,0.01098901098901099,0.5384615384615384,0.7692307692307693,0.6703296703296703,0.5824175824175825,0.42857142857142855,0.26373626373626374,0.17582417582417584,0.14285714285714285,0.03296703296703297,0.0,0.37362637362637363,0.6593406593406593,0.6153846153846154,0.6043956043956044,0.4945054945054945,0.42857142857142855,0.1978021978021978,0.12087912087912088,0.02197802197802198,0.0,0.24175824175824176,0.46153846153846156,0.5164835164835165,0.5824175824175825,0.4175824175824176,0.38461538461538464,0.2087912087912088,0.13186813186813187,0.054945054945054944,0.02197802197802198,0.02197802197802198,0.0989010989010989,0.27472527472527475,0.3516483516483517,0.43956043956043955,0.4725274725274725,0.4175824175824176,0.18681318681318682,0.06593406593406594,0.02197802197802198,0.02197802197802198,0.06593406593406594,0.06593406593406594,0.27472527472527475,0.5274725274725275,0.32967032967032966,0.3076923076923077,0.2857142857142857,0.12087912087912088,0.03296703296703297,0.02197802197802198,0.02197802197802198,0.15384615384615385,0.15384615384615385,0.14285714285714285,0.0989010989010989,0.12087912087912088,0.34065934065934067,0.15384615384615385,0.0989010989010989,0.10989010989010989,0.08791208791208792,0.04395604395604396,0.02197802197802198,0.02197802197802198,0.13186813186813187,0.12087912087912088,0.2087912087912088,0.2857142857142857,0.18681318681318682,0.2857142857142857,0.24175824175824176,0.17582417582417584,0.12087912087912088,0.07692307692307693,0.07692307692307693,0.03296703296703297,0.03296703296703297,0.2857142857142857,0.25274725274725274,0.38461538461538464,0.2967032967032967,0.2967032967032967,0.1978021978021978,0.17582417582417584,0.12087912087912088,0.054945054945054944,0.04395604395604396,0.01098901098901099,0.0,0.24175824175824176,0.2087912087912088,0.17582417582417584,0.25274725274725274,0.17582417582417584,0.15384615384615385,0.13186813186813187,0.13186813186813187,0.0989010989010989,0.04395604395604396,0.01098901098901099,0.3956043956043956,0.32967032967032966,0.1978021978021978,0.24175824175824176,0.32967032967032966,0.37362637362637363,0.24175824175824176,0.27472527472527475,0.15384615384615385,0.04395604395604396,0.02197802197802198,0.3516483516483517,0.37362637362637363,0.26373626373626374,0.32967032967032966,0.4725274725274725,0.5164835164835165,0.38461538461538464,0.31868131868131866,0.21978021978021978,0.04395604395604396,0.02197802197802198,0.24175824175824176,0.3076923076923077,0.4725274725274725,0.5164835164835165,0.38461538461538464,0.5164835164835165,0.3516483516483517,0.25274725274725274,0.08791208791208792,0.03296703296703297,0.06593406593406594,0.15384615384615385,0.27472527472527475,0.2967032967032967,0.26373626373626374,0.4725274725274725,0.43956043956043955,0.3626373626373626,0.4835164835164835,0.37362637362637363,0.32967032967032966,0.24175824175824176,0.06593406593406594,0.13186813186813187,0.17582417582417584,0.2087912087912088,0.3516483516483517,0.3956043956043956,0.4725274725274725,0.45054945054945056,0.4065934065934066,0.4065934065934066,0.31868131868131866,0.4725274725274725,0.3076923076923077,0.32967032967032966,0.46153846153846156,0.2967032967032967,0.26373626373626374,0.13186813186813187,0.25274725274725274,0.3626373626373626,0.38461538461538464,0.3626373626373626,0.25274725274725274,0.0989010989010989,0.31868131868131866,0.23076923076923078,0.10989010989010989,0.34065934065934067,0.17582417582417584,0.06593406593406594,0.02197802197802198,0.03296703296703297,0.01098901098901099,0.34563225884879967
2113-07-01,0.0,0.0,0.0,0.03260869565217391,0.08695652173913043,0.03260869565217391,0.03260869565217391,0.532608695652174,0.07608695652173914,0.021739130434782608,0.05434782608695652,0.14130434782608695,0.20652173913043478,0.07608695652173914,0.5,0.967391304347826,0.8043478260869565,0.1956521739130435,0.07608695652173914,0.07608695652173914,0.17391304347826086,0.1956521739130435,0.08695652173913043,1.0,1.0,0.20652173913043478,0.06521739130434782,0.06521739130434782,0.08695652173913043,0.13043478260869565,0.22826086956521738,0.06521739130434782,0.967391304347826,0.9130434782608695,0.5108695652173914,0.15217391304347827,0.021739130434782608,0.043478260869565216,0.16304347826086957,0.22826086956521738,0.09782608695652174,0.5869565217391305,0.8695652173913043,0.42391304347826086,0.42391304347826086,0.391304347826087,0.2608695652173913,0.06521739130434782,0.03260869565217391,0.10869565217391304,0.08695652173913043,0.31521739130434784,0.5543478260869565,0.44565217391304346,0.5,0.3804347826086957,0.4891304347826087,0.18478260869565216,0.07608695652173914,0.09782608695652174,0.05434782608695652,0.14130434782608695,0.2717391304347826,0.43478260869565216,0.5760869565217391,0.31521739130434784,0.5869565217391305,0.2608695652173913,0.22826086956521738,0.11956521739130435,0.06521739130434782,0.021739130434782608,0.043478260869565216,0.08695652173913043,0.21739130434782608,0.22826086956521738,0.5978260869565217,0.6630434782608695,0.4782608695652174,0.29347826086956524,0.13043478260869565,0.08695652173913043,0.05434782608695652,0.05434782608695652,0.06521739130434782,0.44565217391304346,0.3695652173913043,0.34782608695652173,0.5108695652173914,0.2826086956521739,0.16304347826086957,0.11956521739130435,0.10869565217391304,0.021739130434782608,0.06521739130434782,0.06521739130434782,0.13043478260869565,0.10869565217391304,0.25,0.29347826086956524,0.31521739130434784,0.3695652173913043,0.34782608695652173,0.2391304347826087,0.18478260869565216,0.13043478260869565,0.05434782608695652,0.07608695652173914,0.08695652173913043,0.32608695652173914,0.2391304347826087,0.358695652173913,0.5217391304347826,0.5,0.4782608695652174,0.5,0.42391304347826086,0.2717391304347826,0.20652173913043478,0.11956521739130435,0.29347826086956524,0.4673913043478261,0.5760869565217391,0.6739130434782609,0.6847826086956522,0.5869565217391305,0.5434782608695652,0.43478260869565216,0.30434782608695654,0.1956521739130435,0.07608695652173914,0.05434782608695652,0.1956521739130435,0.42391304347826086,0.6413043478260869,0.6086956521739131,0.6304347826086957,0.5869565217391305,0.5543478260869565,0.4891304347826087,0.30434782608695654,0.18478260869565216,0.08695652173913043,0.2608695652173913,0.358695652173913,0.5978260869565217,0.6847826086956522,0.8152173913043478,0.7282608695652174,0.6304347826086957,0.42391304347826086,0.2717391304347826,0.13043478260869565,0.03260869565217391,0.29347826086956524,0.5,0.5108695652173914,0.782608695652174,0.8152173913043478,0.7717391304347826,0.7608695652173914,0.4891304347826087,0.31521739130434784,0.11956521739130435,0.0,0.06521739130434782,0.6195652173913043,0.717391304347826,0.6739130434782609,0.7717391304347826,0.7065217391304348,0.6630434782608695,0.45652173913043476,0.2826086956521739,0.0,0.021739130434782608,0.07608695652173914,0.09782608695652174,0.043478260869565216,0.5869565217391305,0.5869565217391305,0.4673913043478261,0.75,0.7717391304347826,0.7065217391304348,0.5760869565217391,0.29347826086956524,0.010869565217391304,0.010869565217391304,0.03260869565217391,0.06521739130434782,0.34782608695652173,0.41304347826086957,0.5,0.6086956521739131,0.7717391304347826,0.7065217391304348,0.21739130434782608,0.11956521739130435,0.29347826086956524,0.6413043478260869,0.717391304347826,0.5434782608695652,0.42391304347826086,0.03260869565217391,0.1956521739130435,0.40217391304347827,0.7282608695652174,0.6195652173913043,0.358695652173913,0.5108695652173914,0.5978260869565217,0.43478260869565216,0.29347826086956524,0.391304347826087,0.1956521739130435,0.09782608695652174,0.10869565217391304,0.05434782608695652,0.5311339529047163
2113-10-01,0.043478260869565216,0.010869565217391304,0.0,0.0,0.0,0.0,0.1956521739130435,0.25,0.043478260869565216,0.021739130434782608,0.0,0.0,0.0,0.0,0.6956521739130435,0.3804347826086957,0.10869565217391304,0.021739130434782608,0.0,0.0,0.0,0.0,0.0,0.8804347826086957,0.532608695652174,0.05434782608695652,0.0,0.0,0.0,0.0,0.0,0.0,0.8369565217391305,0.6413043478260869,0.14130434782608695,0.010869565217391304,0.0,0.0,0.0,0.0,0.0,0.043478260869565216,0.17391304347826086,0.043478260869565216,0.043478260869565216,0.010869565217391304,0.0,0.0,0.0,0.0,0.0,0.03260869565217391,0.043478260869565216,0.043478260869565216,0.043478260869565216,0.010869565217391304,0.0,0.0,0.0,0.0,0.0,0.021739130434782608,0.0,0.021739130434782608,0.021739130434782608,0.0,0.0,0.010869565217391304,0.0,0.0,0.0,0.06521739130434782,0.05434782608695652,0.0,0.021739130434782608,0.0,0.0,0.0,0.0,0.0,0.0,0.0,0.13043478260869565,0.11956521739130435,0.05434782608695652,0.10869565217391304,0.021739130434782608,0.0,0.0,0.0,0.0,0.0,0.0,0.05434782608695652,0.16304347826086957,0.21739130434782608,0.17391304347826086,0.11956521739130435,0.17391304347826086,0.05434782608695652,0.03260869565217391,0.0,0.0,0.0,0.0,0.0,0.16304347826086957,0.20652173913043478,0.29347826086956524,0.30434782608695654,0.21739130434782608,0.22826086956521738,0.14130434782608695,0.08695652173913043,0.06521739130434782,0.0,0.0,0.0,0.0,0.2717391304347826,0.2717391304347826,0.2826086956521739,0.21739130434782608,0.17391304347826086,0.13043478260869565,0.07608695652173914,0.03260869565217391,0.0,0.0,0.0,0.0,0.18478260869565216,0.2608695652173913,0.22826086956521738,0.1956521739130435,0.14130434782608695,0.09782608695652174,0.09782608695652174,0.043478260869565216,0.010869565217391304,0.0,0.0,0.18478260869565216,0.2608695652173913,0.1956521739130435,0.20652173913043478,0.1956521739130435,0.2608695652173913,0.22826086956521738,0.15217391304347827,0.010869565217391304,0.0,0.0,0.13043478260869565,0.2391304347826087,0.2826086956521739,0.22826086956521738,0.358695652173913,0.32608695652173914,0.2826086956521739,0.1956521739130435,0.03260869565217391,0.0,0.0,0.07608695652173914,0.15217391304347827,0.2826086956521739,0.34782608695652173,0.5652173913043478,0.41304347826086957,0.31521739130434784,0.21739130434782608,0.043478260869565216,0.0,0.0,0.010869565217391304,0.021739130434782608,0.021739130434782608,0.08695652173913043,0.17391304347826086,0.13043478260869565,0.18478260869565216,0.18478260869565216,0.20652173913043478,0.20652173913043478,0.07608695652173914,0.021739130434782608,0.0,0.0,0.021739130434782608,0.14130434782608695,0.09782608695652174,0.021739130434782608,0.05434782608695652,0.11956521739130435,0.14130434782608695,0.16304347826086957,0.05434782608695652,0.010869565217391304,0.043478260869565216,0.2391304347826087,0.13043478260869565,0.15217391304347827,0.08695652173913043,0.0,0.03260869565217391,0.021739130434782608,0.1956521739130435,0.13043478260869565,0.08695652173913043,0.05434782608695652,0.14130434782608695,0.06521739130434782,0.03260869565217391,0.07608695652173914,0.05434782608695652,0.010869565217391304,0.043478260869565216,0.0,0.19725875824784364
2114-01-01,0.12222222222222222,0.07777777777777778,0.06666666666666667,0.1111111111111111,0.06666666666666667,0.0,0.24444444444444444,0.16666666666666666,0.03333333333333333,0.03333333333333333,0.022222222222222223,0.022222222222222223,0.011111111111111112,0.0,0.35555555555555557,0.2222222222222222,0.1111111111111111,0.08888888888888889,0.07777777777777778,0.044444444444444446,0.03333333333333333,0.044444444444444446,0.022222222222222223,0.5222222222222223,0.2777777777777778,0.17777777777777778,0.17777777777777778,0.17777777777777778,0.14444444444444443,0.06666666666666667,0.08888888888888889,0.03333333333333333,0.6,0.4666666666666667,0.23333333333333334,0.2111111111111111,0.23333333333333334,0.2,0.08888888888888889,0.07777777777777778,0.022222222222222223,0.2222222222222222,0.32222222222222224,0.28888888888888886,0.25555555555555554,0.2222222222222222,0.2111111111111111,0.24444444444444444,0.1111111111111111,0.05555555555555555,0.022222222222222223,0.12222222222222222,0.2222222222222222,0.24444444444444444,0.2777777777777778,0.28888888888888886,0.2777777777777778,0.25555555555555554,0.1111111111111111,0.07777777777777778,0.05555555555555555,0.12222222222222222,0.2,0.24444444444444444,0.28888888888888886,0.34444444444444444,0.3,0.23333333333333334,0.1111111111111111,0.06666666666666667,0.044444444444444446,0.05555555555555555,0.07777777777777778,0.14444444444444443,0.26666666666666666,0.26666666666666666,0.25555555555555554,0.24444444444444444,0.15555555555555556,0.08888888888888889,0.03333333333333333,0.044444444444444446,0.044444444444444446,0.07777777777777778,0.13333333333333333,0.13333333333333333,0.14444444444444443,0.15555555555555556,0.08888888888888889,0.08888888888888889,0.044444444444444446,0.044444444444444446,0.044444444444444446,0.0,0.044444444444444446,0.03333333333333333,0.011111111111111112,0.044444444444444446,0.022222222222222223,0.022222222222222223,0.03333333333333333,0.03333333333333333,0.06666666666666667,0.03333333333333333,0.044444444444444446,0.044444444444444446,0.06666666666666667,0.06666666666666667,0.06666666666666667,0.03333333333333333,0.0,0.0,0.022222222222222223,0.044444444444444446,0.0,0.0,0.0,0.022222222222222223,0.03333333333333333,0.07777777777777778,0.044444444444444446,0.022222222222222223,0.011111111111111112,0.022222222222222223,0.05555555555555555,0.03333333333333333,0.011111111111111112,0.011111111111111112,0.011111111111111112,0.011111111111111112,0.022222222222222223,0.1,0.044444444444444446,0.022222222222222223,0.011111111111111112,0.0,0.022222222222222223,0.044444444444444446,0.03333333333333333,0.03333333333333333,0.011111111111111112,0.011111111111111112,0.15555555555555556,0.07777777777777778,0.022222222222222223,0.0,0.0,0.03333333333333333,0.022222222222222223,0.03333333333333333,0.011111111111111112,0.011111111111111112,0.0,0.17777777777777778,0.26666666666666666,0.07777777777777778,0.011111111111111112,0.0,0.03333333333333333,0.07777777777777778,0.03333333333333333,0.011111111111111112,0.022222222222222223,0.0,0.15555555555555556,0.07777777777777778,0.1,0.022222222222222223,0.011111111111111112,0.044444444444444446,0.06666666666666667,0.011111111111111112,0.011111111111111112,0.022222222222222223,0.022222222222222223,0.1,0.16666666666666666,0.14444444444444443,0.07777777777777778,0.08888888888888889,0.022222222222222223,0.03333333333333333,0.011111111111111112,0.03333333333333333,0.03333333333333333,0.022222222222222223,0.022222222222222223,0.05555555555555555,0.1111111111111111,0.14444444444444443,0.17777777777777778,0.08888888888888889,0.03333333333333333,0.03333333333333333,0.0,0.0,0.0,0.16666666666666666,0.05555555555555555,0.022222222222222223,0.03333333333333333,0.0,0.0,0.0,0.1111111111111111,0.08888888888888889,0.03333333333333333,0.12222222222222222,0.022222222222222223,0.011111111111111112,0.011111111111111112,0.044444444444444446,0.011111111111111112,0.06666666666666667,0.03333333333333333,0.011111111111111112,0.011111111111111112,0.03333333333333333,0.0,0.09298385273060243
2114-04-01,0.04395604395604396,0.03296703296703297,0.04395604395604396,0.054945054945054944,0.02197802197802198,0.04395604395604396,0.17582417582417584,0.38461538461538464,0.0989010989010989,0.04395604395604396,0.06593406593406594,0.0989010989010989,0.06593406593406594,0.04395604395604396,0.4175824175824176,0.6703296703296703,0.4065934065934066,0.1978021978021978,0.07692307692307693,0.10989010989010989,0.0989010989010989,0.03296703296703297,0.01098901098901099,1.0,0.8241758241758241,0.31868131868131866,0.23076923076923078,0.12087912087912088,0.10989010989010989,0.08791208791208792,0.03296703296703297,0.02197802197802198,0.989010989010989,0.8461538461538461,0.5934065934065934,0.3516483516483517,0.21978021978021978,0.14285714285714285,0.0989010989010989,0.03296703296703297,0.02197802197802198,0.6153846153846154,0.945054945054945,0.8021978021978022,0.7142857142857143,0.5824175824175825,0.3626373626373626,0.25274725274725274,0.15384615384615385,0.08791208791208792,0.08791208791208792,0.3956043956043956,0.8131868131868132,0.7692307692307693,0.7362637362637363,0.5604395604395604,0.5054945054945055,0.25274725274725274,0.08791208791208792,0.13186813186813187,0.10989010989010989,0.3076923076923077,0.6043956043956044,0.6483516483516484,0.6703296703296703,0.4065934065934066,0.42857142857142855,0.16483516483516483,0.08791208791208792,0.10989010989010989,0.08791208791208792,0.16483516483516483,0.26373626373626374,0.34065934065934067,0.4065934065934066,0.38461538461538464,0.4175824175824176,0.37362637362637363,0.15384615384615385,0.03296703296703297,0.07692307692307693,0.08791208791208792,0.07692307692307693,0.16483516483516483,0.23076923076923078,0.5384615384615384,0.23076923076923078,0.2087912087912088,0.16483516483516483,0.054945054945054944,0.03296703296703297,0.07692307692307693,0.08791208791208792,0.18681318681318682,0.16483516483516483,0.13186813186813187,0.06593406593406594,0.0989010989010989,0.16483516483516483,0.07692307692307693,0.03296703296703297,0.07692307692307693,0.02197802197802198,0.02197802197802198,0.04395604395604396,0.03296703296703297,0.24175824175824176,0.26373626373626374,0.31868131868131866,0.26373626373626374,0.13186813186813187,0.14285714285714285,0.14285714285714285,0.08791208791208792,0.054945054945054944,0.10989010989010989,0.10989010989010989,0.03296703296703297,0.0,0.3516483516483517,0.3076923076923077,0.3626373626373626,0.18681318681318682,0.18681318681318682,0.2087912087912088,0.10989010989010989,0.15384615384615385,0.18681318681318682,0.07692307692307693,0.0,0.0,0.12087912087912088,0.15384615384615385,0.24175824175824176,0.16483516483516483,0.13186813186813187,0.15384615384615385,0.14285714285714285,0.1978021978021978,0.1978021978021978,0.08791208791208792,0.01098901098901099,0.27472527472527475,0.2967032967032967,0.12087912087912088,0.2087912087912088,0.26373626373626374,0.3076923076923077,0.25274725274725274,0.23076923076923078,0.2087912087912088,0.054945054945054944,0.01098901098901099,0.21978021978021978,0.25274725274725274,0.3076923076923077,0.23076923076923078,0.37362637362637363,0.3516483516483517,0.2967032967032967,0.34065934065934067,0.2857142857142857,0.07692307692307693,0.02197802197802198,0.1978021978021978,0.18681318681318682,0.5054945054945055,0.4725274725274725,0.34065934065934067,0.42857142857142855,0.3076923076923077,0.27472527472527475,0.18681318681318682,0.06593406593406594,0.17582417582417584,0.23076923076923078,0.2967032967032967,0.3516483516483517,0.18681318681318682,0.38461538461538464,0.2857142857142857,0.27472527472527475,0.4065934065934066,0.2967032967032967,0.32967032967032966,0.26373626373626374,0.06593406593406594,0.21978021978021978,0.1978021978021978,0.23076923076923078,0.31868131868131866,0.31868131868131866,0.32967032967032966,0.34065934065934067,0.38461538461538464,0.3516483516483517,0.3076923076923077,0.37362637362637363,0.17582417582417584,0.23076923076923078,0.38461538461538464,0.34065934065934067,0.26373626373626374,0.0989010989010989,0.21978021978021978,0.27472527472527475,0.31868131868131866,0.34065934065934067,0.2967032967032967,0.07692307692307693,0.2857142857142857,0.21978021978021978,0.10989010989010989,0.3076923076923077,0.1978021978021978,0.10989010989010989,0.01098901098901099,0.02197802197802198,0.01098901098901099,0.3391201232766687
2114-07-01,0.0,0.0,0.0,0.0,0.0,0.0,0.043478260869565216,0.45652173913043476,0.043478260869565216,0.0,0.0,0.021739130434782608,0.08695652173913043,0.010869565217391304,0.29347826086956524,0.9239130434782609,0.6195652173913043,0.07608695652173914,0.0,0.010869565217391304,0.043478260869565216,0.021739130434782608,0.010869565217391304,1.0,0.9130434782608695,0.2826086956521739,0.021739130434782608,0.0,0.0,0.010869565217391304,0.05434782608695652,0.0,1.0,0.7608695652173914,0.43478260869565216,0.10869565217391304,0.021739130434782608,0.021739130434782608,0.14130434782608695,0.18478260869565216,0.0,0.5652173913043478,0.7391304347826086,0.5108695652173914,0.43478260869565216,0.358695652173913,0.18478260869565216,0.043478260869565216,0.043478260869565216,0.010869565217391304,0.0,0.2391304347826087,0.4673913043478261,0.44565217391304346,0.40217391304347827,0.3804347826086957,0.43478260869565216,0.08695652173913043,0.010869565217391304,0.0,0.0,0.11956521739130435,0.2391304347826087,0.29347826086956524,0.41304347826086957,0.21739130434782608,0.44565217391304346,0.17391304347826086,0.043478260869565216,0.010869565217391304,0.0,0.021739130434782608,0.021739130434782608,0.07608695652173914,0.16304347826086957,0.17391304347826086,0.5217391304347826,0.4673913043478261,0.2826086956521739,0.06521739130434782,0.021739130434782608,0.021739130434782608,0.043478260869565216,0.05434782608695652,0.05434782608695652,0.5108695652173914,0.42391304347826086,0.358695652173913,0.2826086956521739,0.05434782608695652,0.021739130434782608,0.03260869565217391,0.010869565217391304,0.03260869565217391,0.05434782608695652,0.06521739130434782,0.08695652173913043,0.08695652173913043,0.2717391304347826,0.2391304347826087,0.20652173913043478,0.2826086956521739,0.05434782608695652,0.07608695652173914,0.05434782608695652,0.021739130434782608,0.03260869565217391,0.06521739130434782,0.07608695652173914,0.15217391304347827,0.22826086956521738,0.21739130434782608,0.32608695652173914,0.29347826086956524,0.40217391304347827,0.29347826086956524,0.22826086956521738,0.11956521739130435,0.043478260869565216,0.17391304347826086,0.2608695652173913,0.391304347826087,0.2826086956521739,0.3695652173913043,0.5652173913043478,0.5978260869565217,0.42391304347826086,0.32608695652173914,0.11956521739130435,0.03260869565217391,0.010869565217391304,0.05434782608695652,0.2391304347826087,0.29347826086956524,0.30434782608695654,0.2391304347826087,0.40217391304347827,0.5869565217391305,0.5434782608695652,0.4891304347826087,0.16304347826086957,0.021739130434782608,0.11956521739130435,0.22826086956521738,0.20652173913043478,0.3804347826086957,0.391304347826087,0.7717391304347826,0.8152173913043478,0.7608695652173914,0.40217391304347827,0.10869565217391304,0.021739130434782608,0.043478260869565216,0.1956521739130435,0.3804347826086957,0.40217391304347827,0.6956521739130435,0.8152173913043478,0.8586956521739131,0.8043478260869565,0.6086956521739131,0.1956521739130435,0.07608695652173914,0.03260869565217391,0.06521739130434782,0.6413043478260869,0.6630434782608695,0.5869565217391305,0.8369565217391305,0.782608695652174,0.7282608695652174,0.43478260869565216,0.09782608695652174,0.010869565217391304,0.021739130434782608,0.07608695652173914,0.10869565217391304,0.05434782608695652,0.5652173913043478,0.5543478260869565,0.4673913043478261,0.8260869565217391,0.8152173913043478,0.782608695652174,0.6195652173913043,0.22826086956521738,0.043478260869565216,0.021739130434782608,0.03260869565217391,0.11956521739130435,0.43478260869565216,0.5,0.6195652173913043,0.6739130434782609,0.8043478260869565,0.7608695652173914,0.2826086956521739,0.16304347826086957,0.42391304347826086,0.7391304347826086,0.7608695652173914,0.5869565217391305,0.3804347826086957,0.06521739130434782,0.2608695652173913,0.45652173913043476,0.8043478260869565,0.5760869565217391,0.31521739130434784,0.5978260869565217,0.5543478260869565,0.2608695652173913,0.30434782608695654,0.3804347826086957,0.16304347826086957,0.05434782608695652,0.05434782608695652,0.021739130434782608,0.5238456119591895
2114-10-01,0.0,0.0,0.0,0.0,0.0,0.0,0.05434782608695652,0.13043478260869565,0.010869565217391304,0.0,0.0,0.0,0.0,0.0,0.44565217391304346,0.25,0.09782608695652174,0.0,0.0,0.0,0.0,0.0,0.0,0.6847826086956522,0.2717391304347826,0.07608695652173914,0.010869565217391304,0.0,0.0,0.0,0.0,0.0,0.6739130434782609,0.42391304347826086,0.07608695652173914,0.010869565217391304,0.0,0.0,0.0,0.0,0.0,0.03260869565217391,0.20652173913043478,0.043478260869565216,0.010869565217391304,0.021739130434782608,0.0,0.0,0.0,0.0,0.0,0.043478260869565216,0.05434782608695652,0.010869565217391304,0.010869565217391304,0.0,0.0,0.0,0.0,0.0,0.0,0.010869565217391304,0.010869565217391304,0.0,0.0,0.0,0.0,0.010869565217391304,0.0,0.0,0.0,0.03260869565217391,0.021739130434782608,0.010869565217391304,0.0,0.0,0.0,0.0,0.0,0.0,0.0,0.0,0.05434782608695652,0.010869565217391304,0.03260869565217391,0.06521739130434782,0.03260869565217391,0.0,0.0,0.0,0.0,0.0,0.0,0.03260869565217391,0.07608695652173914,0.14130434782608695,0.07608695652173914,0.03260869565217391,0.09782608695652174,0.043478260869565216,0.0,0.0,0.0,0.0,0.0,0.0,0.03260869565217391,0.15217391304347827,0.16304347826086957,0.17391304347826086,0.11956521739130435,0.15217391304347827,0.10869565217391304,0.05434782608695652,0.010869565217391304,0.0,0.0,0.0,0.0,0.11956521739130435,0.15217391304347827,0.1956521739130435,0.16304347826086957,0.15217391304347827,0.07608695652173914,0.043478260869565216,0.010869565217391304,0.0,0.0,0.0,0.0,0.03260869565217391,0.08695652173913043,0.16304347826086957,0.16304347826086957,0.09782608695652174,0.07608695652173914,0.05434782608695652,0.03260869565217391,0.0,0.0,0.0,0.03260869565217391,0.07608695652173914,0.08695652173913043,0.09782608695652174,0.13043478260869565,0.10869565217391304,0.09782608695652174,0.043478260869565216,0.010869565217391304,0.0,0.0,0.021739130434782608,0.07608695652173914,0.13043478260869565,0.11956521739130435,0.20652173913043478,0.14130434782608695,0.08695652173913043,0.06521739130434782,0.021739130434782608,0.0,0.0,0.0,0.05434782608695652,0.21739130434782608,0.31521739130434784,0.5434782608695652,0.2717391304347826,0.10869565217391304,0.021739130434782608,0.010869565217391304,0.0,0.010869565217391304,0.010869565217391304,0.0,0.0,0.021739130434782608,0.08695652173913043,0.20652173913043478,0.2826086956521739,0.14130434782608695,0.09782608695652174,0.043478260869565216,0.0,0.0,0.010869565217391304,0.0,0.0,0.06521739130434782,0.07608695652173914,0.05434782608695652,0.06521739130434782,0.08695652173913043,0.05434782608695652,0.010869565217391304,0.07608695652173914,0.03260869565217391,0.03260869565217391,0.2717391304347826,0.06521739130434782,0.03260869565217391,0.0,0.03260869565217391,0.05434782608695652,0.043478260869565216,0.14130434782608695,0.043478260869565216,0.0,0.07608695652173914,0.05434782608695652,0.010869565217391304,0.043478260869565216,0.03260869565217391,0.010869565217391304,0.0,0.0,0.0,0.12552152005807266
2115-01-01,0.06666666666666667,0.05555555555555555,0.06666666666666667,0.06666666666666667,0.06666666666666667,0.022222222222222223,0.18888888888888888,0.08888888888888889,0.05555555555555555,0.03333333333333333,0.022222222222222223,0.011111111111111112,0.011111111111111112,0.0,0.5777777777777777,0.18888888888888888,0.1111111111111111,0.1111111111111111,0.1,0.07777777777777778,0.011111111111111112,0.0,0.0,0.7555555555555555,0.35555555555555557,0.16666666666666666,0.16666666666666666,0.16666666666666666,0.14444444444444443,0.1,0.022222222222222223,0.022222222222222223,0.8222222222222222,0.6222222222222222,0.26666666666666666,0.2,0.2111111111111111,0.24444444444444444,0.15555555555555556,0.08888888888888889,0.022222222222222223,0.13333333333333333,0.2,0.17777777777777778,0.2,0.23333333333333334,0.16666666666666666,0.2222222222222222,0.15555555555555556,0.13333333333333333,0.044444444444444446,0.06666666666666667,0.15555555555555556,0.17777777777777778,0.18888888888888888,0.24444444444444444,0.2222222222222222,0.18888888888888888,0.2,0.18888888888888888,0.06666666666666667,0.044444444444444446,0.07777777777777778,0.12222222222222222,0.17777777777777778,0.25555555555555554,0.24444444444444444,0.2,0.17777777777777778,0.12222222222222222,0.044444444444444446,0.0,0.044444444444444446,0.03333333333333333,0.12222222222222222,0.12222222222222222,0.17777777777777778,0.23333333333333334,0.18888888888888888,0.12222222222222222,0.05555555555555555,0.011111111111111112,0.0,0.022222222222222223,0.03333333333333333,0.044444444444444446,0.05555555555555555,0.14444444444444443,0.16666666666666666,0.1111111111111111,0.044444444444444446,0.022222222222222223,0.011111111111111112,0.0,0.0,0.0,0.011111111111111112,0.022222222222222223,0.011111111111111112,0.022222222222222223,0.03333333333333333,0.022222222222222223,0.022222222222222223,0.011111111111111112,0.011111111111111112,0.011111111111111112,0.0,0.03333333333333333,0.011111111111111112,0.022222222222222223,0.022222222222222223,0.011111111111111112,0.011111111111111112,0.0,0.0,0.011111111111111112,0.0,0.011111111111111112,0.0,0.022222222222222223,0.011111111111111112,0.011111111111111112,0.0,0.0,0.0,0.0,0.011111111111111112,0.0,0.0,0.0,0.0,0.06666666666666667,0.022222222222222223,0.0,0.0,0.0,0.0,0.0,0.022222222222222223,0.022222222222222223,0.0,0.0,0.12222222222222222,0.05555555555555555,0.011111111111111112,0.0,0.0,0.0,0.0,0.044444444444444446,0.011111111111111112,0.0,0.0,0.1111111111111111,0.07777777777777778,0.03333333333333333,0.022222222222222223,0.011111111111111112,0.0,0.03333333333333333,0.011111111111111112,0.0,0.0,0.0,0.05555555555555555,0.011111111111111112,0.03333333333333333,0.05555555555555555,0.022222222222222223,0.011111111111111112,0.022222222222222223,0.0,0.0,0.0,0.022222222222222223,0.08888888888888889,0.1111111111111111,0.05555555555555555,0.011111111111111112,0.022222222222222223,0.03333333333333333,0.011111111111111112,0.0,0.011111111111111112,0.0,0.0,0.0,0.06666666666666667,0.05555555555555555,0.1111111111111111,0.1,0.044444444444444446,0.03333333333333333,0.03333333333333333,0.0,0.0,0.011111111111111112,0.08888888888888889,0.0,0.022222222222222223,0.0,0.0,0.011111111111111112,0.0,0.044444444444444446,0.011111111111111112,0.022222222222222223,0.03333333333333333,0.011111111111111112,0.0,0.0,0.022222222222222223,0.0,0.03333333333333333,0.0,0.0,0.0,0.0,0.0,0.07656103184194703
2115-04-01,0.01098901098901099,0.01098901098901099,0.02197802197802198,0.03296703296703297,0.03296703296703297,0.054945054945054944,0.14285714285714285,0.3626373626373626,0.0989010989010989,0.054945054945054944,0.054945054945054944,0.06593406593406594,0.054945054945054944,0.06593406593406594,0.25274725274725274,0.5494505494505495,0.5164835164835165,0.2857142857142857,0.17582417582417584,0.12087912087912088,0.07692307692307693,0.06593406593406594,0.03296703296703297,0.945054945054945,0.7142857142857143,0.4065934065934066,0.2967032967032967,0.21978021978021978,0.17582417582417584,0.0989010989010989,0.08791208791208792,0.06593406593406594,0.945054945054945,0.8681318681318682,0.6593406593406593,0.3626373626373626,0.2087912087912088,0.16483516483516483,0.12087912087912088,0.0989010989010989,0.06593406593406594,0.6593406593406593,0.8681318681318682,0.8461538461538461,0.8571428571428571,0.6263736263736264,0.38461538461538464,0.3076923076923077,0.21978021978021978,0.13186813186813187,0.0989010989010989,0.4835164835164835,0.7692307692307693,0.7912087912087912,0.8351648351648352,0.7252747252747253,0.6153846153846154,0.37362637362637363,0.31868131868131866,0.15384615384615385,0.12087912087912088,0.37362637362637363,0.5824175824175825,0.6923076923076923,0.7472527472527473,0.5604395604395604,0.5934065934065934,0.4175824175824176,0.31868131868131866,0.15384615384615385,0.10989010989010989,0.08791208791208792,0.25274725274725274,0.3956043956043956,0.5494505494505495,0.6043956043956044,0.6263736263736264,0.4945054945054945,0.34065934065934067,0.27472527472527475,0.16483516483516483,0.07692307692307693,0.14285714285714285,0.2087912087912088,0.31868131868131866,0.6593406593406593,0.43956043956043955,0.3956043956043956,0.4175824175824176,0.18681318681318682,0.14285714285714285,0.08791208791208792,0.03296703296703297,0.1978021978021978,0.1978021978021978,0.2087912087912088,0.27472527472527475,0.27472527472527475,0.34065934065934067,0.21978021978021978,0.26373626373626374,0.26373626373626374,0.16483516483516483,0.12087912087912088,0.10989010989010989,0.03296703296703297,0.1978021978021978,0.2087912087912088,0.27472527472527475,0.45054945054945056,0.38461538461538464,0.3626373626373626,0.34065934065934067,0.2967032967032967,0.3076923076923077,0.18681318681318682,0.13186813186813187,0.06593406593406594,0.04395604395604396,0.3956043956043956,0.3956043956043956,0.4835164835164835,0.4065934065934066,0.32967032967032966,0.37362637362637363,0.2967032967032967,0.21978021978021978,0.12087912087912088,0.08791208791208792,0.02197802197802198,0.0,0.27472527472527475,0.3516483516483517,0.38461538461538464,0.38461538461538464,0.2857142857142857,0.34065934065934067,0.32967032967032966,0.24175824175824176,0.16483516483516483,0.07692307692307693,0.03296703296703297,0.3626373626373626,0.46153846153846156,0.2967032967032967,0.3626373626373626,0.4175824175824176,0.5494505494505495,0.3956043956043956,0.3076923076923077,0.18681318681318682,0.06593406593406594,0.01098901098901099,0.3516483516483517,0.4175824175824176,0.45054945054945056,0.42857142857142855,0.6483516483516484,0.5274725274725275,0.43956043956043955,0.38461538461538464,0.25274725274725274,0.054945054945054944,0.03296703296703297,0.2967032967032967,0.3516483516483517,0.5934065934065934,0.7142857142857143,0.5714285714285714,0.5164835164835165,0.4175824175824176,0.24175824175824176,0.16483516483516483,0.0989010989010989,0.12087912087912088,0.18681318681318682,0.2857142857142857,0.34065934065934067,0.37362637362637363,0.6263736263736264,0.5934065934065934,0.5054945054945055,0.5384615384615384,0.3626373626373626,0.2967032967032967,0.23076923076923078,0.07692307692307693,0.15384615384615385,0.2087912087912088,0.23076923076923078,0.5274725274725275,0.5384615384615384,0.5604395604395604,0.5494505494505495,0.5274725274725275,0.4065934065934066,0.26373626373626374,0.5824175824175825,0.32967032967032966,0.43956043956043955,0.5714285714285714,0.38461538461538464,0.27472527472527475,0.1978021978021978,0.4175824175824176,0.4945054945054945,0.5604395604395604,0.43956043956043955,0.34065934065934067,0.18681318681318682,0.38461538461538464,0.31868131868131866,0.15384615384615385,0.32967032967032966,0.26373626373626374,0.12087912087912088,0.06593406593406594,0.06593406593406594,0.02197802197802198,0.42119753486970657
2115-07-01,0.0,0.0,0.0,0.03260869565217391,0.06521739130434782,0.03260869565217391,0.15217391304347827,0.717391304347826,0.16304347826086957,0.043478260869565216,0.043478260869565216,0.09782608695652174,0.18478260869565216,0.10869565217391304,0.6739130434782609,1.0,0.7282608695652174,0.2717391304347826,0.08695652173913043,0.043478260869565216,0.11956521739130435,0.07608695652173914,0.03260869565217391,1.0,1.0,0.30434782608695654,0.14130434782608695,0.08695652173913043,0.05434782608695652,0.09782608695652174,0.09782608695652174,0.021739130434782608,0.967391304347826,0.8478260869565217,0.45652173913043476,0.14130434782608695,0.043478260869565216,0.07608695652173914,0.18478260869565216,0.21739130434782608,0.03260869565217391,0.717391304347826,0.9347826086956522,0.5217391304347826,0.5,0.45652173913043476,0.3695652173913043,0.15217391304347827,0.043478260869565216,0.03260869565217391,0.021739130434782608,0.34782608695652173,0.6086956521739131,0.532608695652174,0.532608695652174,0.34782608695652173,0.5760869565217391,0.17391304347826086,0.03260869565217391,0.021739130434782608,0.021739130434782608,0.15217391304347827,0.1956521739130435,0.40217391304347827,0.4673913043478261,0.1956521739130435,0.4673913043478261,0.18478260869565216,0.11956521739130435,0.08695652173913043,0.043478260869565216,0.13043478260869565,0.11956521739130435,0.09782608695652174,0.1956521739130435,0.15217391304347827,0.44565217391304346,0.40217391304347827,0.2717391304347826,0.14130434782608695,0.08695652173913043,0.05434782608695652,0.18478260869565216,0.21739130434782608,0.17391304347826086,0.6956521739130435,0.40217391304347827,0.18478260869565216,0.25,0.16304347826086957,0.10869565217391304,0.11956521739130435,0.09782608695652174,0.03260869565217391,0.11956521739130435,0.2608695652173913,0.2391304347826087,0.16304347826086957,0.4673913043478261,0.5434782608695652,0.358695652173913,0.25,0.21739130434782608,0.21739130434782608,0.20652173913043478,0.10869565217391304,0.03260869565217391,0.09782608695652174,0.2826086956521739,0.391304347826087,0.45652173913043476,0.5434782608695652,0.6195652173913043,0.6304347826086957,0.5108695652173914,0.42391304347826086,0.33695652173913043,0.2717391304347826,0.15217391304347827,0.2717391304347826,0.358695652173913,0.5978260869565217,0.532608695652174,0.6956521739130435,0.8043478260869565,0.6739130434782609,0.5869565217391305,0.44565217391304346,0.2826086956521739,0.14130434782608695,0.06521739130434782,0.16304347826086957,0.32608695652173914,0.45652173913043476,0.5217391304347826,0.45652173913043476,0.5869565217391305,0.6847826086956522,0.6304347826086957,0.4782608695652174,0.32608695652173914,0.18478260869565216,0.13043478260869565,0.3804347826086957,0.40217391304347827,0.5543478260869565,0.5978260869565217,0.8260869565217391,0.7391304347826086,0.6521739130434783,0.4782608695652174,0.30434782608695654,0.11956521739130435,0.05434782608695652,0.3695652173913043,0.4673913043478261,0.5869565217391305,0.8478260869565217,0.8369565217391305,0.7934782608695652,0.7065217391304348,0.5869565217391305,0.40217391304347827,0.22826086956521738,0.03260869565217391,0.16304347826086957,0.6956521739130435,0.7608695652173914,0.7065217391304348,0.8043478260869565,0.75,0.6195652173913043,0.5,0.31521739130434784,0.0,0.0,0.05434782608695652,0.043478260869565216,0.13043478260869565,0.6521739130434783,0.6195652173913043,0.6304347826086957,0.75,0.7282608695652174,0.6739130434782609,0.5869565217391305,0.40217391304347827,0.0,0.010869565217391304,0.05434782608695652,0.16304347826086957,0.4891304347826087,0.4891304347826087,0.5543478260869565,0.5760869565217391,0.7934782608695652,0.6956521739130435,0.32608695652173914,0.13043478260869565,0.358695652173913,0.5652173913043478,0.6521739130434783,0.6195652173913043,0.4673913043478261,0.10869565217391304,0.2717391304347826,0.3804347826086957,0.6195652173913043,0.6195652173913043,0.42391304347826086,0.40217391304347827,0.45652173913043476,0.358695652173913,0.2717391304347826,0.2717391304347826,0.1956521739130435,0.11956521739130435,0.08695652173913043,0.08695652173913043,0.5356344863909008
2115-10-01,0.05434782608695652,0.021739130434782608,0.0,0.0,0.0,0.0,0.10869565217391304,0.08695652173913043,0.043478260869565216,0.03260869565217391,0.021739130434782608,0.0,0.0,0.0,0.5,0.2717391304347826,0.043478260869565216,0.010869565217391304,0.021739130434782608,0.010869565217391304,0.0,0.0,0.0,0.7391304347826086,0.358695652173913,0.03260869565217391,0.010869565217391304,0.021739130434782608,0.010869565217391304,0.010869565217391304,0.0,0.0,0.782608695652174,0.5217391304347826,0.07608695652173914,0.010869565217391304,0.0,0.010869565217391304,0.0,0.0,0.0,0.010869565217391304,0.18478260869565216,0.05434782608695652,0.043478260869565216,0.021739130434782608,0.0,0.0,0.0,0.0,0.0,0.010869565217391304,0.021739130434782608,0.03260869565217391,0.03260869565217391,0.0,0.0,0.0,0.0,0.0,0.0,0.021739130434782608,0.0,0.0,0.043478260869565216,0.0,0.0,0.021739130434782608,0.0,0.0,0.0,0.03260869565217391,0.03260869565217391,0.0,0.0,0.0,0.03260869565217391,0.021739130434782608,0.0,0.0,0.0,0.0,0.06521739130434782,0.06521739130434782,0.021739130434782608,0.09782608695652174,0.0,0.03260869565217391,0.021739130434782608,0.0,0.0,0.0,0.0,0.021739130434782608,0.06521739130434782,0.16304347826086957,0.17391304347826086,0.08695652173913043,0.18478260869565216,0.08695652173913043,0.03260869565217391,0.021739130434782608,0.0,0.0,0.0,0.0,0.03260869565217391,0.11956521739130435,0.21739130434782608,0.31521739130434784,0.18478260869565216,0.22826086956521738,0.20652173913043478,0.11956521739130435,0.06521739130434782,0.021739130434782608,0.0,0.0,0.0,0.1956521739130435,0.29347826086956524,0.32608695652173914,0.30434782608695654,0.2717391304347826,0.18478260869565216,0.10869565217391304,0.03260869565217391,0.010869565217391304,0.0,0.0,0.0,0.09782608695652174,0.2608695652173913,0.2826086956521739,0.2826086956521739,0.22826086956521738,0.18478260869565216,0.11956521739130435,0.05434782608695652,0.021739130434782608,0.0,0.0,0.08695652173913043,0.18478260869565216,0.2391304347826087,0.1956521739130435,0.25,0.22826086956521738,0.15217391304347827,0.09782608695652174,0.06521739130434782,0.03260869565217391,0.0,0.06521739130434782,0.11956521739130435,0.25,0.18478260869565216,0.2826086956521739,0.22826086956521738,0.1956521739130435,0.15217391304347827,0.09782608695652174,0.03260869565217391,0.010869565217391304,0.0,0.06521739130434782,0.31521739130434784,0.21739130434782608,0.5108695652173914,0.22826086956521738,0.1956521739130435,0.11956521739130435,0.06521739130434782,0.043478260869565216,0.0,0.0,0.0,0.0,0.010869565217391304,0.09782608695652174,0.05434782608695652,0.10869565217391304,0.14130434782608695,0.13043478260869565,0.05434782608695652,0.043478260869565216,0.03260869565217391,0.0,0.0,0.010869565217391304,0.043478260869565216,0.021739130434782608,0.0,0.03260869565217391,0.07608695652173914,0.07608695652173914,0.043478260869565216,0.010869565217391304,0.0,0.010869565217391304,0.10869565217391304,0.03260869565217391,0.010869565217391304,0.010869565217391304,0.0,0.0,0.010869565217391304,0.08695652173913043,0.021739130434782608,0.010869565217391304,0.021739130434782608,0.010869565217391304,0.010869565217391304,0.03260869565217391,0.0,0.0,0.010869565217391304,0.0,0.0,0.13777566106807007
